  0.0000E+00  0.0000E+00  0.0000E+00  0.0000E+00  0.0000E+00  0.0000E+00
  0.0000E+00  0.0000E+00  0.0000E+00  0.0000E+00  0.0000E+00  0.0000E+00
  0.0000E+00  0.0000E+00  0.0000E+00  0.0000E+00  0.0000E+00  0.0000E+00
  0.0000E+00  0.0000E+00  0.0000E+00  0.0000E+00  0.0000E+00  0.0000E+00
  0.0000E+00  0.0000E+00  0.0000E+00  0.0000E+00  0.0000E+00  0.0000E+00
  0.0000E+00  0.0000E+00  0.0000E+00  0.0000E+00  0.0000E+00  0.0000E+00
  0.0000E+00  0.0000E+00  0.0000E+00  0.0000E+00  0.0000E+00  0.0000E+00
  0.0000E+00  0.0000E+00  0.0000E+00  0.0000E+00  0.0000E+00  0.0000E+00
  0.0000E+00  0.0000E+00  0.0000E+00  0.0000E+00  0.0000E+00  0.2482E-10
  0.3428E-09  0.4157E-08  0.4415E-07  0.4092E-06  0.3293E-05  0.2283E-04
  0.1335E-03  0.6300E-03  0.2261E-02  0.5989E-02  0.1208E-01  0.1991E-01
  0.2894E-01  0.4036E-01  0.6378E-01  0.1124E+00  0.0000E+00  0.0000E+00
  0.0000E+00  0.0000E+00  0.0000E+00  0.0000E+00  0.0000E+00  0.0000E+00
  0.0000E+00  0.0000E+00  0.0000E+00  0.0000E+00  0.0000E+00  0.0000E+00
  0.0000E+00  0.0000E+00  0.0000E+00  0.0000E+00  0.0000E+00  0.0000E+00
  0.0000E+00  0.0000E+00  0.0000E+00  0.0000E+00  0.0000E+00  0.0000E+00
  0.0000E+00  0.0000E+00  0.0000E+00  0.0000E+00  0.0000E+00  0.0000E+00
  0.0000E+00  0.0000E+00  0.0000E+00  0.0000E+00  0.0000E+00  0.0000E+00
  0.0000E+00  0.0000E+00  0.0000E+00  0.0000E+00  0.0000E+00  0.0000E+00
  0.0000E+00  0.0000E+00  0.0000E+00  0.0000E+00  0.0000E+00  0.0000E+00
  0.0000E+00  0.0000E+00  0.7747E-10  0.6845E-09  0.5579E-08  0.4178E-07
  0.2863E-06  0.1786E-05  0.1007E-04  0.5076E-04  0.2228E-03  0.8176E-03
  0.2395E-02  0.5521E-02  0.1030E-01  0.1642E-01  0.2361E-01  0.3253E-01
  0.4675E-01  0.6780E-01  0.1109E+00  0.5133E+00  0.0000E+00  0.0000E+00
  0.0000E+00  0.0000E+00  0.0000E+00  0.0000E+00  0.0000E+00  0.0000E+00
  0.0000E+00  0.0000E+00  0.0000E+00  0.0000E+00  0.0000E+00  0.0000E+00
  0.0000E+00  0.0000E+00  0.0000E+00  0.0000E+00  0.0000E+00  0.0000E+00
  0.0000E+00  0.0000E+00  0.0000E+00  0.0000E+00  0.0000E+00  0.0000E+00
  0.0000E+00  0.0000E+00  0.0000E+00  0.0000E+00  0.0000E+00  0.0000E+00
  0.0000E+00  0.0000E+00  0.0000E+00  0.0000E+00  0.0000E+00  0.0000E+00
  0.0000E+00  0.0000E+00  0.0000E+00  0.0000E+00  0.0000E+00  0.0000E+00
  0.0000E+00  0.0000E+00  0.0000E+00  0.0000E+00  0.2964E-10  0.1999E-09
  0.1276E-08  0.7694E-08  0.4370E-07  0.2330E-06  0.1163E-05  0.5405E-05
  0.2325E-04  0.9135E-04  0.3206E-03  0.9713E-03  0.2456E-02  0.5122E-02
  0.8987E-02  0.1376E-01  0.1913E-01  0.2524E-01  0.3356E-01  0.4914E-01
  0.7188E-01  0.1218E+00  0.1040E+00  0.0000E+00  0.0000E+00  0.0000E+00
  0.0000E+00  0.0000E+00  0.0000E+00  0.0000E+00  0.0000E+00  0.0000E+00
  0.0000E+00  0.0000E+00  0.0000E+00  0.0000E+00  0.0000E+00  0.0000E+00
  0.0000E+00  0.0000E+00  0.0000E+00  0.0000E+00  0.0000E+00  0.0000E+00
  0.0000E+00  0.0000E+00  0.0000E+00  0.0000E+00  0.0000E+00  0.0000E+00
  0.0000E+00  0.0000E+00  0.0000E+00  0.0000E+00  0.0000E+00  0.0000E+00
  0.0000E+00  0.0000E+00  0.0000E+00  0.0000E+00  0.0000E+00  0.0000E+00
  0.0000E+00  0.0000E+00  0.0000E+00  0.0000E+00  0.0000E+00  0.0000E+00
  0.0000E+00  0.1394E-10  0.8532E-10  0.4968E-09  0.2748E-08  0.1441E-07
  0.7152E-07  0.3353E-06  0.1481E-05  0.6142E-05  0.2378E-04  0.8504E-04
  0.2759E-03  0.7897E-03  0.1935E-02  0.4000E-02  0.7050E-02  0.1089E-01
  0.1526E-01  0.2007E-01  0.2583E-01  0.3435E-01  0.5045E-01  0.7377E-01
  0.1237E+00  0.9584E-03  0.0000E+00  0.0000E+00  0.0000E+00  0.0000E+00
  0.0000E+00  0.0000E+00  0.0000E+00  0.0000E+00  0.0000E+00  0.0000E+00
  0.0000E+00  0.0000E+00  0.0000E+00  0.0000E+00  0.0000E+00  0.0000E+00
  0.0000E+00  0.0000E+00  0.0000E+00  0.0000E+00  0.0000E+00  0.0000E+00
  0.0000E+00  0.0000E+00  0.0000E+00  0.0000E+00  0.0000E+00  0.0000E+00
  0.0000E+00  0.0000E+00  0.0000E+00  0.0000E+00  0.0000E+00  0.0000E+00
  0.0000E+00  0.0000E+00  0.0000E+00  0.0000E+00  0.0000E+00  0.0000E+00
  0.0000E+00  0.0000E+00  0.0000E+00  0.0000E+00  0.0000E+00  0.0000E+00
  0.5060E-10  0.2885E-09  0.1562E-08  0.8022E-08  0.3904E-07  0.1797E-06
  0.7816E-06  0.3203E-05  0.1232E-04  0.4418E-04  0.1459E-03  0.4343E-03
  0.1133E-02  0.2529E-02  0.4808E-02  0.7926E-02  0.1166E-01  0.1580E-01
  0.2038E-01  0.2606E-01  0.3464E-01  0.5071E-01  0.7402E-01  0.1237E+00
  0.3808E-04  0.0000E+00  0.0000E+00  0.0000E+00  0.0000E+00  0.0000E+00
  0.0000E+00  0.0000E+00  0.0000E+00  0.0000E+00  0.0000E+00  0.0000E+00
  0.0000E+00  0.0000E+00  0.0000E+00  0.0000E+00  0.0000E+00  0.0000E+00
  0.0000E+00  0.0000E+00  0.0000E+00  0.0000E+00  0.0000E+00  0.0000E+00
  0.0000E+00  0.0000E+00  0.0000E+00  0.0000E+00  0.0000E+00  0.0000E+00
  0.0000E+00  0.0000E+00  0.0000E+00  0.0000E+00  0.0000E+00  0.0000E+00
  0.0000E+00  0.0000E+00  0.0000E+00  0.0000E+00  0.0000E+00  0.0000E+00
  0.0000E+00  0.0000E+00  0.0000E+00  0.0000E+00  0.1609E-10  0.9442E-10
  0.5248E-09  0.2761E-08  0.1375E-07  0.6473E-07  0.2879E-06  0.1208E-05
  0.4768E-05  0.1765E-04  0.6083E-04  0.1924E-03  0.5463E-03  0.1355E-02
  0.2881E-02  0.5251E-02  0.8373E-02  0.1203E-01  0.1604E-01  0.2051E-01
  0.2616E-01  0.3477E-01  0.5077E-01  0.7404E-01  0.1236E+00  0.1369E-04
  0.0000E+00  0.0000E+00  0.0000E+00  0.0000E+00  0.0000E+00  0.0000E+00
  0.0000E+00  0.0000E+00  0.0000E+00  0.0000E+00  0.0000E+00  0.0000E+00
  0.0000E+00  0.0000E+00  0.0000E+00  0.0000E+00  0.0000E+00  0.0000E+00
  0.0000E+00  0.0000E+00  0.0000E+00  0.0000E+00  0.0000E+00  0.0000E+00
  0.0000E+00  0.0000E+00  0.0000E+00  0.0000E+00  0.0000E+00  0.0000E+00
  0.0000E+00  0.0000E+00  0.0000E+00  0.0000E+00  0.0000E+00  0.0000E+00
  0.0000E+00  0.0000E+00  0.0000E+00  0.0000E+00  0.0000E+00  0.0000E+00
  0.0000E+00  0.0000E+00  0.0000E+00  0.2122E-10  0.1252E-09  0.6971E-09
  0.3663E-08  0.1816E-07  0.8487E-07  0.3737E-06  0.1549E-05  0.6026E-05
  0.2193E-04  0.7407E-04  0.2288E-03  0.6318E-03  0.1520E-02  0.3134E-02
  0.5563E-02  0.8690E-02  0.1230E-01  0.1623E-01  0.2064E-01  0.2628E-01
  0.3491E-01  0.5086E-01  0.7409E-01  0.1235E+00  0.4828E-05  0.0000E+00
  0.0000E+00  0.0000E+00  0.0000E+00  0.0000E+00  0.0000E+00  0.0000E+00
  0.0000E+00  0.0000E+00  0.0000E+00  0.0000E+00  0.0000E+00  0.0000E+00
  0.0000E+00  0.0000E+00  0.0000E+00  0.0000E+00  0.0000E+00  0.0000E+00
  0.0000E+00  0.0000E+00  0.0000E+00  0.0000E+00  0.0000E+00  0.0000E+00
  0.0000E+00  0.0000E+00  0.0000E+00  0.0000E+00  0.0000E+00  0.0000E+00
  0.0000E+00  0.0000E+00  0.0000E+00  0.0000E+00  0.0000E+00  0.0000E+00
  0.0000E+00  0.0000E+00  0.0000E+00  0.0000E+00  0.0000E+00  0.0000E+00
  0.0000E+00  0.0000E+00  0.2158E-10  0.1292E-09  0.7286E-09  0.3870E-08
  0.1936E-07  0.9115E-07  0.4035E-06  0.1678E-05  0.6540E-05  0.2379E-04
  0.8012E-04  0.2461E-03  0.6738E-03  0.1603E-02  0.3264E-02  0.5726E-02
  0.8859E-02  0.1245E-01  0.1635E-01  0.2074E-01  0.2637E-01  0.3502E-01
  0.5095E-01  0.7416E-01  0.1235E+00  0.2917E-05  0.0000E+00  0.0000E+00
  0.0000E+00  0.0000E+00  0.0000E+00  0.0000E+00  0.0000E+00  0.0000E+00
  0.0000E+00  0.0000E+00  0.0000E+00  0.0000E+00  0.0000E+00  0.0000E+00
  0.0000E+00  0.0000E+00  0.0000E+00  0.0000E+00  0.0000E+00  0.0000E+00
  0.0000E+00  0.0000E+00  0.0000E+00  0.0000E+00  0.0000E+00  0.0000E+00
  0.0000E+00  0.0000E+00  0.0000E+00  0.0000E+00  0.0000E+00  0.0000E+00
  0.0000E+00  0.0000E+00  0.0000E+00  0.0000E+00  0.0000E+00  0.0000E+00
  0.0000E+00  0.0000E+00  0.0000E+00  0.0000E+00  0.0000E+00  0.0000E+00
  0.0000E+00  0.2006E-10  0.1212E-09  0.6893E-09  0.3693E-08  0.1863E-07
  0.8838E-07  0.3941E-06  0.1650E-05  0.6469E-05  0.2366E-04  0.8005E-04
  0.2468E-03  0.6773E-03  0.1613E-02  0.3285E-02  0.5758E-02  0.8898E-02
  0.1248E-01  0.1638E-01  0.2077E-01  0.2640E-01  0.3505E-01  0.5098E-01
  0.7418E-01  0.1235E+00  0.2562E-05  0.0000E+00  0.0000E+00  0.0000E+00
  0.0000E+00  0.0000E+00  0.0000E+00  0.0000E+00  0.0000E+00  0.0000E+00
  0.0000E+00  0.0000E+00  0.0000E+00  0.0000E+00  0.0000E+00  0.0000E+00
  0.0000E+00  0.0000E+00  0.0000E+00  0.0000E+00  0.0000E+00  0.0000E+00
  0.0000E+00  0.0000E+00  0.0000E+00  0.0000E+00  0.0000E+00  0.0000E+00
  0.0000E+00  0.0000E+00  0.0000E+00  0.0000E+00  0.0000E+00  0.0000E+00
  0.0000E+00  0.0000E+00  0.0000E+00  0.0000E+00  0.0000E+00  0.0000E+00
  0.0000E+00  0.0000E+00  0.0000E+00  0.0000E+00  0.0000E+00  0.0000E+00
  0.1899E-10  0.1150E-09  0.6564E-09  0.3528E-08  0.1786E-07  0.8502E-07
  0.3805E-06  0.1599E-05  0.6291E-05  0.2309E-04  0.7842E-04  0.2427E-03
  0.6687E-03  0.1599E-02  0.3266E-02  0.5740E-02  0.8885E-02  0.1248E-01
  0.1638E-01  0.2076E-01  0.2639E-01  0.3503E-01  0.5096E-01  0.7416E-01
  0.1235E+00  0.3334E-05  0.0000E+00  0.0000E+00  0.0000E+00  0.0000E+00
  0.0000E+00  0.0000E+00  0.0000E+00  0.0000E+00  0.0000E+00  0.0000E+00
  0.0000E+00  0.0000E+00  0.0000E+00  0.0000E+00  0.0000E+00  0.0000E+00
  0.0000E+00  0.0000E+00  0.0000E+00  0.0000E+00  0.0000E+00  0.0000E+00
  0.0000E+00  0.0000E+00  0.0000E+00  0.0000E+00  0.0000E+00  0.0000E+00
  0.0000E+00  0.0000E+00  0.0000E+00  0.0000E+00  0.0000E+00  0.0000E+00
  0.0000E+00  0.0000E+00  0.0000E+00  0.0000E+00  0.0000E+00  0.0000E+00
  0.0000E+00  0.0000E+00  0.0000E+00  0.0000E+00  0.0000E+00  0.1855E-10
  0.1124E-09  0.6416E-09  0.3451E-08  0.1748E-07  0.8335E-07  0.3735E-06
  0.1571E-05  0.6191E-05  0.2276E-04  0.7741E-04  0.2400E-03  0.6627E-03
  0.1588E-02  0.3251E-02  0.5723E-02  0.8871E-02  0.1247E-01  0.1638E-01
  0.2076E-01  0.2639E-01  0.3503E-01  0.5096E-01  0.7416E-01  0.1234E+00
  0.3659E-05  0.0000E+00  0.0000E+00  0.0000E+00  0.0000E+00  0.0000E+00
  0.0000E+00  0.0000E+00  0.0000E+00  0.0000E+00  0.0000E+00  0.0000E+00
  0.0000E+00  0.0000E+00  0.0000E+00  0.0000E+00  0.0000E+00  0.0000E+00
  0.0000E+00  0.0000E+00  0.0000E+00  0.0000E+00  0.0000E+00  0.0000E+00
  0.0000E+00  0.0000E+00  0.0000E+00  0.0000E+00  0.0000E+00  0.0000E+00
  0.0000E+00  0.0000E+00  0.0000E+00  0.0000E+00  0.0000E+00  0.0000E+00
  0.0000E+00  0.0000E+00  0.0000E+00  0.0000E+00  0.0000E+00  0.0000E+00
  0.0000E+00  0.0000E+00  0.0000E+00  0.0000E+00  0.1839E-10  0.1113E-09
  0.6355E-09  0.3419E-08  0.1732E-07  0.8259E-07  0.3702E-06  0.1558E-05
  0.6144E-05  0.2260E-04  0.7692E-04  0.2387E-03  0.6597E-03  0.1582E-02
  0.3242E-02  0.5714E-02  0.8863E-02  0.1246E-01  0.1638E-01  0.2077E-01
  0.2640E-01  0.3504E-01  0.5097E-01  0.7417E-01  0.1235E+00  0.3504E-05
  0.0000E+00  0.0000E+00  0.0000E+00  0.0000E+00  0.0000E+00  0.0000E+00
  0.0000E+00  0.0000E+00  0.0000E+00  0.0000E+00  0.0000E+00  0.0000E+00
  0.0000E+00  0.0000E+00  0.0000E+00  0.0000E+00  0.0000E+00  0.0000E+00
  0.0000E+00  0.0000E+00  0.0000E+00  0.0000E+00  0.0000E+00  0.0000E+00
  0.0000E+00  0.0000E+00  0.0000E+00  0.0000E+00  0.0000E+00  0.0000E+00
  0.0000E+00  0.0000E+00  0.0000E+00  0.0000E+00  0.0000E+00  0.0000E+00
  0.0000E+00  0.0000E+00  0.0000E+00  0.0000E+00  0.0000E+00  0.0000E+00
  0.0000E+00  0.0000E+00  0.0000E+00  0.1835E-10  0.1110E-09  0.6334E-09
  0.3406E-08  0.1725E-07  0.8222E-07  0.3685E-06  0.1551E-05  0.6116E-05
  0.2250E-04  0.7662E-04  0.2378E-03  0.6576E-03  0.1578E-02  0.3236E-02
  0.5706E-02  0.8854E-02  0.1246E-01  0.1637E-01  0.2076E-01  0.2639E-01
  0.3503E-01  0.5097E-01  0.7417E-01  0.1235E+00  0.4205E-05  0.0000E+00
  0.0000E+00  0.0000E+00  0.0000E+00  0.0000E+00  0.0000E+00  0.0000E+00
  0.0000E+00  0.0000E+00  0.0000E+00  0.0000E+00  0.0000E+00  0.0000E+00
  0.0000E+00  0.0000E+00  0.0000E+00  0.0000E+00  0.0000E+00  0.0000E+00
  0.0000E+00  0.0000E+00  0.0000E+00  0.0000E+00  0.0000E+00  0.0000E+00
  0.0000E+00  0.0000E+00  0.0000E+00  0.0000E+00  0.0000E+00  0.0000E+00
  0.0000E+00  0.0000E+00  0.0000E+00  0.0000E+00  0.0000E+00  0.0000E+00
  0.0000E+00  0.0000E+00  0.0000E+00  0.0000E+00  0.0000E+00  0.0000E+00
  0.0000E+00  0.0000E+00  0.1838E-10  0.1111E-09  0.6337E-09  0.3406E-08
  0.1724E-07  0.8215E-07  0.3681E-06  0.1549E-05  0.6106E-05  0.2246E-04
  0.7647E-04  0.2374E-03  0.6564E-03  0.1575E-02  0.3232E-02  0.5700E-02
  0.8847E-02  0.1245E-01  0.1636E-01  0.2076E-01  0.2639E-01  0.3503E-01
  0.5096E-01  0.7416E-01  0.1235E+00  0.4592E-05  0.0000E+00  0.0000E+00
  0.0000E+00  0.0000E+00  0.0000E+00  0.0000E+00  0.0000E+00  0.0000E+00
  0.0000E+00  0.0000E+00  0.0000E+00  0.0000E+00  0.0000E+00  0.0000E+00
  0.0000E+00  0.0000E+00  0.0000E+00  0.0000E+00  0.0000E+00  0.0000E+00
  0.0000E+00  0.0000E+00  0.0000E+00  0.0000E+00  0.0000E+00  0.0000E+00
  0.0000E+00  0.0000E+00  0.0000E+00  0.0000E+00  0.0000E+00  0.0000E+00
  0.0000E+00  0.0000E+00  0.0000E+00  0.0000E+00  0.0000E+00  0.0000E+00
  0.0000E+00  0.0000E+00  0.0000E+00  0.0000E+00  0.0000E+00  0.0000E+00
  0.0000E+00  0.1841E-10  0.1113E-09  0.6348E-09  0.3411E-08  0.1726E-07
  0.8224E-07  0.3684E-06  0.1550E-05  0.6108E-05  0.2246E-04  0.7646E-04
  0.2373E-03  0.6562E-03  0.1575E-02  0.3230E-02  0.5698E-02  0.8844E-02
  0.1245E-01  0.1636E-01  0.2075E-01  0.2638E-01  0.3502E-01  0.5095E-01
  0.7416E-01  0.1235E+00  0.4488E-05  0.0000E+00  0.0000E+00  0.0000E+00
  0.0000E+00  0.0000E+00  0.0000E+00  0.0000E+00  0.0000E+00  0.0000E+00
  0.0000E+00  0.0000E+00  0.0000E+00  0.0000E+00  0.0000E+00  0.0000E+00
  0.0000E+00  0.0000E+00  0.0000E+00  0.0000E+00  0.0000E+00  0.0000E+00
  0.0000E+00  0.0000E+00  0.0000E+00  0.0000E+00  0.0000E+00  0.0000E+00
  0.0000E+00  0.0000E+00  0.0000E+00  0.0000E+00  0.0000E+00  0.0000E+00
  0.0000E+00  0.0000E+00  0.0000E+00  0.0000E+00  0.0000E+00  0.0000E+00
  0.0000E+00  0.0000E+00  0.0000E+00  0.0000E+00  0.0000E+00  0.0000E+00
  0.1843E-10  0.1114E-09  0.6354E-09  0.3414E-08  0.1728E-07  0.8232E-07
  0.3687E-06  0.1551E-05  0.6113E-05  0.2248E-04  0.7651E-04  0.2374E-03
  0.6565E-03  0.1575E-02  0.3231E-02  0.5698E-02  0.8844E-02  0.1244E-01
  0.1636E-01  0.2075E-01  0.2638E-01  0.3502E-01  0.5095E-01  0.7415E-01
  0.1234E+00  0.4465E-05  0.0000E+00  0.0000E+00  0.0000E+00  0.0000E+00
  0.0000E+00  0.0000E+00  0.0000E+00  0.0000E+00  0.0000E+00  0.0000E+00
  0.0000E+00  0.0000E+00  0.0000E+00  0.0000E+00  0.0000E+00  0.0000E+00
  0.0000E+00  0.0000E+00  0.0000E+00  0.0000E+00  0.0000E+00  0.0000E+00
  0.0000E+00  0.0000E+00  0.0000E+00  0.0000E+00  0.0000E+00  0.0000E+00
  0.0000E+00  0.0000E+00  0.0000E+00  0.0000E+00  0.0000E+00  0.0000E+00
  0.0000E+00  0.0000E+00  0.0000E+00  0.0000E+00  0.0000E+00  0.0000E+00
  0.0000E+00  0.0000E+00  0.0000E+00  0.0000E+00  0.0000E+00  0.1843E-10
  0.1115E-09  0.6356E-09  0.3415E-08  0.1729E-07  0.8235E-07  0.3689E-06
  0.1552E-05  0.6115E-05  0.2249E-04  0.7654E-04  0.2375E-03  0.6567E-03
  0.1576E-02  0.3232E-02  0.5699E-02  0.8846E-02  0.1245E-01  0.1636E-01
  0.2075E-01  0.2638E-01  0.3502E-01  0.5095E-01  0.7415E-01  0.1234E+00
  0.4537E-05  0.0000E+00  0.0000E+00  0.0000E+00  0.0000E+00  0.0000E+00
  0.0000E+00  0.0000E+00  0.0000E+00  0.0000E+00  0.0000E+00  0.0000E+00
  0.0000E+00  0.0000E+00  0.0000E+00  0.0000E+00  0.0000E+00  0.0000E+00
  0.0000E+00  0.0000E+00  0.0000E+00  0.0000E+00  0.0000E+00  0.0000E+00
  0.0000E+00  0.0000E+00  0.0000E+00  0.0000E+00  0.0000E+00  0.0000E+00
  0.0000E+00  0.0000E+00  0.0000E+00  0.0000E+00  0.0000E+00  0.0000E+00
  0.0000E+00  0.0000E+00  0.0000E+00  0.0000E+00  0.0000E+00  0.0000E+00
  0.0000E+00  0.0000E+00  0.0000E+00  0.0000E+00  0.1843E-10  0.1115E-09
  0.6355E-09  0.3415E-08  0.1729E-07  0.8235E-07  0.3689E-06  0.1552E-05
  0.6116E-05  0.2249E-04  0.7655E-04  0.2376E-03  0.6568E-03  0.1576E-02
  0.3232E-02  0.5700E-02  0.8847E-02  0.1245E-01  0.1636E-01  0.2075E-01
  0.2638E-01  0.3502E-01  0.5095E-01  0.7415E-01  0.1235E+00  0.4586E-05
  0.0000E+00  0.0000E+00  0.0000E+00  0.0000E+00  0.0000E+00  0.0000E+00
  0.0000E+00  0.0000E+00  0.0000E+00  0.0000E+00  0.0000E+00  0.0000E+00
  0.0000E+00  0.0000E+00  0.0000E+00  0.0000E+00  0.0000E+00  0.0000E+00
  0.0000E+00  0.0000E+00  0.0000E+00  0.0000E+00  0.0000E+00  0.0000E+00
  0.0000E+00  0.0000E+00  0.0000E+00  0.0000E+00  0.0000E+00  0.0000E+00
  0.0000E+00  0.0000E+00  0.0000E+00  0.0000E+00  0.0000E+00  0.0000E+00
  0.0000E+00  0.0000E+00  0.0000E+00  0.0000E+00  0.0000E+00  0.0000E+00
  0.0000E+00  0.0000E+00  0.0000E+00  0.1843E-10  0.1114E-09  0.6355E-09
  0.3415E-08  0.1729E-07  0.8235E-07  0.3689E-06  0.1552E-05  0.6116E-05
  0.2249E-04  0.7655E-04  0.2376E-03  0.6568E-03  0.1576E-02  0.3232E-02
  0.5700E-02  0.8847E-02  0.1245E-01  0.1636E-01  0.2075E-01  0.2638E-01
  0.3502E-01  0.5096E-01  0.7416E-01  0.1235E+00  0.4586E-05  0.0000E+00
  0.0000E+00  0.0000E+00  0.0000E+00  0.0000E+00  0.0000E+00  0.0000E+00
  0.0000E+00  0.0000E+00  0.0000E+00  0.0000E+00  0.0000E+00  0.0000E+00
  0.0000E+00  0.0000E+00  0.0000E+00  0.0000E+00  0.0000E+00  0.0000E+00
  0.0000E+00  0.0000E+00  0.0000E+00  0.0000E+00  0.0000E+00  0.0000E+00
  0.0000E+00  0.0000E+00  0.0000E+00  0.0000E+00  0.0000E+00  0.0000E+00
  0.0000E+00  0.0000E+00  0.0000E+00  0.0000E+00  0.0000E+00  0.0000E+00
  0.0000E+00  0.0000E+00  0.0000E+00  0.0000E+00  0.0000E+00  0.0000E+00
  0.0000E+00  0.0000E+00  0.1843E-10  0.1114E-09  0.6355E-09  0.3415E-08
  0.1729E-07  0.8235E-07  0.3689E-06  0.1552E-05  0.6116E-05  0.2249E-04
  0.7655E-04  0.2376E-03  0.6568E-03  0.1576E-02  0.3232E-02  0.5700E-02
  0.8847E-02  0.1245E-01  0.1636E-01  0.2075E-01  0.2638E-01  0.3502E-01
  0.5096E-01  0.7416E-01  0.1235E+00  0.4579E-05  0.0000E+00  0.0000E+00
  0.0000E+00  0.0000E+00  0.0000E+00  0.0000E+00  0.0000E+00  0.0000E+00
  0.0000E+00  0.0000E+00  0.0000E+00  0.0000E+00  0.0000E+00  0.0000E+00
  0.0000E+00  0.0000E+00  0.0000E+00  0.0000E+00  0.0000E+00  0.0000E+00
  0.0000E+00  0.0000E+00  0.0000E+00  0.0000E+00  0.0000E+00  0.0000E+00
  0.0000E+00  0.0000E+00  0.0000E+00  0.0000E+00  0.0000E+00  0.0000E+00
  0.0000E+00  0.0000E+00  0.0000E+00  0.0000E+00  0.0000E+00  0.0000E+00
  0.0000E+00  0.0000E+00  0.0000E+00  0.0000E+00  0.0000E+00  0.0000E+00
  0.0000E+00  0.1843E-10  0.1114E-09  0.6355E-09  0.3415E-08  0.1729E-07
  0.8235E-07  0.3689E-06  0.1552E-05  0.6116E-05  0.2249E-04  0.7655E-04
  0.2376E-03  0.6568E-03  0.1576E-02  0.3232E-02  0.5700E-02  0.8847E-02
  0.1245E-01  0.1636E-01  0.2075E-01  0.2638E-01  0.3502E-01  0.5096E-01
  0.7416E-01  0.1235E+00  0.4576E-05  0.0000E+00  0.0000E+00  0.0000E+00
  0.0000E+00  0.0000E+00  0.0000E+00  0.0000E+00  0.0000E+00  0.0000E+00
  0.0000E+00  0.0000E+00  0.0000E+00  0.0000E+00  0.0000E+00  0.0000E+00
  0.0000E+00  0.0000E+00  0.0000E+00  0.0000E+00  0.0000E+00  0.0000E+00
  0.0000E+00  0.0000E+00  0.0000E+00  0.0000E+00  0.0000E+00  0.0000E+00
  0.0000E+00  0.0000E+00  0.0000E+00  0.0000E+00  0.0000E+00  0.0000E+00
  0.0000E+00  0.0000E+00  0.0000E+00  0.0000E+00  0.0000E+00  0.0000E+00
  0.0000E+00  0.0000E+00  0.0000E+00  0.0000E+00  0.0000E+00  0.0000E+00
  0.1843E-10  0.1114E-09  0.6355E-09  0.3415E-08  0.1729E-07  0.8235E-07
  0.3689E-06  0.1552E-05  0.6116E-05  0.2249E-04  0.7655E-04  0.2376E-03
  0.6568E-03  0.1576E-02  0.3232E-02  0.5700E-02  0.8847E-02  0.1245E-01
  0.1636E-01  0.2075E-01  0.2638E-01  0.3502E-01  0.5096E-01  0.7416E-01
  0.1235E+00  0.4576E-05  0.0000E+00  0.0000E+00  0.0000E+00  0.0000E+00
  0.0000E+00  0.0000E+00  0.0000E+00  0.0000E+00  0.0000E+00  0.0000E+00
  0.0000E+00  0.0000E+00  0.0000E+00  0.0000E+00  0.0000E+00  0.0000E+00
  0.0000E+00  0.0000E+00  0.0000E+00  0.0000E+00  0.0000E+00  0.0000E+00
  0.0000E+00  0.0000E+00  0.0000E+00  0.0000E+00  0.0000E+00  0.0000E+00
  0.0000E+00  0.0000E+00  0.0000E+00  0.0000E+00  0.0000E+00  0.0000E+00
  0.0000E+00  0.0000E+00  0.0000E+00  0.0000E+00  0.0000E+00  0.0000E+00
  0.0000E+00  0.0000E+00  0.0000E+00  0.0000E+00  0.0000E+00  0.1843E-10
  0.1114E-09  0.6355E-09  0.3415E-08  0.1729E-07  0.8235E-07  0.3689E-06
  0.1552E-05  0.6116E-05  0.2249E-04  0.7655E-04  0.2376E-03  0.6568E-03
  0.1576E-02  0.3232E-02  0.5700E-02  0.8847E-02  0.1245E-01  0.1636E-01
  0.2075E-01  0.2638E-01  0.3502E-01  0.5096E-01  0.7416E-01  0.1235E+00
  0.4577E-05  0.0000E+00  0.0000E+00  0.0000E+00  0.0000E+00  0.0000E+00
  0.0000E+00  0.0000E+00  0.0000E+00  0.0000E+00  0.0000E+00  0.0000E+00
  0.0000E+00  0.0000E+00  0.0000E+00  0.0000E+00  0.0000E+00  0.0000E+00
  0.0000E+00  0.0000E+00  0.0000E+00  0.0000E+00  0.0000E+00  0.0000E+00
  0.0000E+00  0.0000E+00  0.0000E+00  0.0000E+00  0.0000E+00  0.0000E+00
  0.0000E+00  0.0000E+00  0.0000E+00  0.0000E+00  0.0000E+00  0.0000E+00
  0.0000E+00  0.0000E+00  0.0000E+00  0.0000E+00  0.0000E+00  0.0000E+00
  0.0000E+00  0.0000E+00  0.0000E+00  0.0000E+00  0.1843E-10  0.1114E-09
  0.6355E-09  0.3415E-08  0.1729E-07  0.8235E-07  0.3689E-06  0.1552E-05
  0.6116E-05  0.2249E-04  0.7655E-04  0.2376E-03  0.6568E-03  0.1576E-02
  0.3232E-02  0.5700E-02  0.8847E-02  0.1245E-01  0.1636E-01  0.2075E-01
  0.2638E-01  0.3502E-01  0.5096E-01  0.7416E-01  0.1235E+00  0.4578E-05
  0.0000E+00  0.0000E+00  0.0000E+00  0.0000E+00  0.0000E+00  0.0000E+00
  0.0000E+00  0.0000E+00  0.0000E+00  0.0000E+00  0.0000E+00  0.0000E+00
  0.0000E+00  0.0000E+00  0.0000E+00  0.0000E+00  0.0000E+00  0.0000E+00
  0.0000E+00  0.0000E+00  0.0000E+00  0.0000E+00  0.0000E+00  0.0000E+00
  0.0000E+00  0.0000E+00  0.0000E+00  0.0000E+00  0.0000E+00  0.0000E+00
  0.0000E+00  0.0000E+00  0.0000E+00  0.0000E+00  0.0000E+00  0.0000E+00
  0.0000E+00  0.0000E+00  0.0000E+00  0.0000E+00  0.0000E+00  0.0000E+00
  0.0000E+00  0.0000E+00  0.0000E+00  0.1843E-10  0.1114E-09  0.6355E-09
  0.3415E-08  0.1729E-07  0.8235E-07  0.3689E-06  0.1552E-05  0.6116E-05
  0.2249E-04  0.7655E-04  0.2376E-03  0.6568E-03  0.1576E-02  0.3232E-02
  0.5700E-02  0.8847E-02  0.1245E-01  0.1636E-01  0.2075E-01  0.2638E-01
  0.3502E-01  0.5096E-01  0.7416E-01  0.1235E+00  0.4578E-05  0.0000E+00
  0.0000E+00  0.0000E+00  0.0000E+00  0.0000E+00  0.0000E+00  0.0000E+00
  0.0000E+00  0.0000E+00  0.0000E+00  0.0000E+00  0.0000E+00  0.0000E+00
  0.0000E+00  0.0000E+00  0.0000E+00  0.0000E+00  0.0000E+00  0.0000E+00
  0.0000E+00  0.0000E+00  0.0000E+00  0.0000E+00  0.0000E+00  0.0000E+00
  0.0000E+00  0.0000E+00  0.0000E+00  0.0000E+00  0.0000E+00  0.0000E+00
  0.0000E+00  0.0000E+00  0.0000E+00  0.0000E+00  0.0000E+00  0.0000E+00
  0.0000E+00  0.0000E+00  0.0000E+00  0.0000E+00  0.0000E+00  0.0000E+00
  0.0000E+00  0.0000E+00  0.1843E-10  0.1114E-09  0.6355E-09  0.3415E-08
  0.1729E-07  0.8235E-07  0.3689E-06  0.1552E-05  0.6116E-05  0.2249E-04
  0.7655E-04  0.2376E-03  0.6568E-03  0.1576E-02  0.3232E-02  0.5700E-02
  0.8847E-02  0.1245E-01  0.1636E-01  0.2075E-01  0.2638E-01  0.3502E-01
  0.5096E-01  0.7416E-01  0.1235E+00  0.4578E-05  0.0000E+00  0.0000E+00
  0.0000E+00  0.0000E+00  0.0000E+00  0.0000E+00  0.0000E+00  0.0000E+00
  0.0000E+00  0.0000E+00  0.0000E+00  0.0000E+00  0.0000E+00  0.0000E+00
  0.0000E+00  0.0000E+00  0.0000E+00  0.0000E+00  0.0000E+00  0.0000E+00
  0.0000E+00  0.0000E+00  0.0000E+00  0.0000E+00  0.0000E+00  0.0000E+00
  0.0000E+00  0.0000E+00  0.0000E+00  0.0000E+00  0.0000E+00  0.0000E+00
  0.0000E+00  0.0000E+00  0.0000E+00  0.0000E+00  0.0000E+00  0.0000E+00
  0.0000E+00  0.0000E+00  0.0000E+00  0.0000E+00  0.0000E+00  0.0000E+00
  0.0000E+00  0.1843E-10  0.1114E-09  0.6355E-09  0.3415E-08  0.1729E-07
  0.8235E-07  0.3689E-06  0.1552E-05  0.6116E-05  0.2249E-04  0.7655E-04
  0.2376E-03  0.6568E-03  0.1576E-02  0.3232E-02  0.5700E-02  0.8847E-02
  0.1245E-01  0.1636E-01  0.2075E-01  0.2638E-01  0.3502E-01  0.5096E-01
  0.7416E-01  0.1235E+00  0.4578E-05  0.0000E+00  0.0000E+00  0.0000E+00
  0.0000E+00  0.0000E+00  0.0000E+00  0.0000E+00  0.0000E+00  0.0000E+00
  0.0000E+00  0.0000E+00  0.0000E+00  0.0000E+00  0.0000E+00  0.0000E+00
  0.0000E+00  0.0000E+00  0.0000E+00  0.0000E+00  0.0000E+00  0.0000E+00
  0.0000E+00  0.0000E+00  0.0000E+00  0.0000E+00  0.0000E+00  0.0000E+00
  0.0000E+00  0.0000E+00  0.0000E+00  0.0000E+00  0.0000E+00  0.0000E+00
  0.0000E+00  0.0000E+00  0.0000E+00  0.0000E+00  0.0000E+00  0.0000E+00
  0.0000E+00  0.0000E+00  0.0000E+00  0.0000E+00  0.0000E+00  0.0000E+00
  0.1843E-10  0.1114E-09  0.6355E-09  0.3415E-08  0.1729E-07  0.8235E-07
  0.3689E-06  0.1552E-05  0.6116E-05  0.2249E-04  0.7655E-04  0.2376E-03
  0.6568E-03  0.1576E-02  0.3232E-02  0.5700E-02  0.8847E-02  0.1245E-01
  0.1636E-01  0.2075E-01  0.2638E-01  0.3502E-01  0.5096E-01  0.7416E-01
  0.1235E+00  0.4578E-05  0.0000E+00  0.0000E+00  0.0000E+00  0.0000E+00
  0.0000E+00  0.0000E+00  0.0000E+00  0.0000E+00  0.0000E+00  0.0000E+00
  0.0000E+00  0.0000E+00  0.0000E+00  0.0000E+00  0.0000E+00  0.0000E+00
  0.0000E+00  0.0000E+00  0.0000E+00  0.0000E+00  0.0000E+00  0.0000E+00
  0.0000E+00  0.0000E+00  0.0000E+00  0.0000E+00  0.0000E+00  0.0000E+00
  0.0000E+00  0.0000E+00  0.0000E+00  0.0000E+00  0.0000E+00  0.0000E+00
  0.0000E+00  0.0000E+00  0.0000E+00  0.0000E+00  0.0000E+00  0.0000E+00
  0.0000E+00  0.0000E+00  0.0000E+00  0.0000E+00  0.0000E+00  0.1843E-10
  0.1114E-09  0.6355E-09  0.3415E-08  0.1729E-07  0.8235E-07  0.3689E-06
  0.1552E-05  0.6116E-05  0.2249E-04  0.7655E-04  0.2376E-03  0.6568E-03
  0.1576E-02  0.3232E-02  0.5700E-02  0.8847E-02  0.1245E-01  0.1636E-01
  0.2075E-01  0.2638E-01  0.3502E-01  0.5096E-01  0.7416E-01  0.1235E+00
  0.4578E-05  0.0000E+00  0.0000E+00  0.0000E+00  0.0000E+00  0.0000E+00
  0.0000E+00  0.0000E+00  0.0000E+00  0.0000E+00  0.0000E+00  0.0000E+00
  0.0000E+00  0.0000E+00  0.0000E+00  0.0000E+00  0.0000E+00  0.0000E+00
  0.0000E+00  0.0000E+00  0.0000E+00  0.0000E+00  0.0000E+00  0.0000E+00
  0.0000E+00  0.0000E+00  0.0000E+00  0.0000E+00  0.0000E+00  0.0000E+00
  0.0000E+00  0.0000E+00  0.0000E+00  0.0000E+00  0.0000E+00  0.0000E+00
  0.0000E+00  0.0000E+00  0.0000E+00  0.0000E+00  0.0000E+00  0.0000E+00
  0.0000E+00  0.0000E+00  0.0000E+00  0.0000E+00  0.1843E-10  0.1114E-09
  0.6355E-09  0.3415E-08  0.1729E-07  0.8235E-07  0.3689E-06  0.1552E-05
  0.6116E-05  0.2249E-04  0.7655E-04  0.2376E-03  0.6568E-03  0.1576E-02
  0.3232E-02  0.5700E-02  0.8847E-02  0.1245E-01  0.1636E-01  0.2075E-01
  0.2638E-01  0.3502E-01  0.5096E-01  0.7416E-01  0.1235E+00  0.4578E-05
  0.0000E+00  0.0000E+00  0.0000E+00  0.0000E+00  0.0000E+00  0.0000E+00
  0.0000E+00  0.0000E+00  0.0000E+00  0.0000E+00  0.0000E+00  0.0000E+00
  0.0000E+00  0.0000E+00  0.0000E+00  0.0000E+00  0.0000E+00  0.0000E+00
  0.0000E+00  0.0000E+00  0.0000E+00  0.0000E+00  0.0000E+00  0.0000E+00
  0.0000E+00  0.0000E+00  0.0000E+00  0.0000E+00  0.0000E+00  0.0000E+00
  0.0000E+00  0.0000E+00  0.0000E+00  0.0000E+00  0.0000E+00  0.0000E+00
  0.0000E+00  0.0000E+00  0.0000E+00  0.0000E+00  0.0000E+00  0.0000E+00
  0.0000E+00  0.0000E+00  0.0000E+00  0.1843E-10  0.1114E-09  0.6355E-09
  0.3415E-08  0.1729E-07  0.8235E-07  0.3689E-06  0.1552E-05  0.6116E-05
  0.2249E-04  0.7655E-04  0.2376E-03  0.6568E-03  0.1576E-02  0.3232E-02
  0.5700E-02  0.8847E-02  0.1245E-01  0.1636E-01  0.2075E-01  0.2638E-01
  0.3502E-01  0.5096E-01  0.7416E-01  0.1235E+00  0.4578E-05  0.0000E+00
  0.0000E+00  0.0000E+00  0.0000E+00  0.0000E+00  0.0000E+00  0.0000E+00
  0.0000E+00  0.0000E+00  0.0000E+00  0.0000E+00  0.0000E+00  0.0000E+00
  0.0000E+00  0.0000E+00  0.0000E+00  0.0000E+00  0.0000E+00  0.0000E+00
  0.0000E+00  0.0000E+00  0.0000E+00  0.0000E+00  0.0000E+00  0.0000E+00
  0.0000E+00  0.0000E+00  0.0000E+00  0.0000E+00  0.0000E+00  0.0000E+00
  0.0000E+00  0.0000E+00  0.0000E+00  0.0000E+00  0.0000E+00  0.0000E+00
  0.0000E+00  0.0000E+00  0.0000E+00  0.0000E+00  0.0000E+00  0.0000E+00
  0.0000E+00  0.0000E+00  0.1843E-10  0.1114E-09  0.6355E-09  0.3415E-08
  0.1729E-07  0.8235E-07  0.3689E-06  0.1552E-05  0.6116E-05  0.2249E-04
  0.7655E-04  0.2376E-03  0.6568E-03  0.1576E-02  0.3232E-02  0.5700E-02
  0.8847E-02  0.1245E-01  0.1636E-01  0.2075E-01  0.2638E-01  0.3502E-01
  0.5096E-01  0.7416E-01  0.1235E+00  0.4578E-05  0.0000E+00  0.0000E+00
  0.0000E+00  0.0000E+00  0.0000E+00  0.0000E+00  0.0000E+00  0.0000E+00
  0.0000E+00  0.0000E+00  0.0000E+00  0.0000E+00  0.0000E+00  0.0000E+00
  0.0000E+00  0.0000E+00  0.0000E+00  0.0000E+00  0.0000E+00  0.0000E+00
  0.0000E+00  0.0000E+00  0.0000E+00  0.0000E+00  0.0000E+00  0.0000E+00
  0.0000E+00  0.0000E+00  0.0000E+00  0.0000E+00  0.0000E+00  0.0000E+00
  0.0000E+00  0.0000E+00  0.0000E+00  0.0000E+00  0.0000E+00  0.0000E+00
  0.0000E+00  0.0000E+00  0.0000E+00  0.0000E+00  0.0000E+00  0.0000E+00
  0.0000E+00  0.1843E-10  0.1114E-09  0.6355E-09  0.3415E-08  0.1729E-07
  0.8235E-07  0.3689E-06  0.1552E-05  0.6116E-05  0.2249E-04  0.7655E-04
  0.2376E-03  0.6568E-03  0.1576E-02  0.3232E-02  0.5700E-02  0.8847E-02
  0.1245E-01  0.1636E-01  0.2075E-01  0.2638E-01  0.3502E-01  0.5096E-01
  0.7416E-01  0.1235E+00  0.4578E-05  0.0000E+00  0.0000E+00  0.0000E+00
  0.0000E+00  0.0000E+00  0.0000E+00  0.0000E+00  0.0000E+00  0.0000E+00
  0.0000E+00  0.0000E+00  0.0000E+00  0.0000E+00  0.0000E+00  0.0000E+00
  0.0000E+00  0.0000E+00  0.0000E+00  0.0000E+00  0.0000E+00  0.0000E+00
  0.0000E+00  0.0000E+00  0.0000E+00  0.0000E+00  0.0000E+00  0.0000E+00
  0.0000E+00  0.0000E+00  0.0000E+00  0.0000E+00  0.0000E+00  0.0000E+00
  0.0000E+00  0.0000E+00  0.0000E+00  0.0000E+00  0.0000E+00  0.0000E+00
  0.0000E+00  0.0000E+00  0.0000E+00  0.0000E+00  0.0000E+00  0.0000E+00
  0.1843E-10  0.1114E-09  0.6355E-09  0.3415E-08  0.1729E-07  0.8235E-07
  0.3689E-06  0.1552E-05  0.6116E-05  0.2249E-04  0.7655E-04  0.2376E-03
  0.6568E-03  0.1576E-02  0.3232E-02  0.5700E-02  0.8847E-02  0.1245E-01
  0.1636E-01  0.2075E-01  0.2638E-01  0.3502E-01  0.5096E-01  0.7416E-01
  0.1235E+00  0.4578E-05  0.0000E+00  0.0000E+00  0.0000E+00  0.0000E+00
  0.0000E+00  0.0000E+00  0.0000E+00  0.0000E+00  0.0000E+00  0.0000E+00
  0.0000E+00  0.0000E+00  0.0000E+00  0.0000E+00  0.0000E+00  0.0000E+00
  0.0000E+00  0.0000E+00  0.0000E+00  0.0000E+00  0.0000E+00  0.0000E+00
  0.0000E+00  0.0000E+00  0.0000E+00  0.0000E+00  0.0000E+00  0.0000E+00
  0.0000E+00  0.0000E+00  0.0000E+00  0.0000E+00  0.0000E+00  0.0000E+00
  0.0000E+00  0.0000E+00  0.0000E+00  0.0000E+00  0.0000E+00  0.0000E+00
  0.0000E+00  0.0000E+00  0.0000E+00  0.0000E+00  0.0000E+00  0.1843E-10
  0.1114E-09  0.6355E-09  0.3415E-08  0.1729E-07  0.8235E-07  0.3689E-06
  0.1552E-05  0.6116E-05  0.2249E-04  0.7655E-04  0.2376E-03  0.6568E-03
  0.1576E-02  0.3232E-02  0.5700E-02  0.8847E-02  0.1245E-01  0.1636E-01
  0.2075E-01  0.2638E-01  0.3502E-01  0.5096E-01  0.7416E-01  0.1235E+00
  0.4578E-05  0.0000E+00  0.0000E+00  0.0000E+00  0.0000E+00  0.0000E+00
  0.0000E+00  0.0000E+00  0.0000E+00  0.0000E+00  0.0000E+00  0.0000E+00
  0.0000E+00  0.0000E+00  0.0000E+00  0.0000E+00  0.0000E+00  0.0000E+00
  0.0000E+00  0.0000E+00  0.0000E+00  0.0000E+00  0.0000E+00  0.0000E+00
  0.0000E+00  0.0000E+00  0.0000E+00  0.0000E+00  0.0000E+00  0.0000E+00
  0.0000E+00  0.0000E+00  0.0000E+00  0.0000E+00  0.0000E+00  0.0000E+00
  0.0000E+00  0.0000E+00  0.0000E+00  0.0000E+00  0.0000E+00  0.0000E+00
  0.0000E+00  0.0000E+00  0.0000E+00  0.0000E+00  0.1843E-10  0.1114E-09
  0.6355E-09  0.3415E-08  0.1729E-07  0.8235E-07  0.3689E-06  0.1552E-05
  0.6116E-05  0.2249E-04  0.7655E-04  0.2376E-03  0.6568E-03  0.1576E-02
  0.3232E-02  0.5700E-02  0.8847E-02  0.1245E-01  0.1636E-01  0.2075E-01
  0.2638E-01  0.3502E-01  0.5096E-01  0.7416E-01  0.1235E+00  0.4578E-05
  0.0000E+00  0.0000E+00  0.0000E+00  0.0000E+00  0.0000E+00  0.0000E+00
  0.0000E+00  0.0000E+00  0.0000E+00  0.0000E+00  0.0000E+00  0.0000E+00
  0.0000E+00  0.0000E+00  0.0000E+00  0.0000E+00  0.0000E+00  0.0000E+00
  0.0000E+00  0.0000E+00  0.0000E+00  0.0000E+00  0.0000E+00  0.0000E+00
  0.0000E+00  0.0000E+00  0.0000E+00  0.0000E+00  0.0000E+00  0.0000E+00
  0.0000E+00  0.0000E+00  0.0000E+00  0.0000E+00  0.0000E+00  0.0000E+00
  0.0000E+00  0.0000E+00  0.0000E+00  0.0000E+00  0.0000E+00  0.0000E+00
  0.0000E+00  0.0000E+00  0.0000E+00  0.1843E-10  0.1114E-09  0.6355E-09
  0.3415E-08  0.1729E-07  0.8235E-07  0.3689E-06  0.1552E-05  0.6116E-05
  0.2249E-04  0.7655E-04  0.2376E-03  0.6568E-03  0.1576E-02  0.3232E-02
  0.5700E-02  0.8847E-02  0.1245E-01  0.1636E-01  0.2075E-01  0.2638E-01
  0.3502E-01  0.5096E-01  0.7416E-01  0.1235E+00  0.4578E-05  0.0000E+00
  0.0000E+00  0.0000E+00  0.0000E+00  0.0000E+00  0.0000E+00  0.0000E+00
  0.0000E+00  0.0000E+00  0.0000E+00  0.0000E+00  0.0000E+00  0.0000E+00
  0.0000E+00  0.0000E+00  0.0000E+00  0.0000E+00  0.0000E+00  0.0000E+00
  0.0000E+00  0.0000E+00  0.0000E+00  0.0000E+00  0.0000E+00  0.0000E+00
  0.0000E+00  0.0000E+00  0.0000E+00  0.0000E+00  0.0000E+00  0.0000E+00
  0.0000E+00  0.0000E+00  0.0000E+00  0.0000E+00  0.0000E+00  0.0000E+00
  0.0000E+00  0.0000E+00  0.0000E+00  0.0000E+00  0.0000E+00  0.0000E+00
  0.0000E+00  0.0000E+00  0.1843E-10  0.1114E-09  0.6355E-09  0.3415E-08
  0.1729E-07  0.8235E-07  0.3689E-06  0.1552E-05  0.6116E-05  0.2249E-04
  0.7655E-04  0.2376E-03  0.6568E-03  0.1576E-02  0.3232E-02  0.5700E-02
  0.8847E-02  0.1245E-01  0.1636E-01  0.2075E-01  0.2638E-01  0.3502E-01
  0.5096E-01  0.7416E-01  0.1235E+00  0.4578E-05  0.0000E+00  0.0000E+00
  0.0000E+00  0.0000E+00  0.0000E+00  0.0000E+00  0.0000E+00  0.0000E+00
  0.0000E+00  0.0000E+00  0.0000E+00  0.0000E+00  0.0000E+00  0.0000E+00
  0.0000E+00  0.0000E+00  0.0000E+00  0.0000E+00  0.0000E+00  0.0000E+00
  0.0000E+00  0.0000E+00  0.0000E+00  0.0000E+00  0.0000E+00  0.0000E+00
  0.0000E+00  0.0000E+00  0.0000E+00  0.0000E+00  0.0000E+00  0.0000E+00
  0.0000E+00  0.0000E+00  0.0000E+00  0.0000E+00  0.0000E+00  0.0000E+00
  0.0000E+00  0.0000E+00  0.0000E+00  0.0000E+00  0.0000E+00  0.0000E+00
  0.0000E+00  0.1843E-10  0.1114E-09  0.6355E-09  0.3415E-08  0.1729E-07
  0.8235E-07  0.3689E-06  0.1552E-05  0.6116E-05  0.2249E-04  0.7655E-04
  0.2376E-03  0.6568E-03  0.1576E-02  0.3232E-02  0.5700E-02  0.8847E-02
  0.1245E-01  0.1636E-01  0.2075E-01  0.2638E-01  0.3502E-01  0.5096E-01
  0.7416E-01  0.1235E+00  0.4578E-05  0.0000E+00  0.0000E+00  0.0000E+00
  0.0000E+00  0.0000E+00  0.0000E+00  0.0000E+00  0.0000E+00  0.0000E+00
  0.0000E+00  0.0000E+00  0.0000E+00  0.0000E+00  0.0000E+00  0.0000E+00
  0.0000E+00  0.0000E+00  0.0000E+00  0.0000E+00  0.0000E+00  0.0000E+00
  0.0000E+00  0.0000E+00  0.0000E+00  0.0000E+00  0.0000E+00  0.0000E+00
  0.0000E+00  0.0000E+00  0.0000E+00  0.0000E+00  0.0000E+00  0.0000E+00
  0.0000E+00  0.0000E+00  0.0000E+00  0.0000E+00  0.0000E+00  0.0000E+00
  0.0000E+00  0.0000E+00  0.0000E+00  0.0000E+00  0.0000E+00  0.0000E+00
  0.1843E-10  0.1114E-09  0.6355E-09  0.3415E-08  0.1729E-07  0.8235E-07
  0.3689E-06  0.1552E-05  0.6116E-05  0.2249E-04  0.7655E-04  0.2376E-03
  0.6568E-03  0.1576E-02  0.3232E-02  0.5700E-02  0.8847E-02  0.1245E-01
  0.1636E-01  0.2075E-01  0.2638E-01  0.3502E-01  0.5096E-01  0.7416E-01
  0.1235E+00  0.4578E-05  0.0000E+00  0.0000E+00  0.0000E+00  0.0000E+00
  0.0000E+00  0.0000E+00  0.0000E+00  0.0000E+00  0.0000E+00  0.0000E+00
  0.0000E+00  0.0000E+00  0.0000E+00  0.0000E+00  0.0000E+00  0.0000E+00
  0.0000E+00  0.0000E+00  0.0000E+00  0.0000E+00  0.0000E+00  0.0000E+00
  0.0000E+00  0.0000E+00  0.0000E+00  0.0000E+00  0.0000E+00  0.0000E+00
  0.0000E+00  0.0000E+00  0.0000E+00  0.0000E+00  0.0000E+00  0.0000E+00
  0.0000E+00  0.0000E+00  0.0000E+00  0.0000E+00  0.0000E+00  0.0000E+00
  0.0000E+00  0.0000E+00  0.0000E+00  0.0000E+00  0.0000E+00  0.1843E-10
  0.1114E-09  0.6355E-09  0.3415E-08  0.1729E-07  0.8235E-07  0.3689E-06
  0.1552E-05  0.6116E-05  0.2249E-04  0.7655E-04  0.2376E-03  0.6568E-03
  0.1576E-02  0.3232E-02  0.5700E-02  0.8847E-02  0.1245E-01  0.1636E-01
  0.2075E-01  0.2638E-01  0.3502E-01  0.5096E-01  0.7416E-01  0.1235E+00
  0.4578E-05  0.0000E+00  0.0000E+00  0.0000E+00  0.0000E+00  0.0000E+00
  0.0000E+00  0.0000E+00  0.0000E+00  0.0000E+00  0.0000E+00  0.0000E+00
  0.0000E+00  0.0000E+00  0.0000E+00  0.0000E+00  0.0000E+00  0.0000E+00
  0.0000E+00  0.0000E+00  0.0000E+00  0.0000E+00  0.0000E+00  0.0000E+00
  0.0000E+00  0.0000E+00  0.0000E+00  0.0000E+00  0.0000E+00  0.0000E+00
  0.0000E+00  0.0000E+00  0.0000E+00  0.0000E+00  0.0000E+00  0.0000E+00
  0.0000E+00  0.0000E+00  0.0000E+00  0.0000E+00  0.0000E+00  0.0000E+00
  0.0000E+00  0.0000E+00  0.0000E+00  0.0000E+00  0.1843E-10  0.1114E-09
  0.6355E-09  0.3415E-08  0.1729E-07  0.8235E-07  0.3689E-06  0.1552E-05
  0.6116E-05  0.2249E-04  0.7655E-04  0.2376E-03  0.6568E-03  0.1576E-02
  0.3232E-02  0.5700E-02  0.8847E-02  0.1245E-01  0.1636E-01  0.2075E-01
  0.2638E-01  0.3502E-01  0.5096E-01  0.7416E-01  0.1235E+00  0.4578E-05
  0.0000E+00  0.0000E+00  0.0000E+00  0.0000E+00  0.0000E+00  0.0000E+00
  0.0000E+00  0.0000E+00  0.0000E+00  0.0000E+00  0.0000E+00  0.0000E+00
  0.0000E+00  0.0000E+00  0.0000E+00  0.0000E+00  0.0000E+00  0.0000E+00
  0.0000E+00  0.0000E+00  0.0000E+00  0.0000E+00  0.0000E+00  0.0000E+00
  0.0000E+00  0.0000E+00  0.0000E+00  0.0000E+00  0.0000E+00  0.0000E+00
  0.0000E+00  0.0000E+00  0.0000E+00  0.0000E+00  0.0000E+00  0.0000E+00
  0.0000E+00  0.0000E+00  0.0000E+00  0.0000E+00  0.0000E+00  0.0000E+00
  0.0000E+00  0.0000E+00  0.0000E+00  0.1843E-10  0.1114E-09  0.6355E-09
  0.3415E-08  0.1729E-07  0.8235E-07  0.3689E-06  0.1552E-05  0.6116E-05
  0.2249E-04  0.7655E-04  0.2376E-03  0.6568E-03  0.1576E-02  0.3232E-02
  0.5700E-02  0.8847E-02  0.1245E-01  0.1636E-01  0.2075E-01  0.2638E-01
  0.3502E-01  0.5096E-01  0.7416E-01  0.1235E+00  0.4578E-05  0.0000E+00
  0.0000E+00  0.0000E+00  0.0000E+00  0.0000E+00  0.0000E+00  0.0000E+00
  0.0000E+00  0.0000E+00  0.0000E+00  0.0000E+00  0.0000E+00  0.0000E+00
  0.0000E+00  0.0000E+00  0.0000E+00  0.0000E+00  0.0000E+00  0.0000E+00
  0.0000E+00  0.0000E+00  0.0000E+00  0.0000E+00  0.0000E+00  0.0000E+00
  0.0000E+00  0.0000E+00  0.0000E+00  0.0000E+00  0.0000E+00  0.0000E+00
  0.0000E+00  0.0000E+00  0.0000E+00  0.0000E+00  0.0000E+00  0.0000E+00
  0.0000E+00  0.0000E+00  0.0000E+00  0.0000E+00  0.0000E+00  0.0000E+00
  0.0000E+00  0.0000E+00  0.1843E-10  0.1114E-09  0.6355E-09  0.3415E-08
  0.1729E-07  0.8235E-07  0.3689E-06  0.1552E-05  0.6116E-05  0.2249E-04
  0.7655E-04  0.2376E-03  0.6568E-03  0.1576E-02  0.3232E-02  0.5700E-02
  0.8847E-02  0.1245E-01  0.1636E-01  0.2075E-01  0.2638E-01  0.3502E-01
  0.5096E-01  0.7416E-01  0.1235E+00  0.4578E-05  0.0000E+00  0.0000E+00
  0.0000E+00  0.0000E+00  0.0000E+00  0.0000E+00  0.0000E+00  0.0000E+00
  0.0000E+00  0.0000E+00  0.0000E+00  0.0000E+00  0.0000E+00  0.0000E+00
  0.0000E+00  0.0000E+00  0.0000E+00  0.0000E+00  0.0000E+00  0.0000E+00
  0.0000E+00  0.0000E+00  0.0000E+00  0.0000E+00  0.0000E+00  0.0000E+00
  0.0000E+00  0.0000E+00  0.0000E+00  0.0000E+00  0.0000E+00  0.0000E+00
  0.0000E+00  0.0000E+00  0.0000E+00  0.0000E+00  0.0000E+00  0.0000E+00
  0.0000E+00  0.0000E+00  0.0000E+00  0.0000E+00  0.0000E+00  0.0000E+00
  0.0000E+00  0.1843E-10  0.1114E-09  0.6355E-09  0.3415E-08  0.1729E-07
  0.8235E-07  0.3689E-06  0.1552E-05  0.6116E-05  0.2249E-04  0.7655E-04
  0.2376E-03  0.6568E-03  0.1576E-02  0.3232E-02  0.5700E-02  0.8847E-02
  0.1245E-01  0.1636E-01  0.2075E-01  0.2638E-01  0.3502E-01  0.5096E-01
  0.7416E-01  0.1235E+00  0.4577E-05  0.0000E+00  0.0000E+00  0.0000E+00
  0.0000E+00  0.0000E+00  0.0000E+00  0.0000E+00  0.0000E+00  0.0000E+00
  0.0000E+00  0.0000E+00  0.0000E+00  0.0000E+00  0.0000E+00  0.0000E+00
  0.0000E+00  0.0000E+00  0.0000E+00  0.0000E+00  0.0000E+00  0.0000E+00
  0.0000E+00  0.0000E+00  0.0000E+00  0.0000E+00  0.0000E+00  0.0000E+00
  0.0000E+00  0.0000E+00  0.0000E+00  0.0000E+00  0.0000E+00  0.0000E+00
  0.0000E+00  0.0000E+00  0.0000E+00  0.0000E+00  0.0000E+00  0.0000E+00
  0.0000E+00  0.0000E+00  0.0000E+00  0.0000E+00  0.0000E+00  0.0000E+00
  0.1843E-10  0.1114E-09  0.6355E-09  0.3415E-08  0.1729E-07  0.8235E-07
  0.3689E-06  0.1552E-05  0.6116E-05  0.2249E-04  0.7655E-04  0.2376E-03
  0.6568E-03  0.1576E-02  0.3232E-02  0.5700E-02  0.8847E-02  0.1245E-01
  0.1636E-01  0.2075E-01  0.2638E-01  0.3502E-01  0.5096E-01  0.7416E-01
  0.1235E+00  0.4578E-05  0.0000E+00  0.0000E+00  0.0000E+00  0.0000E+00
  0.0000E+00  0.0000E+00  0.0000E+00  0.0000E+00  0.0000E+00  0.0000E+00
  0.0000E+00  0.0000E+00  0.0000E+00  0.0000E+00  0.0000E+00  0.0000E+00
  0.0000E+00  0.0000E+00  0.0000E+00  0.0000E+00  0.0000E+00  0.0000E+00
  0.0000E+00  0.0000E+00  0.0000E+00  0.0000E+00  0.0000E+00  0.0000E+00
  0.0000E+00  0.0000E+00  0.0000E+00  0.0000E+00  0.0000E+00  0.0000E+00
  0.0000E+00  0.0000E+00  0.0000E+00  0.0000E+00  0.0000E+00  0.0000E+00
  0.0000E+00  0.0000E+00  0.0000E+00  0.0000E+00  0.0000E+00  0.1843E-10
  0.1114E-09  0.6355E-09  0.3415E-08  0.1729E-07  0.8235E-07  0.3689E-06
  0.1552E-05  0.6116E-05  0.2249E-04  0.7655E-04  0.2376E-03  0.6568E-03
  0.1576E-02  0.3232E-02  0.5700E-02  0.8847E-02  0.1245E-01  0.1636E-01
  0.2075E-01  0.2638E-01  0.3502E-01  0.5096E-01  0.7416E-01  0.1235E+00
  0.4578E-05  0.0000E+00  0.0000E+00  0.0000E+00  0.0000E+00  0.0000E+00
  0.0000E+00  0.0000E+00  0.0000E+00  0.0000E+00  0.0000E+00  0.0000E+00
  0.0000E+00  0.0000E+00  0.0000E+00  0.0000E+00  0.0000E+00  0.0000E+00
  0.0000E+00  0.0000E+00  0.0000E+00  0.0000E+00  0.0000E+00  0.0000E+00
  0.0000E+00  0.0000E+00  0.0000E+00  0.0000E+00  0.0000E+00  0.0000E+00
  0.0000E+00  0.0000E+00  0.0000E+00  0.0000E+00  0.0000E+00  0.0000E+00
  0.0000E+00  0.0000E+00  0.0000E+00  0.0000E+00  0.0000E+00  0.0000E+00
  0.0000E+00  0.0000E+00  0.0000E+00  0.0000E+00  0.1843E-10  0.1114E-09
  0.6355E-09  0.3415E-08  0.1729E-07  0.8235E-07  0.3689E-06  0.1552E-05
  0.6116E-05  0.2249E-04  0.7655E-04  0.2376E-03  0.6568E-03  0.1576E-02
  0.3232E-02  0.5700E-02  0.8847E-02  0.1245E-01  0.1636E-01  0.2075E-01
  0.2638E-01  0.3502E-01  0.5096E-01  0.7416E-01  0.1235E+00  0.4578E-05
  0.0000E+00  0.0000E+00  0.0000E+00  0.0000E+00  0.0000E+00  0.0000E+00
  0.0000E+00  0.0000E+00  0.0000E+00  0.0000E+00  0.0000E+00  0.0000E+00
  0.0000E+00  0.0000E+00  0.0000E+00  0.0000E+00  0.0000E+00  0.0000E+00
  0.0000E+00  0.0000E+00  0.0000E+00  0.0000E+00  0.0000E+00  0.0000E+00
  0.0000E+00  0.0000E+00  0.0000E+00  0.0000E+00  0.0000E+00  0.0000E+00
  0.0000E+00  0.0000E+00  0.0000E+00  0.0000E+00  0.0000E+00  0.0000E+00
  0.0000E+00  0.0000E+00  0.0000E+00  0.0000E+00  0.0000E+00  0.0000E+00
  0.0000E+00  0.0000E+00  0.0000E+00  0.1843E-10  0.1114E-09  0.6355E-09
  0.3415E-08  0.1729E-07  0.8235E-07  0.3689E-06  0.1552E-05  0.6116E-05
  0.2249E-04  0.7655E-04  0.2376E-03  0.6568E-03  0.1576E-02  0.3232E-02
  0.5700E-02  0.8847E-02  0.1245E-01  0.1636E-01  0.2075E-01  0.2638E-01
  0.3502E-01  0.5096E-01  0.7416E-01  0.1235E+00  0.4578E-05  0.0000E+00
  0.0000E+00  0.0000E+00  0.0000E+00  0.0000E+00  0.0000E+00  0.0000E+00
  0.0000E+00  0.0000E+00  0.0000E+00  0.0000E+00  0.0000E+00  0.0000E+00
  0.0000E+00  0.0000E+00  0.0000E+00  0.0000E+00  0.0000E+00  0.0000E+00
  0.0000E+00  0.0000E+00  0.0000E+00  0.0000E+00  0.0000E+00  0.0000E+00
  0.0000E+00  0.0000E+00  0.0000E+00  0.0000E+00  0.0000E+00  0.0000E+00
  0.0000E+00  0.0000E+00  0.0000E+00  0.0000E+00  0.0000E+00  0.0000E+00
  0.0000E+00  0.0000E+00  0.0000E+00  0.0000E+00  0.0000E+00  0.0000E+00
  0.0000E+00  0.0000E+00  0.1843E-10  0.1114E-09  0.6355E-09  0.3415E-08
  0.1729E-07  0.8235E-07  0.3689E-06  0.1552E-05  0.6116E-05  0.2249E-04
  0.7655E-04  0.2376E-03  0.6568E-03  0.1576E-02  0.3232E-02  0.5700E-02
  0.8847E-02  0.1245E-01  0.1636E-01  0.2075E-01  0.2638E-01  0.3502E-01
  0.5096E-01  0.7416E-01  0.1235E+00  0.4578E-05  0.0000E+00  0.0000E+00
  0.0000E+00  0.0000E+00  0.0000E+00  0.0000E+00  0.0000E+00  0.0000E+00
  0.0000E+00  0.0000E+00  0.0000E+00  0.0000E+00  0.0000E+00  0.0000E+00
  0.0000E+00  0.0000E+00  0.0000E+00  0.0000E+00  0.0000E+00  0.0000E+00
  0.0000E+00  0.0000E+00  0.0000E+00  0.0000E+00  0.0000E+00  0.0000E+00
  0.0000E+00  0.0000E+00  0.0000E+00  0.0000E+00  0.0000E+00  0.0000E+00
  0.0000E+00  0.0000E+00  0.0000E+00  0.0000E+00  0.0000E+00  0.0000E+00
  0.0000E+00  0.0000E+00  0.0000E+00  0.0000E+00  0.0000E+00  0.0000E+00
  0.0000E+00  0.1843E-10  0.1114E-09  0.6355E-09  0.3415E-08  0.1729E-07
  0.8235E-07  0.3689E-06  0.1552E-05  0.6116E-05  0.2249E-04  0.7655E-04
  0.2376E-03  0.6568E-03  0.1576E-02  0.3232E-02  0.5700E-02  0.8847E-02
  0.1245E-01  0.1636E-01  0.2075E-01  0.2638E-01  0.3502E-01  0.5096E-01
  0.7416E-01  0.1235E+00  0.4578E-05  0.0000E+00  0.0000E+00  0.0000E+00
  0.0000E+00  0.0000E+00  0.0000E+00  0.0000E+00  0.0000E+00  0.0000E+00
  0.0000E+00  0.0000E+00  0.0000E+00  0.0000E+00  0.0000E+00  0.0000E+00
  0.0000E+00  0.0000E+00  0.0000E+00  0.0000E+00  0.0000E+00  0.0000E+00
  0.0000E+00  0.0000E+00  0.0000E+00  0.0000E+00  0.0000E+00  0.0000E+00
  0.0000E+00  0.0000E+00  0.0000E+00  0.0000E+00  0.0000E+00  0.0000E+00
  0.0000E+00  0.0000E+00  0.0000E+00  0.0000E+00  0.0000E+00  0.0000E+00
  0.0000E+00  0.0000E+00  0.0000E+00  0.0000E+00  0.0000E+00  0.0000E+00
  0.1843E-10  0.1114E-09  0.6355E-09  0.3415E-08  0.1729E-07  0.8235E-07
  0.3689E-06  0.1552E-05  0.6116E-05  0.2249E-04  0.7655E-04  0.2376E-03
  0.6568E-03  0.1576E-02  0.3232E-02  0.5700E-02  0.8847E-02  0.1245E-01
  0.1636E-01  0.2075E-01  0.2638E-01  0.3502E-01  0.5096E-01  0.7416E-01
  0.1235E+00  0.4578E-05  0.0000E+00  0.0000E+00  0.0000E+00  0.0000E+00
  0.0000E+00  0.0000E+00  0.0000E+00  0.0000E+00  0.0000E+00  0.0000E+00
  0.0000E+00  0.0000E+00  0.0000E+00  0.0000E+00  0.0000E+00  0.0000E+00
  0.0000E+00  0.0000E+00  0.0000E+00  0.0000E+00  0.0000E+00  0.0000E+00
  0.0000E+00  0.0000E+00  0.0000E+00  0.0000E+00  0.0000E+00  0.0000E+00
  0.0000E+00  0.0000E+00  0.0000E+00  0.0000E+00  0.0000E+00  0.0000E+00
  0.0000E+00  0.0000E+00  0.0000E+00  0.0000E+00  0.0000E+00  0.0000E+00
  0.0000E+00  0.0000E+00  0.0000E+00  0.0000E+00  0.0000E+00  0.1843E-10
  0.1114E-09  0.6355E-09  0.3415E-08  0.1729E-07  0.8235E-07  0.3689E-06
  0.1552E-05  0.6116E-05  0.2249E-04  0.7655E-04  0.2376E-03  0.6568E-03
  0.1576E-02  0.3232E-02  0.5700E-02  0.8847E-02  0.1245E-01  0.1636E-01
  0.2075E-01  0.2638E-01  0.3502E-01  0.5096E-01  0.7416E-01  0.1235E+00
  0.4578E-05  0.0000E+00  0.0000E+00  0.0000E+00  0.0000E+00  0.0000E+00
  0.0000E+00  0.0000E+00  0.0000E+00  0.0000E+00  0.0000E+00  0.0000E+00
  0.0000E+00  0.0000E+00  0.0000E+00  0.0000E+00  0.0000E+00  0.0000E+00
  0.0000E+00  0.0000E+00  0.0000E+00  0.0000E+00  0.0000E+00  0.0000E+00
  0.0000E+00  0.0000E+00  0.0000E+00  0.0000E+00  0.0000E+00  0.0000E+00
  0.0000E+00  0.0000E+00  0.0000E+00  0.0000E+00  0.0000E+00  0.0000E+00
  0.0000E+00  0.0000E+00  0.0000E+00  0.0000E+00  0.0000E+00  0.0000E+00
  0.0000E+00  0.0000E+00  0.0000E+00  0.0000E+00  0.1843E-10  0.1114E-09
  0.6355E-09  0.3415E-08  0.1729E-07  0.8235E-07  0.3689E-06  0.1552E-05
  0.6116E-05  0.2249E-04  0.7655E-04  0.2376E-03  0.6568E-03  0.1576E-02
  0.3232E-02  0.5700E-02  0.8847E-02  0.1245E-01  0.1636E-01  0.2075E-01
  0.2638E-01  0.3502E-01  0.5096E-01  0.7416E-01  0.1235E+00  0.4578E-05
  0.0000E+00  0.0000E+00  0.0000E+00  0.0000E+00  0.0000E+00  0.0000E+00
  0.0000E+00  0.0000E+00  0.0000E+00  0.0000E+00  0.0000E+00  0.0000E+00
  0.0000E+00  0.0000E+00  0.0000E+00  0.0000E+00  0.0000E+00  0.0000E+00
  0.0000E+00  0.0000E+00  0.0000E+00  0.0000E+00  0.0000E+00  0.0000E+00
  0.0000E+00  0.0000E+00  0.0000E+00  0.0000E+00  0.0000E+00  0.0000E+00
  0.0000E+00  0.0000E+00  0.0000E+00  0.0000E+00  0.0000E+00  0.0000E+00
  0.0000E+00  0.0000E+00  0.0000E+00  0.0000E+00  0.0000E+00  0.0000E+00
  0.0000E+00  0.0000E+00  0.0000E+00  0.1843E-10  0.1114E-09  0.6355E-09
  0.3415E-08  0.1729E-07  0.8235E-07  0.3689E-06  0.1552E-05  0.6116E-05
  0.2249E-04  0.7655E-04  0.2376E-03  0.6568E-03  0.1576E-02  0.3232E-02
  0.5700E-02  0.8847E-02  0.1245E-01  0.1636E-01  0.2075E-01  0.2638E-01
  0.3502E-01  0.5096E-01  0.7416E-01  0.1235E+00  0.4578E-05  0.0000E+00
  0.0000E+00  0.0000E+00  0.0000E+00  0.0000E+00  0.0000E+00  0.0000E+00
  0.0000E+00  0.0000E+00  0.0000E+00  0.0000E+00  0.0000E+00  0.0000E+00
  0.0000E+00  0.0000E+00  0.0000E+00  0.0000E+00  0.0000E+00  0.0000E+00
  0.0000E+00  0.0000E+00  0.0000E+00  0.0000E+00  0.0000E+00  0.0000E+00
  0.0000E+00  0.0000E+00  0.0000E+00  0.0000E+00  0.0000E+00  0.0000E+00
  0.0000E+00  0.0000E+00  0.0000E+00  0.0000E+00  0.0000E+00  0.0000E+00
  0.0000E+00  0.0000E+00  0.0000E+00  0.0000E+00  0.0000E+00  0.0000E+00
  0.0000E+00  0.0000E+00  0.1843E-10  0.1114E-09  0.6355E-09  0.3415E-08
  0.1729E-07  0.8235E-07  0.3689E-06  0.1552E-05  0.6116E-05  0.2249E-04
  0.7655E-04  0.2376E-03  0.6568E-03  0.1576E-02  0.3232E-02  0.5700E-02
  0.8847E-02  0.1245E-01  0.1636E-01  0.2075E-01  0.2638E-01  0.3502E-01
  0.5096E-01  0.7416E-01  0.1235E+00  0.4578E-05  0.0000E+00  0.0000E+00
  0.0000E+00  0.0000E+00  0.0000E+00  0.0000E+00  0.0000E+00  0.0000E+00
  0.0000E+00  0.0000E+00  0.0000E+00  0.0000E+00  0.0000E+00  0.0000E+00
  0.0000E+00  0.0000E+00  0.0000E+00  0.0000E+00  0.0000E+00  0.0000E+00
  0.0000E+00  0.0000E+00  0.0000E+00  0.0000E+00  0.0000E+00  0.0000E+00
  0.0000E+00  0.0000E+00  0.0000E+00  0.0000E+00  0.0000E+00  0.0000E+00
  0.0000E+00  0.0000E+00  0.0000E+00  0.0000E+00  0.0000E+00  0.0000E+00
  0.0000E+00  0.0000E+00  0.0000E+00  0.0000E+00  0.0000E+00  0.0000E+00
  0.0000E+00  0.1843E-10  0.1114E-09  0.6355E-09  0.3415E-08  0.1729E-07
  0.8235E-07  0.3689E-06  0.1552E-05  0.6116E-05  0.2249E-04  0.7655E-04
  0.2376E-03  0.6568E-03  0.1576E-02  0.3232E-02  0.5700E-02  0.8847E-02
  0.1245E-01  0.1636E-01  0.2075E-01  0.2638E-01  0.3502E-01  0.5096E-01
  0.7416E-01  0.1235E+00  0.4578E-05  0.0000E+00  0.0000E+00  0.0000E+00
  0.0000E+00  0.0000E+00  0.0000E+00  0.0000E+00  0.0000E+00  0.0000E+00
  0.0000E+00  0.0000E+00  0.0000E+00  0.0000E+00  0.0000E+00  0.0000E+00
  0.0000E+00  0.0000E+00  0.0000E+00  0.0000E+00  0.0000E+00  0.0000E+00
  0.0000E+00  0.0000E+00  0.0000E+00  0.0000E+00  0.0000E+00  0.0000E+00
  0.0000E+00  0.0000E+00  0.0000E+00  0.0000E+00  0.0000E+00  0.0000E+00
  0.0000E+00  0.0000E+00  0.0000E+00  0.0000E+00  0.0000E+00  0.0000E+00
  0.0000E+00  0.0000E+00  0.0000E+00  0.0000E+00  0.0000E+00  0.0000E+00
  0.1843E-10  0.1114E-09  0.6355E-09  0.3415E-08  0.1729E-07  0.8235E-07
  0.3689E-06  0.1552E-05  0.6116E-05  0.2249E-04  0.7655E-04  0.2376E-03
  0.6568E-03  0.1576E-02  0.3232E-02  0.5700E-02  0.8847E-02  0.1245E-01
  0.1636E-01  0.2075E-01  0.2638E-01  0.3502E-01  0.5096E-01  0.7416E-01
  0.1235E+00  0.4578E-05  0.0000E+00  0.0000E+00  0.0000E+00  0.0000E+00
  0.0000E+00  0.0000E+00  0.0000E+00  0.0000E+00  0.0000E+00  0.0000E+00
  0.0000E+00  0.0000E+00  0.0000E+00  0.0000E+00  0.0000E+00  0.0000E+00
  0.0000E+00  0.0000E+00  0.0000E+00  0.0000E+00  0.0000E+00  0.0000E+00
  0.0000E+00  0.0000E+00  0.0000E+00  0.0000E+00  0.0000E+00  0.0000E+00
  0.0000E+00  0.0000E+00  0.0000E+00  0.0000E+00  0.0000E+00  0.0000E+00
  0.0000E+00  0.0000E+00  0.0000E+00  0.0000E+00  0.0000E+00  0.0000E+00
  0.0000E+00  0.0000E+00  0.0000E+00  0.0000E+00  0.0000E+00  0.1843E-10
  0.1114E-09  0.6355E-09  0.3415E-08  0.1729E-07  0.8235E-07  0.3689E-06
  0.1552E-05  0.6116E-05  0.2249E-04  0.7655E-04  0.2376E-03  0.6568E-03
  0.1576E-02  0.3232E-02  0.5700E-02  0.8847E-02  0.1245E-01  0.1636E-01
  0.2075E-01  0.2638E-01  0.3502E-01  0.5096E-01  0.7416E-01  0.1235E+00
  0.4578E-05  0.0000E+00  0.0000E+00  0.0000E+00  0.0000E+00  0.0000E+00
  0.0000E+00  0.0000E+00  0.0000E+00  0.0000E+00  0.0000E+00  0.0000E+00
  0.0000E+00  0.0000E+00  0.0000E+00  0.0000E+00  0.0000E+00  0.0000E+00
  0.0000E+00  0.0000E+00  0.0000E+00  0.0000E+00  0.0000E+00  0.0000E+00
  0.0000E+00  0.0000E+00  0.0000E+00  0.0000E+00  0.0000E+00  0.0000E+00
  0.0000E+00  0.0000E+00  0.0000E+00  0.0000E+00  0.0000E+00  0.0000E+00
  0.0000E+00  0.0000E+00  0.0000E+00  0.0000E+00  0.0000E+00  0.0000E+00
  0.0000E+00  0.0000E+00  0.0000E+00  0.0000E+00  0.1843E-10  0.1114E-09
  0.6355E-09  0.3415E-08  0.1729E-07  0.8235E-07  0.3689E-06  0.1552E-05
  0.6116E-05  0.2249E-04  0.7655E-04  0.2376E-03  0.6568E-03  0.1576E-02
  0.3232E-02  0.5700E-02  0.8847E-02  0.1245E-01  0.1636E-01  0.2075E-01
  0.2638E-01  0.3502E-01  0.5096E-01  0.7416E-01  0.1235E+00  0.4578E-05
  0.0000E+00  0.0000E+00  0.0000E+00  0.0000E+00  0.0000E+00  0.0000E+00
  0.0000E+00  0.0000E+00  0.0000E+00  0.0000E+00  0.0000E+00  0.0000E+00
  0.0000E+00  0.0000E+00  0.0000E+00  0.0000E+00  0.0000E+00  0.0000E+00
  0.0000E+00  0.0000E+00  0.0000E+00  0.0000E+00  0.0000E+00  0.0000E+00
  0.0000E+00  0.0000E+00  0.0000E+00  0.0000E+00  0.0000E+00  0.0000E+00
  0.0000E+00  0.0000E+00  0.0000E+00  0.0000E+00  0.0000E+00  0.0000E+00
  0.0000E+00  0.0000E+00  0.0000E+00  0.0000E+00  0.0000E+00  0.0000E+00
  0.0000E+00  0.0000E+00  0.0000E+00  0.1843E-10  0.1114E-09  0.6355E-09
  0.3415E-08  0.1729E-07  0.8235E-07  0.3689E-06  0.1552E-05  0.6116E-05
  0.2249E-04  0.7655E-04  0.2376E-03  0.6568E-03  0.1576E-02  0.3232E-02
  0.5700E-02  0.8847E-02  0.1245E-01  0.1636E-01  0.2075E-01  0.2638E-01
  0.3502E-01  0.5096E-01  0.7416E-01  0.1235E+00  0.4578E-05  0.0000E+00
  0.0000E+00  0.0000E+00  0.0000E+00  0.0000E+00  0.0000E+00  0.0000E+00
  0.0000E+00  0.0000E+00  0.0000E+00  0.0000E+00  0.0000E+00  0.0000E+00
  0.0000E+00  0.0000E+00  0.0000E+00  0.0000E+00  0.0000E+00  0.0000E+00
  0.0000E+00  0.0000E+00  0.0000E+00  0.0000E+00  0.0000E+00  0.0000E+00
  0.0000E+00  0.0000E+00  0.0000E+00  0.0000E+00  0.0000E+00  0.0000E+00
  0.0000E+00  0.0000E+00  0.0000E+00  0.0000E+00  0.0000E+00  0.0000E+00
  0.0000E+00  0.0000E+00  0.0000E+00  0.0000E+00  0.0000E+00  0.0000E+00
  0.0000E+00  0.0000E+00  0.1843E-10  0.1114E-09  0.6355E-09  0.3415E-08
  0.1729E-07  0.8235E-07  0.3689E-06  0.1552E-05  0.6116E-05  0.2249E-04
  0.7655E-04  0.2376E-03  0.6568E-03  0.1576E-02  0.3232E-02  0.5700E-02
  0.8847E-02  0.1245E-01  0.1636E-01  0.2075E-01  0.2638E-01  0.3502E-01
  0.5096E-01  0.7416E-01  0.1235E+00  0.4578E-05  0.0000E+00  0.0000E+00
  0.0000E+00  0.0000E+00  0.0000E+00  0.0000E+00  0.0000E+00  0.0000E+00
  0.0000E+00  0.0000E+00  0.0000E+00  0.0000E+00  0.0000E+00  0.0000E+00
  0.0000E+00  0.0000E+00  0.0000E+00  0.0000E+00  0.0000E+00  0.0000E+00
  0.0000E+00  0.0000E+00  0.0000E+00  0.0000E+00  0.0000E+00  0.0000E+00
  0.0000E+00  0.0000E+00  0.0000E+00  0.0000E+00  0.0000E+00  0.0000E+00
  0.0000E+00  0.0000E+00  0.0000E+00  0.0000E+00  0.0000E+00  0.0000E+00
  0.0000E+00  0.0000E+00  0.0000E+00  0.0000E+00  0.0000E+00  0.0000E+00
  0.0000E+00  0.1843E-10  0.1114E-09  0.6355E-09  0.3415E-08  0.1729E-07
  0.8235E-07  0.3689E-06  0.1552E-05  0.6116E-05  0.2249E-04  0.7655E-04
  0.2376E-03  0.6568E-03  0.1576E-02  0.3232E-02  0.5700E-02  0.8847E-02
  0.1245E-01  0.1636E-01  0.2075E-01  0.2638E-01  0.3502E-01  0.5096E-01
  0.7416E-01  0.1235E+00  0.4578E-05  0.0000E+00  0.0000E+00  0.0000E+00
  0.0000E+00  0.0000E+00  0.0000E+00  0.0000E+00  0.0000E+00  0.0000E+00
  0.0000E+00  0.0000E+00  0.0000E+00  0.0000E+00  0.0000E+00  0.0000E+00
  0.0000E+00  0.0000E+00  0.0000E+00  0.0000E+00  0.0000E+00  0.0000E+00
  0.0000E+00  0.0000E+00  0.0000E+00  0.0000E+00  0.0000E+00  0.0000E+00
  0.0000E+00  0.0000E+00  0.0000E+00  0.0000E+00  0.0000E+00  0.0000E+00
  0.0000E+00  0.0000E+00  0.0000E+00  0.0000E+00  0.0000E+00  0.0000E+00
  0.0000E+00  0.0000E+00  0.0000E+00  0.0000E+00  0.0000E+00  0.0000E+00
  0.1843E-10  0.1114E-09  0.6355E-09  0.3415E-08  0.1729E-07  0.8235E-07
  0.3689E-06  0.1552E-05  0.6116E-05  0.2249E-04  0.7655E-04  0.2376E-03
  0.6568E-03  0.1576E-02  0.3232E-02  0.5700E-02  0.8847E-02  0.1245E-01
  0.1636E-01  0.2075E-01  0.2638E-01  0.3502E-01  0.5096E-01  0.7416E-01
  0.1235E+00  0.4578E-05  0.0000E+00  0.0000E+00  0.0000E+00  0.0000E+00
  0.0000E+00  0.0000E+00  0.0000E+00  0.0000E+00  0.0000E+00  0.0000E+00
  0.0000E+00  0.0000E+00  0.0000E+00  0.0000E+00  0.0000E+00  0.0000E+00
  0.0000E+00  0.0000E+00  0.0000E+00  0.0000E+00  0.0000E+00  0.0000E+00
  0.0000E+00  0.0000E+00  0.0000E+00  0.0000E+00  0.0000E+00  0.0000E+00
  0.0000E+00  0.0000E+00  0.0000E+00  0.0000E+00  0.0000E+00  0.0000E+00
  0.0000E+00  0.0000E+00  0.0000E+00  0.0000E+00  0.0000E+00  0.0000E+00
  0.0000E+00  0.0000E+00  0.0000E+00  0.0000E+00  0.0000E+00  0.1843E-10
  0.1114E-09  0.6355E-09  0.3415E-08  0.1729E-07  0.8235E-07  0.3689E-06
  0.1552E-05  0.6116E-05  0.2249E-04  0.7655E-04  0.2376E-03  0.6568E-03
  0.1576E-02  0.3232E-02  0.5700E-02  0.8847E-02  0.1245E-01  0.1636E-01
  0.2075E-01  0.2638E-01  0.3502E-01  0.5096E-01  0.7416E-01  0.1235E+00
  0.4578E-05  0.0000E+00  0.0000E+00  0.0000E+00  0.0000E+00  0.0000E+00
  0.0000E+00  0.0000E+00  0.0000E+00  0.0000E+00  0.0000E+00  0.0000E+00
  0.0000E+00  0.0000E+00  0.0000E+00  0.0000E+00  0.0000E+00  0.0000E+00
  0.0000E+00  0.0000E+00  0.0000E+00  0.0000E+00  0.0000E+00  0.0000E+00
  0.0000E+00  0.0000E+00  0.0000E+00  0.0000E+00  0.0000E+00  0.0000E+00
  0.0000E+00  0.0000E+00  0.0000E+00  0.0000E+00  0.0000E+00  0.0000E+00
  0.0000E+00  0.0000E+00  0.0000E+00  0.0000E+00  0.0000E+00  0.0000E+00
  0.0000E+00  0.0000E+00  0.0000E+00  0.0000E+00  0.1843E-10  0.1114E-09
  0.6355E-09  0.3415E-08  0.1729E-07  0.8235E-07  0.3689E-06  0.1552E-05
  0.6116E-05  0.2249E-04  0.7655E-04  0.2376E-03  0.6568E-03  0.1576E-02
  0.3232E-02  0.5700E-02  0.8847E-02  0.1245E-01  0.1636E-01  0.2075E-01
  0.2638E-01  0.3502E-01  0.5096E-01  0.7416E-01  0.1235E+00  0.4578E-05
  0.0000E+00  0.0000E+00  0.0000E+00  0.0000E+00  0.0000E+00  0.0000E+00
  0.0000E+00  0.0000E+00  0.0000E+00  0.0000E+00  0.0000E+00  0.0000E+00
  0.0000E+00  0.0000E+00  0.0000E+00  0.0000E+00  0.0000E+00  0.0000E+00
  0.0000E+00  0.0000E+00  0.0000E+00  0.0000E+00  0.0000E+00  0.0000E+00
  0.0000E+00  0.0000E+00  0.0000E+00  0.0000E+00  0.0000E+00  0.0000E+00
  0.0000E+00  0.0000E+00  0.0000E+00  0.0000E+00  0.0000E+00  0.0000E+00
  0.0000E+00  0.0000E+00  0.0000E+00  0.0000E+00  0.0000E+00  0.0000E+00
  0.0000E+00  0.0000E+00  0.0000E+00  0.1843E-10  0.1114E-09  0.6355E-09
  0.3415E-08  0.1729E-07  0.8235E-07  0.3689E-06  0.1552E-05  0.6116E-05
  0.2249E-04  0.7655E-04  0.2376E-03  0.6568E-03  0.1576E-02  0.3232E-02
  0.5700E-02  0.8847E-02  0.1245E-01  0.1636E-01  0.2075E-01  0.2638E-01
  0.3502E-01  0.5096E-01  0.7416E-01  0.1235E+00  0.4578E-05  0.0000E+00
  0.0000E+00  0.0000E+00  0.0000E+00  0.0000E+00  0.0000E+00  0.0000E+00
  0.0000E+00  0.0000E+00  0.0000E+00  0.0000E+00  0.0000E+00  0.0000E+00
  0.0000E+00  0.0000E+00  0.0000E+00  0.0000E+00  0.0000E+00  0.0000E+00
  0.0000E+00  0.0000E+00  0.0000E+00  0.0000E+00  0.0000E+00  0.0000E+00
  0.0000E+00  0.0000E+00  0.0000E+00  0.0000E+00  0.0000E+00  0.0000E+00
  0.0000E+00  0.0000E+00  0.0000E+00  0.0000E+00  0.0000E+00  0.0000E+00
  0.0000E+00  0.0000E+00  0.0000E+00  0.0000E+00  0.0000E+00  0.0000E+00
  0.0000E+00  0.0000E+00  0.1843E-10  0.1114E-09  0.6355E-09  0.3415E-08
  0.1729E-07  0.8235E-07  0.3689E-06  0.1552E-05  0.6116E-05  0.2249E-04
  0.7655E-04  0.2376E-03  0.6568E-03  0.1576E-02  0.3232E-02  0.5700E-02
  0.8847E-02  0.1245E-01  0.1636E-01  0.2075E-01  0.2638E-01  0.3502E-01
  0.5096E-01  0.7416E-01  0.1235E+00  0.4578E-05  0.0000E+00  0.0000E+00
  0.0000E+00  0.0000E+00  0.0000E+00  0.0000E+00  0.0000E+00  0.0000E+00
  0.0000E+00  0.0000E+00  0.0000E+00  0.0000E+00  0.0000E+00  0.0000E+00
  0.0000E+00  0.0000E+00  0.0000E+00  0.0000E+00  0.0000E+00  0.0000E+00
  0.0000E+00  0.0000E+00  0.0000E+00  0.0000E+00  0.0000E+00  0.0000E+00
  0.0000E+00  0.0000E+00  0.0000E+00  0.0000E+00  0.0000E+00  0.0000E+00
  0.0000E+00  0.0000E+00  0.0000E+00  0.0000E+00  0.0000E+00  0.0000E+00
  0.0000E+00  0.0000E+00  0.0000E+00  0.0000E+00  0.0000E+00  0.0000E+00
  0.0000E+00  0.1843E-10  0.1114E-09  0.6355E-09  0.3415E-08  0.1729E-07
  0.8235E-07  0.3689E-06  0.1552E-05  0.6116E-05  0.2249E-04  0.7655E-04
  0.2376E-03  0.6568E-03  0.1576E-02  0.3232E-02  0.5700E-02  0.8847E-02
  0.1245E-01  0.1636E-01  0.2075E-01  0.2638E-01  0.3502E-01  0.5096E-01
  0.7416E-01  0.1235E+00  0.4578E-05  0.0000E+00  0.0000E+00  0.0000E+00
  0.0000E+00  0.0000E+00  0.0000E+00  0.0000E+00  0.0000E+00  0.0000E+00
  0.0000E+00  0.0000E+00  0.0000E+00  0.0000E+00  0.0000E+00  0.0000E+00
  0.0000E+00  0.0000E+00  0.0000E+00  0.0000E+00  0.0000E+00  0.0000E+00
  0.0000E+00  0.0000E+00  0.0000E+00  0.0000E+00  0.0000E+00  0.0000E+00
  0.0000E+00  0.0000E+00  0.0000E+00  0.0000E+00  0.0000E+00  0.0000E+00
  0.0000E+00  0.0000E+00  0.0000E+00  0.0000E+00  0.0000E+00  0.0000E+00
  0.0000E+00  0.0000E+00  0.0000E+00  0.0000E+00  0.0000E+00  0.0000E+00
  0.1843E-10  0.1114E-09  0.6355E-09  0.3415E-08  0.1729E-07  0.8235E-07
  0.3689E-06  0.1552E-05  0.6116E-05  0.2249E-04  0.7655E-04  0.2376E-03
  0.6568E-03  0.1576E-02  0.3232E-02  0.5700E-02  0.8847E-02  0.1245E-01
  0.1636E-01  0.2075E-01  0.2638E-01  0.3502E-01  0.5096E-01  0.7416E-01
  0.1235E+00  0.4578E-05  0.0000E+00  0.0000E+00  0.0000E+00  0.0000E+00
  0.0000E+00  0.0000E+00  0.0000E+00  0.0000E+00  0.0000E+00  0.0000E+00
  0.0000E+00  0.0000E+00  0.0000E+00  0.0000E+00  0.0000E+00  0.0000E+00
  0.0000E+00  0.0000E+00  0.0000E+00  0.0000E+00  0.0000E+00  0.0000E+00
  0.0000E+00  0.0000E+00  0.0000E+00  0.0000E+00  0.0000E+00  0.0000E+00
  0.0000E+00  0.0000E+00  0.0000E+00  0.0000E+00  0.0000E+00  0.0000E+00
  0.0000E+00  0.0000E+00  0.0000E+00  0.0000E+00  0.0000E+00  0.0000E+00
  0.0000E+00  0.0000E+00  0.0000E+00  0.0000E+00  0.0000E+00  0.1843E-10
  0.1114E-09  0.6355E-09  0.3415E-08  0.1729E-07  0.8235E-07  0.3689E-06
  0.1552E-05  0.6116E-05  0.2249E-04  0.7655E-04  0.2376E-03  0.6568E-03
  0.1576E-02  0.3232E-02  0.5700E-02  0.8847E-02  0.1245E-01  0.1636E-01
  0.2075E-01  0.2638E-01  0.3502E-01  0.5096E-01  0.7416E-01  0.1235E+00
  0.4578E-05  0.0000E+00  0.0000E+00  0.0000E+00  0.0000E+00  0.0000E+00
  0.0000E+00  0.0000E+00  0.0000E+00  0.0000E+00  0.0000E+00  0.0000E+00
  0.0000E+00  0.0000E+00  0.0000E+00  0.0000E+00  0.0000E+00  0.0000E+00
  0.0000E+00  0.0000E+00  0.0000E+00  0.0000E+00  0.0000E+00  0.0000E+00
  0.0000E+00  0.0000E+00  0.0000E+00  0.0000E+00  0.0000E+00  0.0000E+00
  0.0000E+00  0.0000E+00  0.0000E+00  0.0000E+00  0.0000E+00  0.0000E+00
  0.0000E+00  0.0000E+00  0.0000E+00  0.0000E+00  0.0000E+00  0.0000E+00
  0.0000E+00  0.0000E+00  0.0000E+00  0.0000E+00  0.1843E-10  0.1114E-09
  0.6355E-09  0.3415E-08  0.1729E-07  0.8235E-07  0.3689E-06  0.1552E-05
  0.6116E-05  0.2249E-04  0.7655E-04  0.2376E-03  0.6568E-03  0.1576E-02
  0.3232E-02  0.5700E-02  0.8847E-02  0.1245E-01  0.1636E-01  0.2075E-01
  0.2638E-01  0.3502E-01  0.5096E-01  0.7416E-01  0.1235E+00  0.4578E-05
  0.0000E+00  0.0000E+00  0.0000E+00  0.0000E+00  0.0000E+00  0.0000E+00
  0.0000E+00  0.0000E+00  0.0000E+00  0.0000E+00  0.0000E+00  0.0000E+00
  0.0000E+00  0.0000E+00  0.0000E+00  0.0000E+00  0.0000E+00  0.0000E+00
  0.0000E+00  0.0000E+00  0.0000E+00  0.0000E+00  0.0000E+00  0.0000E+00
  0.0000E+00  0.0000E+00  0.0000E+00  0.0000E+00  0.0000E+00  0.0000E+00
  0.0000E+00  0.0000E+00  0.0000E+00  0.0000E+00  0.0000E+00  0.0000E+00
  0.0000E+00  0.0000E+00  0.0000E+00  0.0000E+00  0.0000E+00  0.0000E+00
  0.0000E+00  0.0000E+00  0.0000E+00  0.1843E-10  0.1114E-09  0.6355E-09
  0.3415E-08  0.1729E-07  0.8235E-07  0.3689E-06  0.1552E-05  0.6116E-05
  0.2249E-04  0.7655E-04  0.2376E-03  0.6568E-03  0.1576E-02  0.3232E-02
  0.5700E-02  0.8847E-02  0.1245E-01  0.1636E-01  0.2075E-01  0.2638E-01
  0.3502E-01  0.5096E-01  0.7416E-01  0.1235E+00  0.4578E-05  0.0000E+00
  0.0000E+00  0.0000E+00  0.0000E+00  0.0000E+00  0.0000E+00  0.0000E+00
  0.0000E+00  0.0000E+00  0.0000E+00  0.0000E+00  0.0000E+00  0.0000E+00
  0.0000E+00  0.0000E+00  0.0000E+00  0.0000E+00  0.0000E+00  0.0000E+00
  0.0000E+00  0.0000E+00  0.0000E+00  0.0000E+00  0.0000E+00  0.0000E+00
  0.0000E+00  0.0000E+00  0.0000E+00  0.0000E+00  0.0000E+00  0.0000E+00
  0.0000E+00  0.0000E+00  0.0000E+00  0.0000E+00  0.0000E+00  0.0000E+00
  0.0000E+00  0.0000E+00  0.0000E+00  0.0000E+00  0.0000E+00  0.0000E+00
  0.0000E+00  0.0000E+00  0.1843E-10  0.1114E-09  0.6355E-09  0.3415E-08
  0.1729E-07  0.8235E-07  0.3689E-06  0.1552E-05  0.6116E-05  0.2249E-04
  0.7655E-04  0.2376E-03  0.6568E-03  0.1576E-02  0.3232E-02  0.5700E-02
  0.8847E-02  0.1245E-01  0.1636E-01  0.2075E-01  0.2638E-01  0.3502E-01
  0.5096E-01  0.7416E-01  0.1235E+00  0.4578E-05  0.0000E+00  0.0000E+00
  0.0000E+00  0.0000E+00  0.0000E+00  0.0000E+00  0.0000E+00  0.0000E+00
  0.0000E+00  0.0000E+00  0.0000E+00  0.0000E+00  0.0000E+00  0.0000E+00
  0.0000E+00  0.0000E+00  0.0000E+00  0.0000E+00  0.0000E+00  0.0000E+00
  0.0000E+00  0.0000E+00  0.0000E+00  0.0000E+00  0.0000E+00  0.0000E+00
  0.0000E+00  0.0000E+00  0.0000E+00  0.0000E+00  0.0000E+00  0.0000E+00
  0.0000E+00  0.0000E+00  0.0000E+00  0.0000E+00  0.0000E+00  0.0000E+00
  0.0000E+00  0.0000E+00  0.0000E+00  0.0000E+00  0.0000E+00  0.0000E+00
  0.0000E+00  0.1843E-10  0.1114E-09  0.6355E-09  0.3415E-08  0.1729E-07
  0.8235E-07  0.3689E-06  0.1552E-05  0.6116E-05  0.2249E-04  0.7655E-04
  0.2376E-03  0.6568E-03  0.1576E-02  0.3232E-02  0.5700E-02  0.8847E-02
  0.1245E-01  0.1636E-01  0.2075E-01  0.2638E-01  0.3502E-01  0.5096E-01
  0.7416E-01  0.1235E+00  0.4578E-05  0.0000E+00  0.0000E+00  0.0000E+00
  0.0000E+00  0.0000E+00  0.0000E+00  0.0000E+00  0.0000E+00  0.0000E+00
  0.0000E+00  0.0000E+00  0.0000E+00  0.0000E+00  0.0000E+00  0.0000E+00
  0.0000E+00  0.0000E+00  0.0000E+00  0.0000E+00  0.0000E+00  0.0000E+00
  0.0000E+00  0.0000E+00  0.0000E+00  0.0000E+00  0.0000E+00  0.0000E+00
  0.0000E+00  0.0000E+00  0.0000E+00  0.0000E+00  0.0000E+00  0.0000E+00
  0.0000E+00  0.0000E+00  0.0000E+00  0.0000E+00  0.0000E+00  0.0000E+00
  0.0000E+00  0.0000E+00  0.0000E+00  0.0000E+00  0.0000E+00  0.0000E+00
  0.1843E-10  0.1114E-09  0.6355E-09  0.3415E-08  0.1729E-07  0.8235E-07
  0.3689E-06  0.1552E-05  0.6116E-05  0.2249E-04  0.7655E-04  0.2376E-03
  0.6568E-03  0.1576E-02  0.3232E-02  0.5700E-02  0.8847E-02  0.1245E-01
  0.1636E-01  0.2075E-01  0.2638E-01  0.3502E-01  0.5096E-01  0.7416E-01
  0.1235E+00  0.4578E-05  0.0000E+00  0.0000E+00  0.0000E+00  0.0000E+00
  0.0000E+00  0.0000E+00  0.0000E+00  0.0000E+00  0.0000E+00  0.0000E+00
  0.0000E+00  0.0000E+00  0.0000E+00  0.0000E+00  0.0000E+00  0.0000E+00
  0.0000E+00  0.0000E+00  0.0000E+00  0.0000E+00  0.0000E+00  0.0000E+00
  0.0000E+00  0.0000E+00  0.0000E+00  0.0000E+00  0.0000E+00  0.0000E+00
  0.0000E+00  0.0000E+00  0.0000E+00  0.0000E+00  0.0000E+00  0.0000E+00
  0.0000E+00  0.0000E+00  0.0000E+00  0.0000E+00  0.0000E+00  0.0000E+00
  0.0000E+00  0.0000E+00  0.0000E+00  0.0000E+00  0.0000E+00  0.1843E-10
  0.1114E-09  0.6355E-09  0.3415E-08  0.1729E-07  0.8235E-07  0.3689E-06
  0.1552E-05  0.6116E-05  0.2249E-04  0.7655E-04  0.2376E-03  0.6568E-03
  0.1576E-02  0.3232E-02  0.5700E-02  0.8847E-02  0.1245E-01  0.1636E-01
  0.2075E-01  0.2638E-01  0.3502E-01  0.5096E-01  0.7416E-01  0.1235E+00
  0.4578E-05  0.0000E+00  0.0000E+00  0.0000E+00  0.0000E+00  0.0000E+00
  0.0000E+00  0.0000E+00  0.0000E+00  0.0000E+00  0.0000E+00  0.0000E+00
  0.0000E+00  0.0000E+00  0.0000E+00  0.0000E+00  0.0000E+00  0.0000E+00
  0.0000E+00  0.0000E+00  0.0000E+00  0.0000E+00  0.0000E+00  0.0000E+00
  0.0000E+00  0.0000E+00  0.0000E+00  0.0000E+00  0.0000E+00  0.0000E+00
  0.0000E+00  0.0000E+00  0.0000E+00  0.0000E+00  0.0000E+00  0.0000E+00
  0.0000E+00  0.0000E+00  0.0000E+00  0.0000E+00  0.0000E+00  0.0000E+00
  0.0000E+00  0.0000E+00  0.0000E+00  0.0000E+00  0.1843E-10  0.1114E-09
  0.6355E-09  0.3415E-08  0.1729E-07  0.8235E-07  0.3689E-06  0.1552E-05
  0.6116E-05  0.2249E-04  0.7655E-04  0.2376E-03  0.6568E-03  0.1576E-02
  0.3232E-02  0.5700E-02  0.8847E-02  0.1245E-01  0.1636E-01  0.2075E-01
  0.2638E-01  0.3502E-01  0.5096E-01  0.7416E-01  0.1235E+00  0.4578E-05
  0.0000E+00  0.0000E+00  0.0000E+00  0.0000E+00  0.0000E+00  0.0000E+00
  0.0000E+00  0.0000E+00  0.0000E+00  0.0000E+00  0.0000E+00  0.0000E+00
  0.0000E+00  0.0000E+00  0.0000E+00  0.0000E+00  0.0000E+00  0.0000E+00
  0.0000E+00  0.0000E+00  0.0000E+00  0.0000E+00  0.0000E+00  0.0000E+00
  0.0000E+00  0.0000E+00  0.0000E+00  0.0000E+00  0.0000E+00  0.0000E+00
  0.0000E+00  0.0000E+00  0.0000E+00  0.0000E+00  0.0000E+00  0.0000E+00
  0.0000E+00  0.0000E+00  0.0000E+00  0.0000E+00  0.0000E+00  0.0000E+00
  0.0000E+00  0.0000E+00  0.0000E+00  0.1843E-10  0.1114E-09  0.6355E-09
  0.3415E-08  0.1729E-07  0.8235E-07  0.3689E-06  0.1552E-05  0.6116E-05
  0.2249E-04  0.7655E-04  0.2376E-03  0.6568E-03  0.1576E-02  0.3232E-02
  0.5700E-02  0.8847E-02  0.1245E-01  0.1636E-01  0.2075E-01  0.2638E-01
  0.3502E-01  0.5096E-01  0.7416E-01  0.1235E+00  0.4578E-05  0.0000E+00
  0.0000E+00  0.0000E+00  0.0000E+00  0.0000E+00  0.0000E+00  0.0000E+00
  0.0000E+00  0.0000E+00  0.0000E+00  0.0000E+00  0.0000E+00  0.0000E+00
  0.0000E+00  0.0000E+00  0.0000E+00  0.0000E+00  0.0000E+00  0.0000E+00
  0.0000E+00  0.0000E+00  0.0000E+00  0.0000E+00  0.0000E+00  0.0000E+00
  0.0000E+00  0.0000E+00  0.0000E+00  0.0000E+00  0.0000E+00  0.0000E+00
  0.0000E+00  0.0000E+00  0.0000E+00  0.0000E+00  0.0000E+00  0.0000E+00
  0.0000E+00  0.0000E+00  0.0000E+00  0.0000E+00  0.0000E+00  0.0000E+00
  0.0000E+00  0.0000E+00  0.1843E-10  0.1114E-09  0.6355E-09  0.3415E-08
  0.1729E-07  0.8235E-07  0.3689E-06  0.1552E-05  0.6116E-05  0.2249E-04
  0.7655E-04  0.2376E-03  0.6568E-03  0.1576E-02  0.3232E-02  0.5700E-02
  0.8847E-02  0.1245E-01  0.1636E-01  0.2075E-01  0.2638E-01  0.3502E-01
  0.5096E-01  0.7416E-01  0.1235E+00  0.4578E-05  0.0000E+00  0.0000E+00
  0.0000E+00  0.0000E+00  0.0000E+00  0.0000E+00  0.0000E+00  0.0000E+00
  0.0000E+00  0.0000E+00  0.0000E+00  0.0000E+00  0.0000E+00  0.0000E+00
  0.0000E+00  0.0000E+00  0.0000E+00  0.0000E+00  0.0000E+00  0.0000E+00
  0.0000E+00  0.0000E+00  0.0000E+00  0.0000E+00  0.0000E+00  0.0000E+00
  0.0000E+00  0.0000E+00  0.0000E+00  0.0000E+00  0.0000E+00  0.0000E+00
  0.0000E+00  0.0000E+00  0.0000E+00  0.0000E+00  0.0000E+00  0.0000E+00
  0.0000E+00  0.0000E+00  0.0000E+00  0.0000E+00  0.0000E+00  0.0000E+00
  0.0000E+00  0.1843E-10  0.1114E-09  0.6355E-09  0.3415E-08  0.1729E-07
  0.8235E-07  0.3689E-06  0.1552E-05  0.6116E-05  0.2249E-04  0.7655E-04
  0.2376E-03  0.6568E-03  0.1576E-02  0.3232E-02  0.5700E-02  0.8847E-02
  0.1245E-01  0.1636E-01  0.2075E-01  0.2638E-01  0.3502E-01  0.5096E-01
  0.7416E-01  0.1235E+00  0.4576E-05  0.0000E+00  0.0000E+00  0.0000E+00
  0.0000E+00  0.0000E+00  0.0000E+00  0.0000E+00  0.0000E+00  0.0000E+00
  0.0000E+00  0.0000E+00  0.0000E+00  0.0000E+00  0.0000E+00  0.0000E+00
  0.0000E+00  0.0000E+00  0.0000E+00  0.0000E+00  0.0000E+00  0.0000E+00
  0.0000E+00  0.0000E+00  0.0000E+00  0.0000E+00  0.0000E+00  0.0000E+00
  0.0000E+00  0.0000E+00  0.0000E+00  0.0000E+00  0.0000E+00  0.0000E+00
  0.0000E+00  0.0000E+00  0.0000E+00  0.0000E+00  0.0000E+00  0.0000E+00
  0.0000E+00  0.0000E+00  0.0000E+00  0.0000E+00  0.0000E+00  0.0000E+00
  0.1843E-10  0.1114E-09  0.6355E-09  0.3415E-08  0.1729E-07  0.8235E-07
  0.3689E-06  0.1552E-05  0.6116E-05  0.2249E-04  0.7655E-04  0.2376E-03
  0.6568E-03  0.1576E-02  0.3232E-02  0.5700E-02  0.8847E-02  0.1245E-01
  0.1636E-01  0.2075E-01  0.2638E-01  0.3502E-01  0.5096E-01  0.7416E-01
  0.1235E+00  0.4572E-05  0.0000E+00  0.0000E+00  0.0000E+00  0.0000E+00
  0.0000E+00  0.0000E+00  0.0000E+00  0.0000E+00  0.0000E+00  0.0000E+00
  0.0000E+00  0.0000E+00  0.0000E+00  0.0000E+00  0.0000E+00  0.0000E+00
  0.0000E+00  0.0000E+00  0.0000E+00  0.0000E+00  0.0000E+00  0.0000E+00
  0.0000E+00  0.0000E+00  0.0000E+00  0.0000E+00  0.0000E+00  0.0000E+00
  0.0000E+00  0.0000E+00  0.0000E+00  0.0000E+00  0.0000E+00  0.0000E+00
  0.0000E+00  0.0000E+00  0.0000E+00  0.0000E+00  0.0000E+00  0.0000E+00
  0.0000E+00  0.0000E+00  0.0000E+00  0.0000E+00  0.0000E+00  0.1843E-10
  0.1114E-09  0.6355E-09  0.3415E-08  0.1729E-07  0.8235E-07  0.3689E-06
  0.1552E-05  0.6116E-05  0.2249E-04  0.7655E-04  0.2376E-03  0.6568E-03
  0.1576E-02  0.3232E-02  0.5700E-02  0.8847E-02  0.1245E-01  0.1636E-01
  0.2075E-01  0.2638E-01  0.3502E-01  0.5096E-01  0.7416E-01  0.1235E+00
  0.4569E-05  0.0000E+00  0.0000E+00  0.0000E+00  0.0000E+00  0.0000E+00
  0.0000E+00  0.0000E+00  0.0000E+00  0.0000E+00  0.0000E+00  0.0000E+00
  0.0000E+00  0.0000E+00  0.0000E+00  0.0000E+00  0.0000E+00  0.0000E+00
  0.0000E+00  0.0000E+00  0.0000E+00  0.0000E+00  0.0000E+00  0.0000E+00
  0.0000E+00  0.0000E+00  0.0000E+00  0.0000E+00  0.0000E+00  0.0000E+00
  0.0000E+00  0.0000E+00  0.0000E+00  0.0000E+00  0.0000E+00  0.0000E+00
  0.0000E+00  0.0000E+00  0.0000E+00  0.0000E+00  0.0000E+00  0.0000E+00
  0.0000E+00  0.0000E+00  0.0000E+00  0.0000E+00  0.1843E-10  0.1115E-09
  0.6355E-09  0.3415E-08  0.1729E-07  0.8235E-07  0.3689E-06  0.1552E-05
  0.6116E-05  0.2249E-04  0.7655E-04  0.2376E-03  0.6568E-03  0.1576E-02
  0.3232E-02  0.5700E-02  0.8847E-02  0.1245E-01  0.1636E-01  0.2075E-01
  0.2638E-01  0.3502E-01  0.5095E-01  0.7415E-01  0.1235E+00  0.4582E-05
  0.0000E+00  0.0000E+00  0.0000E+00  0.0000E+00  0.0000E+00  0.0000E+00
  0.0000E+00  0.0000E+00  0.0000E+00  0.0000E+00  0.0000E+00  0.0000E+00
  0.0000E+00  0.0000E+00  0.0000E+00  0.0000E+00  0.0000E+00  0.0000E+00
  0.0000E+00  0.0000E+00  0.0000E+00  0.0000E+00  0.0000E+00  0.0000E+00
  0.0000E+00  0.0000E+00  0.0000E+00  0.0000E+00  0.0000E+00  0.0000E+00
  0.0000E+00  0.0000E+00  0.0000E+00  0.0000E+00  0.0000E+00  0.0000E+00
  0.0000E+00  0.0000E+00  0.0000E+00  0.0000E+00  0.0000E+00  0.0000E+00
  0.0000E+00  0.0000E+00  0.0000E+00  0.1843E-10  0.1115E-09  0.6356E-09
  0.3415E-08  0.1729E-07  0.8235E-07  0.3689E-06  0.1552E-05  0.6115E-05
  0.2249E-04  0.7654E-04  0.2375E-03  0.6567E-03  0.1576E-02  0.3232E-02
  0.5699E-02  0.8846E-02  0.1245E-01  0.1636E-01  0.2075E-01  0.2638E-01
  0.3502E-01  0.5095E-01  0.7415E-01  0.1234E+00  0.4624E-05  0.0000E+00
  0.0000E+00  0.0000E+00  0.0000E+00  0.0000E+00  0.0000E+00  0.0000E+00
  0.0000E+00  0.0000E+00  0.0000E+00  0.0000E+00  0.0000E+00  0.0000E+00
  0.0000E+00  0.0000E+00  0.0000E+00  0.0000E+00  0.0000E+00  0.0000E+00
  0.0000E+00  0.0000E+00  0.0000E+00  0.0000E+00  0.0000E+00  0.0000E+00
  0.0000E+00  0.0000E+00  0.0000E+00  0.0000E+00  0.0000E+00  0.0000E+00
  0.0000E+00  0.0000E+00  0.0000E+00  0.0000E+00  0.0000E+00  0.0000E+00
  0.0000E+00  0.0000E+00  0.0000E+00  0.0000E+00  0.0000E+00  0.0000E+00
  0.0000E+00  0.0000E+00  0.1843E-10  0.1114E-09  0.6354E-09  0.3414E-08
  0.1728E-07  0.8232E-07  0.3687E-06  0.1551E-05  0.6113E-05  0.2248E-04
  0.7651E-04  0.2374E-03  0.6565E-03  0.1575E-02  0.3231E-02  0.5698E-02
  0.8844E-02  0.1244E-01  0.1636E-01  0.2075E-01  0.2638E-01  0.3502E-01
  0.5095E-01  0.7415E-01  0.1234E+00  0.4683E-05  0.0000E+00  0.0000E+00
  0.0000E+00  0.0000E+00  0.0000E+00  0.0000E+00  0.0000E+00  0.0000E+00
  0.0000E+00  0.0000E+00  0.0000E+00  0.0000E+00  0.0000E+00  0.0000E+00
  0.0000E+00  0.0000E+00  0.0000E+00  0.0000E+00  0.0000E+00  0.0000E+00
  0.0000E+00  0.0000E+00  0.0000E+00  0.0000E+00  0.0000E+00  0.0000E+00
  0.0000E+00  0.0000E+00  0.0000E+00  0.0000E+00  0.0000E+00  0.0000E+00
  0.0000E+00  0.0000E+00  0.0000E+00  0.0000E+00  0.0000E+00  0.0000E+00
  0.0000E+00  0.0000E+00  0.0000E+00  0.0000E+00  0.0000E+00  0.0000E+00
  0.0000E+00  0.1841E-10  0.1113E-09  0.6348E-09  0.3411E-08  0.1726E-07
  0.8224E-07  0.3684E-06  0.1550E-05  0.6108E-05  0.2246E-04  0.7646E-04
  0.2373E-03  0.6562E-03  0.1575E-02  0.3231E-02  0.5698E-02  0.8844E-02
  0.1245E-01  0.1636E-01  0.2075E-01  0.2638E-01  0.3502E-01  0.5095E-01
  0.7416E-01  0.1235E+00  0.4666E-05  0.0000E+00  0.0000E+00  0.0000E+00
  0.0000E+00  0.0000E+00  0.0000E+00  0.0000E+00  0.0000E+00  0.0000E+00
  0.0000E+00  0.0000E+00  0.0000E+00  0.0000E+00  0.0000E+00  0.0000E+00
  0.0000E+00  0.0000E+00  0.0000E+00  0.0000E+00  0.0000E+00  0.0000E+00
  0.0000E+00  0.0000E+00  0.0000E+00  0.0000E+00  0.0000E+00  0.0000E+00
  0.0000E+00  0.0000E+00  0.0000E+00  0.0000E+00  0.0000E+00  0.0000E+00
  0.0000E+00  0.0000E+00  0.0000E+00  0.0000E+00  0.0000E+00  0.0000E+00
  0.0000E+00  0.0000E+00  0.0000E+00  0.0000E+00  0.0000E+00  0.0000E+00
  0.1838E-10  0.1111E-09  0.6337E-09  0.3406E-08  0.1724E-07  0.8215E-07
  0.3681E-06  0.1549E-05  0.6106E-05  0.2246E-04  0.7647E-04  0.2374E-03
  0.6564E-03  0.1575E-02  0.3232E-02  0.5700E-02  0.8847E-02  0.1245E-01
  0.1636E-01  0.2076E-01  0.2639E-01  0.3503E-01  0.5096E-01  0.7416E-01
  0.1235E+00  0.4427E-05  0.0000E+00  0.0000E+00  0.0000E+00  0.0000E+00
  0.0000E+00  0.0000E+00  0.0000E+00  0.0000E+00  0.0000E+00  0.0000E+00
  0.0000E+00  0.0000E+00  0.0000E+00  0.0000E+00  0.0000E+00  0.0000E+00
  0.0000E+00  0.0000E+00  0.0000E+00  0.0000E+00  0.0000E+00  0.0000E+00
  0.0000E+00  0.0000E+00  0.0000E+00  0.0000E+00  0.0000E+00  0.0000E+00
  0.0000E+00  0.0000E+00  0.0000E+00  0.0000E+00  0.0000E+00  0.0000E+00
  0.0000E+00  0.0000E+00  0.0000E+00  0.0000E+00  0.0000E+00  0.0000E+00
  0.0000E+00  0.0000E+00  0.0000E+00  0.0000E+00  0.0000E+00  0.1835E-10
  0.1110E-09  0.6334E-09  0.3406E-08  0.1725E-07  0.8222E-07  0.3685E-06
  0.1551E-05  0.6116E-05  0.2250E-04  0.7662E-04  0.2378E-03  0.6576E-03
  0.1578E-02  0.3236E-02  0.5706E-02  0.8854E-02  0.1246E-01  0.1637E-01
  0.2076E-01  0.2639E-01  0.3503E-01  0.5097E-01  0.7417E-01  0.1235E+00
  0.3942E-05  0.0000E+00  0.0000E+00  0.0000E+00  0.0000E+00  0.0000E+00
  0.0000E+00  0.0000E+00  0.0000E+00  0.0000E+00  0.0000E+00  0.0000E+00
  0.0000E+00  0.0000E+00  0.0000E+00  0.0000E+00  0.0000E+00  0.0000E+00
  0.0000E+00  0.0000E+00  0.0000E+00  0.0000E+00  0.0000E+00  0.0000E+00
  0.0000E+00  0.0000E+00  0.0000E+00  0.0000E+00  0.0000E+00  0.0000E+00
  0.0000E+00  0.0000E+00  0.0000E+00  0.0000E+00  0.0000E+00  0.0000E+00
  0.0000E+00  0.0000E+00  0.0000E+00  0.0000E+00  0.0000E+00  0.0000E+00
  0.0000E+00  0.0000E+00  0.0000E+00  0.0000E+00  0.1839E-10  0.1113E-09
  0.6355E-09  0.3419E-08  0.1732E-07  0.8259E-07  0.3702E-06  0.1558E-05
  0.6144E-05  0.2260E-04  0.7692E-04  0.2387E-03  0.6597E-03  0.1582E-02
  0.3242E-02  0.5714E-02  0.8863E-02  0.1246E-01  0.1637E-01  0.2077E-01
  0.2639E-01  0.3503E-01  0.5098E-01  0.7418E-01  0.1235E+00  0.3488E-05
  0.0000E+00  0.0000E+00  0.0000E+00  0.0000E+00  0.0000E+00  0.0000E+00
  0.0000E+00  0.0000E+00  0.0000E+00  0.0000E+00  0.0000E+00  0.0000E+00
  0.0000E+00  0.0000E+00  0.0000E+00  0.0000E+00  0.0000E+00  0.0000E+00
  0.0000E+00  0.0000E+00  0.0000E+00  0.0000E+00  0.0000E+00  0.0000E+00
  0.0000E+00  0.0000E+00  0.0000E+00  0.0000E+00  0.0000E+00  0.0000E+00
  0.0000E+00  0.0000E+00  0.0000E+00  0.0000E+00  0.0000E+00  0.0000E+00
  0.0000E+00  0.0000E+00  0.0000E+00  0.0000E+00  0.0000E+00  0.0000E+00
  0.0000E+00  0.0000E+00  0.0000E+00  0.1855E-10  0.1124E-09  0.6416E-09
  0.3451E-08  0.1748E-07  0.8335E-07  0.3735E-06  0.1571E-05  0.6191E-05
  0.2276E-04  0.7741E-04  0.2400E-03  0.6627E-03  0.1588E-02  0.3251E-02
  0.5723E-02  0.8871E-02  0.1247E-01  0.1638E-01  0.2076E-01  0.2639E-01
  0.3503E-01  0.5097E-01  0.7418E-01  0.1235E+00  0.3764E-05  0.0000E+00
  0.0000E+00  0.0000E+00  0.0000E+00  0.0000E+00  0.0000E+00  0.0000E+00
  0.0000E+00  0.0000E+00  0.0000E+00  0.0000E+00  0.0000E+00  0.0000E+00
  0.0000E+00  0.0000E+00  0.0000E+00  0.0000E+00  0.0000E+00  0.0000E+00
  0.0000E+00  0.0000E+00  0.0000E+00  0.0000E+00  0.0000E+00  0.0000E+00
  0.0000E+00  0.0000E+00  0.0000E+00  0.0000E+00  0.0000E+00  0.0000E+00
  0.0000E+00  0.0000E+00  0.0000E+00  0.0000E+00  0.0000E+00  0.0000E+00
  0.0000E+00  0.0000E+00  0.0000E+00  0.0000E+00  0.0000E+00  0.0000E+00
  0.0000E+00  0.0000E+00  0.1899E-10  0.1150E-09  0.6564E-09  0.3528E-08
  0.1786E-07  0.8502E-07  0.3805E-06  0.1599E-05  0.6291E-05  0.2309E-04
  0.7842E-04  0.2427E-03  0.6687E-03  0.1599E-02  0.3266E-02  0.5740E-02
  0.8885E-02  0.1248E-01  0.1638E-01  0.2076E-01  0.2638E-01  0.3503E-01
  0.5098E-01  0.7419E-01  0.1235E+00  0.5749E-05  0.0000E+00  0.0000E+00
  0.0000E+00  0.0000E+00  0.0000E+00  0.0000E+00  0.0000E+00  0.0000E+00
  0.0000E+00  0.0000E+00  0.0000E+00  0.0000E+00  0.0000E+00  0.0000E+00
  0.0000E+00  0.0000E+00  0.0000E+00  0.0000E+00  0.0000E+00  0.0000E+00
  0.0000E+00  0.0000E+00  0.0000E+00  0.0000E+00  0.0000E+00  0.0000E+00
  0.0000E+00  0.0000E+00  0.0000E+00  0.0000E+00  0.0000E+00  0.0000E+00
  0.0000E+00  0.0000E+00  0.0000E+00  0.0000E+00  0.0000E+00  0.0000E+00
  0.0000E+00  0.0000E+00  0.0000E+00  0.0000E+00  0.0000E+00  0.0000E+00
  0.0000E+00  0.2006E-10  0.1212E-09  0.6893E-09  0.3693E-08  0.1863E-07
  0.8838E-07  0.3941E-06  0.1650E-05  0.6469E-05  0.2366E-04  0.8005E-04
  0.2468E-03  0.6773E-03  0.1613E-02  0.3285E-02  0.5758E-02  0.8898E-02
  0.1248E-01  0.1638E-01  0.2076E-01  0.2638E-01  0.3503E-01  0.5099E-01
  0.7420E-01  0.1235E+00  0.9118E-05  0.0000E+00  0.0000E+00  0.0000E+00
  0.0000E+00  0.0000E+00  0.0000E+00  0.0000E+00  0.0000E+00  0.0000E+00
  0.0000E+00  0.0000E+00  0.0000E+00  0.0000E+00  0.0000E+00  0.0000E+00
  0.0000E+00  0.0000E+00  0.0000E+00  0.0000E+00  0.0000E+00  0.0000E+00
  0.0000E+00  0.0000E+00  0.0000E+00  0.0000E+00  0.0000E+00  0.0000E+00
  0.0000E+00  0.0000E+00  0.0000E+00  0.0000E+00  0.0000E+00  0.0000E+00
  0.0000E+00  0.0000E+00  0.0000E+00  0.0000E+00  0.0000E+00  0.0000E+00
  0.0000E+00  0.0000E+00  0.0000E+00  0.0000E+00  0.0000E+00  0.0000E+00
  0.2158E-10  0.1292E-09  0.7286E-09  0.3870E-08  0.1936E-07  0.9115E-07
  0.4035E-06  0.1678E-05  0.6540E-05  0.2379E-04  0.8012E-04  0.2461E-03
  0.6738E-03  0.1603E-02  0.3264E-02  0.5726E-02  0.8859E-02  0.1244E-01
  0.1635E-01  0.2073E-01  0.2636E-01  0.3500E-01  0.5092E-01  0.7413E-01
  0.1234E+00  0.1051E-04  0.0000E+00  0.0000E+00  0.0000E+00  0.0000E+00
  0.0000E+00  0.0000E+00  0.0000E+00  0.0000E+00  0.0000E+00  0.0000E+00
  0.0000E+00  0.0000E+00  0.0000E+00  0.0000E+00  0.0000E+00  0.0000E+00
  0.0000E+00  0.0000E+00  0.0000E+00  0.0000E+00  0.0000E+00  0.0000E+00
  0.0000E+00  0.0000E+00  0.0000E+00  0.0000E+00  0.0000E+00  0.0000E+00
  0.0000E+00  0.0000E+00  0.0000E+00  0.0000E+00  0.0000E+00  0.0000E+00
  0.0000E+00  0.0000E+00  0.0000E+00  0.0000E+00  0.0000E+00  0.0000E+00
  0.0000E+00  0.0000E+00  0.0000E+00  0.0000E+00  0.0000E+00  0.2122E-10
  0.1252E-09  0.6971E-09  0.3663E-08  0.1816E-07  0.8487E-07  0.3737E-06
  0.1549E-05  0.6026E-05  0.2193E-04  0.7407E-04  0.2288E-03  0.6318E-03
  0.1520E-02  0.3134E-02  0.5563E-02  0.8690E-02  0.1229E-01  0.1623E-01
  0.2065E-01  0.2628E-01  0.3488E-01  0.5070E-01  0.7385E-01  0.1231E+00
  0.7995E-05  0.0000E+00  0.0000E+00  0.0000E+00  0.0000E+00  0.0000E+00
  0.0000E+00  0.0000E+00  0.0000E+00  0.0000E+00  0.0000E+00  0.0000E+00
  0.0000E+00  0.0000E+00  0.0000E+00  0.0000E+00  0.0000E+00  0.0000E+00
  0.0000E+00  0.0000E+00  0.0000E+00  0.0000E+00  0.0000E+00  0.0000E+00
  0.0000E+00  0.0000E+00  0.0000E+00  0.0000E+00  0.0000E+00  0.0000E+00
  0.0000E+00  0.0000E+00  0.0000E+00  0.0000E+00  0.0000E+00  0.0000E+00
  0.0000E+00  0.0000E+00  0.0000E+00  0.0000E+00  0.0000E+00  0.0000E+00
  0.0000E+00  0.0000E+00  0.0000E+00  0.0000E+00  0.1609E-10  0.9442E-10
  0.5248E-09  0.2761E-08  0.1375E-07  0.6473E-07  0.2879E-06  0.1208E-05
  0.4768E-05  0.1765E-04  0.6083E-04  0.1924E-03  0.5463E-03  0.1355E-02
  0.2881E-02  0.5251E-02  0.8374E-02  0.1203E-01  0.1604E-01  0.2052E-01
  0.2617E-01  0.3471E-01  0.5033E-01  0.7338E-01  0.1226E+00  0.8121E-05
  0.0000E+00  0.0000E+00  0.0000E+00  0.0000E+00  0.0000E+00  0.0000E+00
  0.0000E+00  0.0000E+00  0.0000E+00  0.0000E+00  0.0000E+00  0.0000E+00
  0.0000E+00  0.0000E+00  0.0000E+00  0.0000E+00  0.0000E+00  0.0000E+00
  0.0000E+00  0.0000E+00  0.0000E+00  0.0000E+00  0.0000E+00  0.0000E+00
  0.0000E+00  0.0000E+00  0.0000E+00  0.0000E+00  0.0000E+00  0.0000E+00
  0.0000E+00  0.0000E+00  0.0000E+00  0.0000E+00  0.0000E+00  0.0000E+00
  0.0000E+00  0.0000E+00  0.0000E+00  0.0000E+00  0.0000E+00  0.0000E+00
  0.0000E+00  0.0000E+00  0.0000E+00  0.0000E+00  0.5060E-10  0.2885E-09
  0.1562E-08  0.8022E-08  0.3904E-07  0.1797E-06  0.7816E-06  0.3203E-05
  0.1232E-04  0.4418E-04  0.1459E-03  0.4343E-03  0.1133E-02  0.2529E-02
  0.4809E-02  0.7926E-02  0.1166E-01  0.1579E-01  0.2038E-01  0.2607E-01
  0.3451E-01  0.4985E-01  0.7272E-01  0.1219E+00  0.2061E-05  0.0000E+00
  0.0000E+00  0.0000E+00  0.0000E+00  0.0000E+00  0.0000E+00  0.0000E+00
  0.0000E+00  0.0000E+00  0.0000E+00  0.0000E+00  0.0000E+00  0.0000E+00
  0.0000E+00  0.0000E+00  0.0000E+00  0.0000E+00  0.0000E+00  0.0000E+00
  0.0000E+00  0.0000E+00  0.0000E+00  0.0000E+00  0.0000E+00  0.0000E+00
  0.0000E+00  0.0000E+00  0.0000E+00  0.0000E+00  0.0000E+00  0.0000E+00
  0.0000E+00  0.0000E+00  0.0000E+00  0.0000E+00  0.0000E+00  0.0000E+00
  0.0000E+00  0.0000E+00  0.0000E+00  0.0000E+00  0.0000E+00  0.0000E+00
  0.0000E+00  0.0000E+00  0.0000E+00  0.1394E-10  0.8532E-10  0.4968E-09
  0.2748E-08  0.1441E-07  0.7152E-07  0.3353E-06  0.1481E-05  0.6142E-05
  0.2378E-04  0.8504E-04  0.2759E-03  0.7897E-03  0.1935E-02  0.4000E-02
  0.7049E-02  0.1089E-01  0.1525E-01  0.2007E-01  0.2586E-01  0.3415E-01
  0.4895E-01  0.7139E-01  0.1202E+00  0.2818E-05  0.0000E+00  0.0000E+00
  0.0000E+00  0.0000E+00  0.0000E+00  0.0000E+00  0.0000E+00  0.0000E+00
  0.0000E+00  0.0000E+00  0.0000E+00  0.0000E+00  0.0000E+00  0.0000E+00
  0.0000E+00  0.0000E+00  0.0000E+00  0.0000E+00  0.0000E+00  0.0000E+00
  0.0000E+00  0.0000E+00  0.0000E+00  0.0000E+00  0.0000E+00  0.0000E+00
  0.0000E+00  0.0000E+00  0.0000E+00  0.0000E+00  0.0000E+00  0.0000E+00
  0.0000E+00  0.0000E+00  0.0000E+00  0.0000E+00  0.0000E+00  0.0000E+00
  0.0000E+00  0.0000E+00  0.0000E+00  0.0000E+00  0.0000E+00  0.0000E+00
  0.0000E+00  0.0000E+00  0.0000E+00  0.0000E+00  0.2964E-10  0.1999E-09
  0.1276E-08  0.7694E-08  0.4370E-07  0.2330E-06  0.1163E-05  0.5405E-05
  0.2325E-04  0.9135E-04  0.3206E-03  0.9713E-03  0.2456E-02  0.5122E-02
  0.8980E-02  0.1373E-01  0.1909E-01  0.2525E-01  0.3339E-01  0.4705E-01
  0.6867E-01  0.1170E+00  0.2187E-04  0.0000E+00  0.0000E+00  0.0000E+00
  0.0000E+00  0.0000E+00  0.0000E+00  0.0000E+00  0.0000E+00  0.0000E+00
  0.0000E+00  0.0000E+00  0.0000E+00  0.0000E+00  0.0000E+00  0.0000E+00
  0.0000E+00  0.0000E+00  0.0000E+00  0.0000E+00  0.0000E+00  0.0000E+00
  0.0000E+00  0.0000E+00  0.0000E+00  0.0000E+00  0.0000E+00  0.0000E+00
  0.0000E+00  0.0000E+00  0.0000E+00  0.0000E+00  0.0000E+00  0.0000E+00
  0.0000E+00  0.0000E+00  0.0000E+00  0.0000E+00  0.0000E+00  0.0000E+00
  0.0000E+00  0.0000E+00  0.0000E+00  0.0000E+00  0.0000E+00  0.0000E+00
  0.0000E+00  0.0000E+00  0.0000E+00  0.0000E+00  0.0000E+00  0.0000E+00
  0.7748E-10  0.6845E-09  0.5579E-08  0.4178E-07  0.2863E-06  0.1786E-05
  0.1007E-04  0.5076E-04  0.2228E-03  0.8175E-03  0.2395E-02  0.5518E-02
  0.1029E-01  0.1639E-01  0.2356E-01  0.3231E-01  0.4503E-01  0.7257E-01
  0.1323E+00  0.2333E+00  0.0000E+00  0.0000E+00  0.0000E+00  0.0000E+00
  0.0000E+00  0.0000E+00  0.0000E+00  0.0000E+00  0.0000E+00  0.0000E+00
  0.0000E+00  0.0000E+00  0.0000E+00  0.0000E+00  0.0000E+00  0.0000E+00
  0.0000E+00  0.0000E+00  0.0000E+00  0.0000E+00  0.0000E+00  0.0000E+00
  0.0000E+00  0.0000E+00  0.0000E+00  0.0000E+00  0.0000E+00  0.0000E+00
  0.0000E+00  0.0000E+00  0.0000E+00  0.0000E+00  0.0000E+00  0.0000E+00
  0.0000E+00  0.0000E+00  0.0000E+00  0.0000E+00  0.0000E+00  0.0000E+00
  0.0000E+00  0.0000E+00  0.0000E+00  0.0000E+00  0.0000E+00  0.0000E+00
  0.0000E+00  0.0000E+00  0.0000E+00  0.0000E+00  0.0000E+00  0.0000E+00
  0.0000E+00  0.2482E-10  0.3428E-09  0.4158E-08  0.4415E-07  0.4092E-06
  0.3293E-05  0.2283E-04  0.1335E-03  0.6300E-03  0.2261E-02  0.5983E-02
  0.1207E-01  0.1991E-01  0.2897E-01  0.3976E-01  0.5642E-01  0.9262E-01
  0.0000E+00
