  0.4440E+01  0.4439E+01  0.4439E+01  0.4438E+01  0.4437E+01  0.4436E+01
  0.4436E+01  0.4435E+01  0.4434E+01  0.4432E+01  0.4431E+01  0.4430E+01
  0.4429E+01  0.4427E+01  0.4426E+01  0.4424E+01  0.4423E+01  0.4421E+01
  0.4419E+01  0.4417E+01  0.4415E+01  0.4413E+01  0.4410E+01  0.4408E+01
  0.4405E+01  0.4403E+01  0.4400E+01  0.4397E+01  0.4393E+01  0.4390E+01
  0.4386E+01  0.4383E+01  0.4379E+01  0.4375E+01  0.4370E+01  0.4366E+01
  0.4362E+01  0.4357E+01  0.4352E+01  0.4347E+01  0.4342E+01  0.4337E+01
  0.4332E+01  0.4326E+01  0.4321E+01  0.4316E+01  0.4311E+01  0.4306E+01
  0.4301E+01  0.4296E+01  0.4291E+01  0.4287E+01  0.4283E+01  0.4280E+01
  0.4277E+01  0.4275E+01  0.4274E+01  0.4274E+01  0.4275E+01  0.4278E+01
  0.4286E+01  0.4309E+01  0.4365E+01  0.4467E+01  0.4602E+01  0.4730E+01
  0.4809E+01  0.4815E+01  0.4739E+01  0.4646E+01  0.2090E+01  0.4440E+01
  0.4439E+01  0.4439E+01  0.4438E+01  0.4437E+01  0.4437E+01  0.4436E+01
  0.4435E+01  0.4434E+01  0.4433E+01  0.4432E+01  0.4431E+01  0.4429E+01
  0.4428E+01  0.4427E+01  0.4425E+01  0.4424E+01  0.4422E+01  0.4420E+01
  0.4418E+01  0.4416E+01  0.4414E+01  0.4412E+01  0.4410E+01  0.4407E+01
  0.4405E+01  0.4402E+01  0.4399E+01  0.4396E+01  0.4393E+01  0.4390E+01
  0.4386E+01  0.4383E+01  0.4379E+01  0.4375E+01  0.4371E+01  0.4367E+01
  0.4363E+01  0.4359E+01  0.4354E+01  0.4350E+01  0.4345E+01  0.4341E+01
  0.4337E+01  0.4332E+01  0.4328E+01  0.4324E+01  0.4320E+01  0.4316E+01
  0.4313E+01  0.4310E+01  0.4307E+01  0.4305E+01  0.4304E+01  0.4304E+01
  0.4304E+01  0.4306E+01  0.4309E+01  0.4316E+01  0.4329E+01  0.4359E+01
  0.4420E+01  0.4515E+01  0.4628E+01  0.4731E+01  0.4796E+01  0.4814E+01
  0.4784E+01  0.4763E+01  0.4803E+01  0.4851E+01  0.4440E+01  0.4439E+01
  0.4439E+01  0.4438E+01  0.4437E+01  0.4437E+01  0.4436E+01  0.4435E+01
  0.4434E+01  0.4433E+01  0.4432E+01  0.4431E+01  0.4429E+01  0.4428E+01
  0.4427E+01  0.4425E+01  0.4424E+01  0.4422E+01  0.4420E+01  0.4418E+01
  0.4416E+01  0.4414E+01  0.4412E+01  0.4410E+01  0.4407E+01  0.4405E+01
  0.4402E+01  0.4399E+01  0.4396E+01  0.4393E+01  0.4390E+01  0.4387E+01
  0.4383E+01  0.4379E+01  0.4376E+01  0.4372E+01  0.4368E+01  0.4364E+01
  0.4359E+01  0.4355E+01  0.4351E+01  0.4346E+01  0.4342E+01  0.4338E+01
  0.4334E+01  0.4329E+01  0.4325E+01  0.4322E+01  0.4318E+01  0.4315E+01
  0.4312E+01  0.4310E+01  0.4308E+01  0.4307E+01  0.4307E+01  0.4308E+01
  0.4311E+01  0.4317E+01  0.4331E+01  0.4361E+01  0.4419E+01  0.4508E+01
  0.4613E+01  0.4705E+01  0.4762E+01  0.4782E+01  0.4775E+01  0.4742E+01
  0.4710E+01  0.4706E+01  0.4109E+01  0.4440E+01  0.4439E+01  0.4439E+01
  0.4438E+01  0.4437E+01  0.4437E+01  0.4436E+01  0.4435E+01  0.4434E+01
  0.4433E+01  0.4432E+01  0.4430E+01  0.4429E+01  0.4428E+01  0.4427E+01
  0.4425E+01  0.4423E+01  0.4422E+01  0.4420E+01  0.4418E+01  0.4416E+01
  0.4414E+01  0.4412E+01  0.4410E+01  0.4407E+01  0.4405E+01  0.4402E+01
  0.4399E+01  0.4396E+01  0.4393E+01  0.4390E+01  0.4386E+01  0.4383E+01
  0.4379E+01  0.4375E+01  0.4371E+01  0.4367E+01  0.4363E+01  0.4359E+01
  0.4355E+01  0.4350E+01  0.4346E+01  0.4341E+01  0.4337E+01  0.4333E+01
  0.4329E+01  0.4325E+01  0.4321E+01  0.4317E+01  0.4314E+01  0.4311E+01
  0.4309E+01  0.4307E+01  0.4306E+01  0.4306E+01  0.4307E+01  0.4312E+01
  0.4323E+01  0.4347E+01  0.4394E+01  0.4470E+01  0.4564E+01  0.4655E+01
  0.4721E+01  0.4757E+01  0.4772E+01  0.4769E+01  0.4740E+01  0.4704E+01
  0.4698E+01  0.3024E+01  0.4440E+01  0.4439E+01  0.4439E+01  0.4438E+01
  0.4437E+01  0.4437E+01  0.4436E+01  0.4435E+01  0.4434E+01  0.4433E+01
  0.4432E+01  0.4430E+01  0.4429E+01  0.4428E+01  0.4426E+01  0.4425E+01
  0.4423E+01  0.4422E+01  0.4420E+01  0.4418E+01  0.4416E+01  0.4414E+01
  0.4412E+01  0.4409E+01  0.4407E+01  0.4404E+01  0.4401E+01  0.4399E+01
  0.4396E+01  0.4392E+01  0.4389E+01  0.4386E+01  0.4382E+01  0.4378E+01
  0.4375E+01  0.4371E+01  0.4366E+01  0.4362E+01  0.4358E+01  0.4354E+01
  0.4349E+01  0.4345E+01  0.4340E+01  0.4336E+01  0.4332E+01  0.4327E+01
  0.4323E+01  0.4319E+01  0.4316E+01  0.4313E+01  0.4310E+01  0.4307E+01
  0.4305E+01  0.4304E+01  0.4304E+01  0.4306E+01  0.4312E+01  0.4327E+01
  0.4359E+01  0.4415E+01  0.4496E+01  0.4589E+01  0.4670E+01  0.4726E+01
  0.4758E+01  0.4775E+01  0.4774E+01  0.4746E+01  0.4709E+01  0.4703E+01
  0.2710E+01  0.4440E+01  0.4439E+01  0.4439E+01  0.4438E+01  0.4437E+01
  0.4437E+01  0.4436E+01  0.4435E+01  0.4434E+01  0.4433E+01  0.4432E+01
  0.4430E+01  0.4429E+01  0.4428E+01  0.4426E+01  0.4425E+01  0.4423E+01
  0.4422E+01  0.4420E+01  0.4418E+01  0.4416E+01  0.4414E+01  0.4412E+01
  0.4409E+01  0.4407E+01  0.4404E+01  0.4401E+01  0.4398E+01  0.4395E+01
  0.4392E+01  0.4389E+01  0.4385E+01  0.4382E+01  0.4378E+01  0.4374E+01
  0.4370E+01  0.4366E+01  0.4362E+01  0.4357E+01  0.4353E+01  0.4348E+01
  0.4344E+01  0.4339E+01  0.4335E+01  0.4331E+01  0.4326E+01  0.4322E+01
  0.4318E+01  0.4314E+01  0.4311E+01  0.4308E+01  0.4305E+01  0.4303E+01
  0.4302E+01  0.4302E+01  0.4305E+01  0.4312E+01  0.4330E+01  0.4365E+01
  0.4426E+01  0.4510E+01  0.4600E+01  0.4676E+01  0.4728E+01  0.4760E+01
  0.4777E+01  0.4777E+01  0.4750E+01  0.4713E+01  0.4708E+01  0.2649E+01
  0.4440E+01  0.4439E+01  0.4439E+01  0.4438E+01  0.4437E+01  0.4437E+01
  0.4436E+01  0.4435E+01  0.4434E+01  0.4433E+01  0.4432E+01  0.4430E+01
  0.4429E+01  0.4428E+01  0.4426E+01  0.4425E+01  0.4423E+01  0.4422E+01
  0.4420E+01  0.4418E+01  0.4416E+01  0.4414E+01  0.4412E+01  0.4409E+01
  0.4407E+01  0.4404E+01  0.4401E+01  0.4398E+01  0.4395E+01  0.4392E+01
  0.4389E+01  0.4385E+01  0.4382E+01  0.4378E+01  0.4374E+01  0.4370E+01
  0.4366E+01  0.4361E+01  0.4357E+01  0.4352E+01  0.4348E+01  0.4343E+01
  0.4339E+01  0.4334E+01  0.4330E+01  0.4325E+01  0.4321E+01  0.4317E+01
  0.4313E+01  0.4310E+01  0.4306E+01  0.4304E+01  0.4302E+01  0.4300E+01
  0.4300E+01  0.4303E+01  0.4311E+01  0.4330E+01  0.4369E+01  0.4432E+01
  0.4517E+01  0.4606E+01  0.4678E+01  0.4727E+01  0.4759E+01  0.4776E+01
  0.4776E+01  0.4750E+01  0.4713E+01  0.4708E+01  0.2604E+01  0.4440E+01
  0.4439E+01  0.4439E+01  0.4438E+01  0.4437E+01  0.4437E+01  0.4436E+01
  0.4435E+01  0.4434E+01  0.4433E+01  0.4432E+01  0.4430E+01  0.4429E+01
  0.4428E+01  0.4426E+01  0.4425E+01  0.4423E+01  0.4422E+01  0.4420E+01
  0.4418E+01  0.4416E+01  0.4414E+01  0.4412E+01  0.4409E+01  0.4407E+01
  0.4404E+01  0.4401E+01  0.4398E+01  0.4395E+01  0.4392E+01  0.4389E+01
  0.4385E+01  0.4382E+01  0.4378E+01  0.4374E+01  0.4370E+01  0.4366E+01
  0.4361E+01  0.4357E+01  0.4352E+01  0.4348E+01  0.4343E+01  0.4339E+01
  0.4334E+01  0.4329E+01  0.4325E+01  0.4321E+01  0.4316E+01  0.4312E+01
  0.4309E+01  0.4305E+01  0.4303E+01  0.4300E+01  0.4299E+01  0.4299E+01
  0.4302E+01  0.4310E+01  0.4330E+01  0.4369E+01  0.4434E+01  0.4519E+01
  0.4606E+01  0.4677E+01  0.4725E+01  0.4756E+01  0.4773E+01  0.4774E+01
  0.4747E+01  0.4709E+01  0.4704E+01  0.2567E+01  0.4440E+01  0.4439E+01
  0.4439E+01  0.4438E+01  0.4437E+01  0.4437E+01  0.4436E+01  0.4435E+01
  0.4434E+01  0.4433E+01  0.4432E+01  0.4430E+01  0.4429E+01  0.4428E+01
  0.4426E+01  0.4425E+01  0.4423E+01  0.4422E+01  0.4420E+01  0.4418E+01
  0.4416E+01  0.4414E+01  0.4412E+01  0.4409E+01  0.4407E+01  0.4404E+01
  0.4401E+01  0.4398E+01  0.4395E+01  0.4392E+01  0.4389E+01  0.4385E+01
  0.4382E+01  0.4378E+01  0.4374E+01  0.4370E+01  0.4366E+01  0.4361E+01
  0.4357E+01  0.4352E+01  0.4348E+01  0.4343E+01  0.4338E+01  0.4334E+01
  0.4329E+01  0.4325E+01  0.4320E+01  0.4316E+01  0.4312E+01  0.4308E+01
  0.4305E+01  0.4302E+01  0.4300E+01  0.4299E+01  0.4298E+01  0.4301E+01
  0.4309E+01  0.4329E+01  0.4369E+01  0.4434E+01  0.4519E+01  0.4605E+01
  0.4675E+01  0.4723E+01  0.4753E+01  0.4771E+01  0.4771E+01  0.4744E+01
  0.4706E+01  0.4701E+01  0.2549E+01  0.4440E+01  0.4439E+01  0.4439E+01
  0.4438E+01  0.4437E+01  0.4437E+01  0.4436E+01  0.4435E+01  0.4434E+01
  0.4433E+01  0.4432E+01  0.4430E+01  0.4429E+01  0.4428E+01  0.4426E+01
  0.4425E+01  0.4423E+01  0.4422E+01  0.4420E+01  0.4418E+01  0.4416E+01
  0.4414E+01  0.4412E+01  0.4409E+01  0.4407E+01  0.4404E+01  0.4401E+01
  0.4398E+01  0.4395E+01  0.4392E+01  0.4389E+01  0.4385E+01  0.4382E+01
  0.4378E+01  0.4374E+01  0.4370E+01  0.4366E+01  0.4361E+01  0.4357E+01
  0.4352E+01  0.4348E+01  0.4343E+01  0.4339E+01  0.4334E+01  0.4329E+01
  0.4325E+01  0.4320E+01  0.4316E+01  0.4312E+01  0.4308E+01  0.4305E+01
  0.4302E+01  0.4300E+01  0.4298E+01  0.4298E+01  0.4301E+01  0.4309E+01
  0.4329E+01  0.4368E+01  0.4433E+01  0.4518E+01  0.4605E+01  0.4674E+01
  0.4722E+01  0.4752E+01  0.4769E+01  0.4769E+01  0.4742E+01  0.4704E+01
  0.4699E+01  0.2555E+01  0.4440E+01  0.4439E+01  0.4439E+01  0.4438E+01
  0.4437E+01  0.4437E+01  0.4436E+01  0.4435E+01  0.4434E+01  0.4433E+01
  0.4432E+01  0.4430E+01  0.4429E+01  0.4428E+01  0.4426E+01  0.4425E+01
  0.4423E+01  0.4422E+01  0.4420E+01  0.4418E+01  0.4416E+01  0.4414E+01
  0.4412E+01  0.4409E+01  0.4407E+01  0.4404E+01  0.4401E+01  0.4398E+01
  0.4395E+01  0.4392E+01  0.4389E+01  0.4385E+01  0.4382E+01  0.4378E+01
  0.4374E+01  0.4370E+01  0.4366E+01  0.4361E+01  0.4357E+01  0.4352E+01
  0.4348E+01  0.4343E+01  0.4339E+01  0.4334E+01  0.4329E+01  0.4325E+01
  0.4320E+01  0.4316E+01  0.4312E+01  0.4309E+01  0.4305E+01  0.4302E+01
  0.4300E+01  0.4298E+01  0.4298E+01  0.4301E+01  0.4309E+01  0.4328E+01
  0.4367E+01  0.4432E+01  0.4517E+01  0.4604E+01  0.4674E+01  0.4722E+01
  0.4752E+01  0.4769E+01  0.4769E+01  0.4742E+01  0.4703E+01  0.4698E+01
  0.2553E+01  0.4440E+01  0.4439E+01  0.4439E+01  0.4438E+01  0.4437E+01
  0.4437E+01  0.4436E+01  0.4435E+01  0.4434E+01  0.4433E+01  0.4432E+01
  0.4430E+01  0.4429E+01  0.4428E+01  0.4426E+01  0.4425E+01  0.4423E+01
  0.4422E+01  0.4420E+01  0.4418E+01  0.4416E+01  0.4414E+01  0.4412E+01
  0.4409E+01  0.4407E+01  0.4404E+01  0.4401E+01  0.4398E+01  0.4395E+01
  0.4392E+01  0.4389E+01  0.4385E+01  0.4382E+01  0.4378E+01  0.4374E+01
  0.4370E+01  0.4366E+01  0.4361E+01  0.4357E+01  0.4352E+01  0.4348E+01
  0.4343E+01  0.4339E+01  0.4334E+01  0.4329E+01  0.4325E+01  0.4320E+01
  0.4316E+01  0.4312E+01  0.4309E+01  0.4305E+01  0.4302E+01  0.4300E+01
  0.4298E+01  0.4298E+01  0.4301E+01  0.4309E+01  0.4328E+01  0.4367E+01
  0.4432E+01  0.4516E+01  0.4604E+01  0.4674E+01  0.4721E+01  0.4752E+01
  0.4769E+01  0.4768E+01  0.4741E+01  0.4703E+01  0.4698E+01  0.2548E+01
  0.4440E+01  0.4439E+01  0.4439E+01  0.4438E+01  0.4437E+01  0.4437E+01
  0.4436E+01  0.4435E+01  0.4434E+01  0.4433E+01  0.4432E+01  0.4430E+01
  0.4429E+01  0.4428E+01  0.4426E+01  0.4425E+01  0.4423E+01  0.4422E+01
  0.4420E+01  0.4418E+01  0.4416E+01  0.4414E+01  0.4412E+01  0.4409E+01
  0.4407E+01  0.4404E+01  0.4401E+01  0.4398E+01  0.4395E+01  0.4392E+01
  0.4389E+01  0.4385E+01  0.4382E+01  0.4378E+01  0.4374E+01  0.4370E+01
  0.4366E+01  0.4361E+01  0.4357E+01  0.4352E+01  0.4348E+01  0.4343E+01
  0.4339E+01  0.4334E+01  0.4329E+01  0.4325E+01  0.4321E+01  0.4316E+01
  0.4312E+01  0.4309E+01  0.4305E+01  0.4302E+01  0.4300E+01  0.4298E+01
  0.4298E+01  0.4301E+01  0.4309E+01  0.4328E+01  0.4367E+01  0.4431E+01
  0.4516E+01  0.4603E+01  0.4673E+01  0.4721E+01  0.4751E+01  0.4768E+01
  0.4768E+01  0.4741E+01  0.4702E+01  0.4697E+01  0.2560E+01  0.4440E+01
  0.4439E+01  0.4439E+01  0.4438E+01  0.4437E+01  0.4437E+01  0.4436E+01
  0.4435E+01  0.4434E+01  0.4433E+01  0.4432E+01  0.4430E+01  0.4429E+01
  0.4428E+01  0.4426E+01  0.4425E+01  0.4423E+01  0.4422E+01  0.4420E+01
  0.4418E+01  0.4416E+01  0.4414E+01  0.4412E+01  0.4409E+01  0.4407E+01
  0.4404E+01  0.4401E+01  0.4398E+01  0.4395E+01  0.4392E+01  0.4389E+01
  0.4385E+01  0.4382E+01  0.4378E+01  0.4374E+01  0.4370E+01  0.4366E+01
  0.4361E+01  0.4357E+01  0.4352E+01  0.4348E+01  0.4343E+01  0.4339E+01
  0.4334E+01  0.4329E+01  0.4325E+01  0.4321E+01  0.4316E+01  0.4312E+01
  0.4309E+01  0.4305E+01  0.4302E+01  0.4300E+01  0.4299E+01  0.4298E+01
  0.4301E+01  0.4309E+01  0.4328E+01  0.4367E+01  0.4431E+01  0.4516E+01
  0.4603E+01  0.4673E+01  0.4721E+01  0.4751E+01  0.4768E+01  0.4768E+01
  0.4740E+01  0.4702E+01  0.4697E+01  0.2567E+01  0.4440E+01  0.4439E+01
  0.4439E+01  0.4438E+01  0.4437E+01  0.4437E+01  0.4436E+01  0.4435E+01
  0.4434E+01  0.4433E+01  0.4432E+01  0.4430E+01  0.4429E+01  0.4428E+01
  0.4426E+01  0.4425E+01  0.4423E+01  0.4422E+01  0.4420E+01  0.4418E+01
  0.4416E+01  0.4414E+01  0.4412E+01  0.4409E+01  0.4407E+01  0.4404E+01
  0.4401E+01  0.4398E+01  0.4395E+01  0.4392E+01  0.4389E+01  0.4385E+01
  0.4382E+01  0.4378E+01  0.4374E+01  0.4370E+01  0.4366E+01  0.4361E+01
  0.4357E+01  0.4352E+01  0.4348E+01  0.4343E+01  0.4339E+01  0.4334E+01
  0.4329E+01  0.4325E+01  0.4321E+01  0.4316E+01  0.4312E+01  0.4309E+01
  0.4305E+01  0.4302E+01  0.4300E+01  0.4299E+01  0.4298E+01  0.4301E+01
  0.4309E+01  0.4328E+01  0.4367E+01  0.4431E+01  0.4516E+01  0.4603E+01
  0.4673E+01  0.4721E+01  0.4751E+01  0.4768E+01  0.4768E+01  0.4740E+01
  0.4702E+01  0.4697E+01  0.2567E+01  0.4440E+01  0.4439E+01  0.4439E+01
  0.4438E+01  0.4437E+01  0.4437E+01  0.4436E+01  0.4435E+01  0.4434E+01
  0.4433E+01  0.4432E+01  0.4430E+01  0.4429E+01  0.4428E+01  0.4426E+01
  0.4425E+01  0.4423E+01  0.4422E+01  0.4420E+01  0.4418E+01  0.4416E+01
  0.4414E+01  0.4412E+01  0.4409E+01  0.4407E+01  0.4404E+01  0.4401E+01
  0.4398E+01  0.4395E+01  0.4392E+01  0.4389E+01  0.4385E+01  0.4382E+01
  0.4378E+01  0.4374E+01  0.4370E+01  0.4366E+01  0.4361E+01  0.4357E+01
  0.4352E+01  0.4348E+01  0.4343E+01  0.4339E+01  0.4334E+01  0.4329E+01
  0.4325E+01  0.4321E+01  0.4316E+01  0.4312E+01  0.4309E+01  0.4305E+01
  0.4302E+01  0.4300E+01  0.4299E+01  0.4298E+01  0.4301E+01  0.4309E+01
  0.4328E+01  0.4367E+01  0.4431E+01  0.4516E+01  0.4603E+01  0.4673E+01
  0.4721E+01  0.4751E+01  0.4768E+01  0.4768E+01  0.4741E+01  0.4702E+01
  0.4697E+01  0.2567E+01  0.4440E+01  0.4439E+01  0.4439E+01  0.4438E+01
  0.4437E+01  0.4437E+01  0.4436E+01  0.4435E+01  0.4434E+01  0.4433E+01
  0.4432E+01  0.4430E+01  0.4429E+01  0.4428E+01  0.4426E+01  0.4425E+01
  0.4423E+01  0.4422E+01  0.4420E+01  0.4418E+01  0.4416E+01  0.4414E+01
  0.4412E+01  0.4409E+01  0.4407E+01  0.4404E+01  0.4401E+01  0.4398E+01
  0.4395E+01  0.4392E+01  0.4389E+01  0.4385E+01  0.4382E+01  0.4378E+01
  0.4374E+01  0.4370E+01  0.4366E+01  0.4361E+01  0.4357E+01  0.4352E+01
  0.4348E+01  0.4343E+01  0.4339E+01  0.4334E+01  0.4329E+01  0.4325E+01
  0.4321E+01  0.4316E+01  0.4312E+01  0.4309E+01  0.4305E+01  0.4302E+01
  0.4300E+01  0.4299E+01  0.4298E+01  0.4301E+01  0.4309E+01  0.4328E+01
  0.4367E+01  0.4431E+01  0.4516E+01  0.4603E+01  0.4673E+01  0.4721E+01
  0.4751E+01  0.4768E+01  0.4768E+01  0.4741E+01  0.4702E+01  0.4697E+01
  0.2568E+01  0.4440E+01  0.4439E+01  0.4439E+01  0.4438E+01  0.4437E+01
  0.4437E+01  0.4436E+01  0.4435E+01  0.4434E+01  0.4433E+01  0.4432E+01
  0.4430E+01  0.4429E+01  0.4428E+01  0.4426E+01  0.4425E+01  0.4423E+01
  0.4422E+01  0.4420E+01  0.4418E+01  0.4416E+01  0.4414E+01  0.4412E+01
  0.4409E+01  0.4407E+01  0.4404E+01  0.4401E+01  0.4398E+01  0.4395E+01
  0.4392E+01  0.4389E+01  0.4385E+01  0.4382E+01  0.4378E+01  0.4374E+01
  0.4370E+01  0.4366E+01  0.4361E+01  0.4357E+01  0.4352E+01  0.4348E+01
  0.4343E+01  0.4339E+01  0.4334E+01  0.4329E+01  0.4325E+01  0.4321E+01
  0.4316E+01  0.4312E+01  0.4309E+01  0.4305E+01  0.4302E+01  0.4300E+01
  0.4299E+01  0.4298E+01  0.4301E+01  0.4309E+01  0.4328E+01  0.4367E+01
  0.4431E+01  0.4516E+01  0.4603E+01  0.4673E+01  0.4721E+01  0.4751E+01
  0.4768E+01  0.4768E+01  0.4741E+01  0.4702E+01  0.4697E+01  0.2569E+01
  0.4440E+01  0.4439E+01  0.4439E+01  0.4438E+01  0.4437E+01  0.4437E+01
  0.4436E+01  0.4435E+01  0.4434E+01  0.4433E+01  0.4432E+01  0.4430E+01
  0.4429E+01  0.4428E+01  0.4426E+01  0.4425E+01  0.4423E+01  0.4422E+01
  0.4420E+01  0.4418E+01  0.4416E+01  0.4414E+01  0.4412E+01  0.4409E+01
  0.4407E+01  0.4404E+01  0.4401E+01  0.4398E+01  0.4395E+01  0.4392E+01
  0.4389E+01  0.4385E+01  0.4382E+01  0.4378E+01  0.4374E+01  0.4370E+01
  0.4366E+01  0.4361E+01  0.4357E+01  0.4352E+01  0.4348E+01  0.4343E+01
  0.4339E+01  0.4334E+01  0.4329E+01  0.4325E+01  0.4321E+01  0.4316E+01
  0.4312E+01  0.4309E+01  0.4305E+01  0.4302E+01  0.4300E+01  0.4299E+01
  0.4298E+01  0.4301E+01  0.4309E+01  0.4328E+01  0.4367E+01  0.4431E+01
  0.4516E+01  0.4603E+01  0.4673E+01  0.4721E+01  0.4751E+01  0.4768E+01
  0.4768E+01  0.4741E+01  0.4702E+01  0.4697E+01  0.2569E+01  0.4440E+01
  0.4439E+01  0.4439E+01  0.4438E+01  0.4437E+01  0.4437E+01  0.4436E+01
  0.4435E+01  0.4434E+01  0.4433E+01  0.4432E+01  0.4430E+01  0.4429E+01
  0.4428E+01  0.4426E+01  0.4425E+01  0.4423E+01  0.4422E+01  0.4420E+01
  0.4418E+01  0.4416E+01  0.4414E+01  0.4412E+01  0.4409E+01  0.4407E+01
  0.4404E+01  0.4401E+01  0.4398E+01  0.4395E+01  0.4392E+01  0.4389E+01
  0.4385E+01  0.4382E+01  0.4378E+01  0.4374E+01  0.4370E+01  0.4366E+01
  0.4361E+01  0.4357E+01  0.4352E+01  0.4348E+01  0.4343E+01  0.4339E+01
  0.4334E+01  0.4329E+01  0.4325E+01  0.4321E+01  0.4316E+01  0.4312E+01
  0.4309E+01  0.4305E+01  0.4302E+01  0.4300E+01  0.4299E+01  0.4298E+01
  0.4301E+01  0.4309E+01  0.4328E+01  0.4367E+01  0.4431E+01  0.4516E+01
  0.4603E+01  0.4673E+01  0.4721E+01  0.4751E+01  0.4768E+01  0.4768E+01
  0.4741E+01  0.4702E+01  0.4697E+01  0.2569E+01  0.4440E+01  0.4439E+01
  0.4439E+01  0.4438E+01  0.4437E+01  0.4437E+01  0.4436E+01  0.4435E+01
  0.4434E+01  0.4433E+01  0.4432E+01  0.4430E+01  0.4429E+01  0.4428E+01
  0.4426E+01  0.4425E+01  0.4423E+01  0.4422E+01  0.4420E+01  0.4418E+01
  0.4416E+01  0.4414E+01  0.4412E+01  0.4409E+01  0.4407E+01  0.4404E+01
  0.4401E+01  0.4398E+01  0.4395E+01  0.4392E+01  0.4389E+01  0.4385E+01
  0.4382E+01  0.4378E+01  0.4374E+01  0.4370E+01  0.4366E+01  0.4361E+01
  0.4357E+01  0.4352E+01  0.4348E+01  0.4343E+01  0.4339E+01  0.4334E+01
  0.4329E+01  0.4325E+01  0.4321E+01  0.4316E+01  0.4312E+01  0.4309E+01
  0.4305E+01  0.4302E+01  0.4300E+01  0.4299E+01  0.4298E+01  0.4301E+01
  0.4309E+01  0.4328E+01  0.4367E+01  0.4431E+01  0.4516E+01  0.4603E+01
  0.4673E+01  0.4721E+01  0.4751E+01  0.4768E+01  0.4768E+01  0.4741E+01
  0.4702E+01  0.4697E+01  0.2569E+01  0.4440E+01  0.4439E+01  0.4439E+01
  0.4438E+01  0.4437E+01  0.4437E+01  0.4436E+01  0.4435E+01  0.4434E+01
  0.4433E+01  0.4432E+01  0.4430E+01  0.4429E+01  0.4428E+01  0.4426E+01
  0.4425E+01  0.4423E+01  0.4422E+01  0.4420E+01  0.4418E+01  0.4416E+01
  0.4414E+01  0.4412E+01  0.4409E+01  0.4407E+01  0.4404E+01  0.4401E+01
  0.4398E+01  0.4395E+01  0.4392E+01  0.4389E+01  0.4385E+01  0.4382E+01
  0.4378E+01  0.4374E+01  0.4370E+01  0.4366E+01  0.4361E+01  0.4357E+01
  0.4352E+01  0.4348E+01  0.4343E+01  0.4339E+01  0.4334E+01  0.4329E+01
  0.4325E+01  0.4321E+01  0.4316E+01  0.4312E+01  0.4309E+01  0.4305E+01
  0.4302E+01  0.4300E+01  0.4299E+01  0.4298E+01  0.4301E+01  0.4309E+01
  0.4328E+01  0.4367E+01  0.4431E+01  0.4516E+01  0.4603E+01  0.4673E+01
  0.4721E+01  0.4751E+01  0.4768E+01  0.4768E+01  0.4741E+01  0.4702E+01
  0.4697E+01  0.2569E+01  0.4440E+01  0.4439E+01  0.4439E+01  0.4438E+01
  0.4437E+01  0.4437E+01  0.4436E+01  0.4435E+01  0.4434E+01  0.4433E+01
  0.4432E+01  0.4430E+01  0.4429E+01  0.4428E+01  0.4426E+01  0.4425E+01
  0.4423E+01  0.4422E+01  0.4420E+01  0.4418E+01  0.4416E+01  0.4414E+01
  0.4412E+01  0.4409E+01  0.4407E+01  0.4404E+01  0.4401E+01  0.4398E+01
  0.4395E+01  0.4392E+01  0.4389E+01  0.4385E+01  0.4382E+01  0.4378E+01
  0.4374E+01  0.4370E+01  0.4366E+01  0.4361E+01  0.4357E+01  0.4352E+01
  0.4348E+01  0.4343E+01  0.4339E+01  0.4334E+01  0.4329E+01  0.4325E+01
  0.4321E+01  0.4316E+01  0.4312E+01  0.4309E+01  0.4305E+01  0.4302E+01
  0.4300E+01  0.4299E+01  0.4298E+01  0.4301E+01  0.4309E+01  0.4328E+01
  0.4367E+01  0.4431E+01  0.4516E+01  0.4603E+01  0.4673E+01  0.4721E+01
  0.4751E+01  0.4768E+01  0.4768E+01  0.4741E+01  0.4702E+01  0.4697E+01
  0.2569E+01  0.4440E+01  0.4439E+01  0.4439E+01  0.4438E+01  0.4437E+01
  0.4437E+01  0.4436E+01  0.4435E+01  0.4434E+01  0.4433E+01  0.4432E+01
  0.4430E+01  0.4429E+01  0.4428E+01  0.4426E+01  0.4425E+01  0.4423E+01
  0.4422E+01  0.4420E+01  0.4418E+01  0.4416E+01  0.4414E+01  0.4412E+01
  0.4409E+01  0.4407E+01  0.4404E+01  0.4401E+01  0.4398E+01  0.4395E+01
  0.4392E+01  0.4389E+01  0.4385E+01  0.4382E+01  0.4378E+01  0.4374E+01
  0.4370E+01  0.4366E+01  0.4361E+01  0.4357E+01  0.4352E+01  0.4348E+01
  0.4343E+01  0.4339E+01  0.4334E+01  0.4329E+01  0.4325E+01  0.4321E+01
  0.4316E+01  0.4312E+01  0.4309E+01  0.4305E+01  0.4302E+01  0.4300E+01
  0.4299E+01  0.4298E+01  0.4301E+01  0.4309E+01  0.4328E+01  0.4367E+01
  0.4431E+01  0.4516E+01  0.4603E+01  0.4673E+01  0.4721E+01  0.4751E+01
  0.4768E+01  0.4768E+01  0.4741E+01  0.4702E+01  0.4697E+01  0.2569E+01
  0.4440E+01  0.4439E+01  0.4439E+01  0.4438E+01  0.4437E+01  0.4437E+01
  0.4436E+01  0.4435E+01  0.4434E+01  0.4433E+01  0.4432E+01  0.4430E+01
  0.4429E+01  0.4428E+01  0.4426E+01  0.4425E+01  0.4423E+01  0.4422E+01
  0.4420E+01  0.4418E+01  0.4416E+01  0.4414E+01  0.4412E+01  0.4409E+01
  0.4407E+01  0.4404E+01  0.4401E+01  0.4398E+01  0.4395E+01  0.4392E+01
  0.4389E+01  0.4385E+01  0.4382E+01  0.4378E+01  0.4374E+01  0.4370E+01
  0.4366E+01  0.4361E+01  0.4357E+01  0.4352E+01  0.4348E+01  0.4343E+01
  0.4339E+01  0.4334E+01  0.4329E+01  0.4325E+01  0.4321E+01  0.4316E+01
  0.4312E+01  0.4309E+01  0.4305E+01  0.4302E+01  0.4300E+01  0.4299E+01
  0.4298E+01  0.4301E+01  0.4309E+01  0.4328E+01  0.4367E+01  0.4431E+01
  0.4516E+01  0.4603E+01  0.4673E+01  0.4721E+01  0.4751E+01  0.4768E+01
  0.4768E+01  0.4741E+01  0.4702E+01  0.4697E+01  0.2569E+01  0.4440E+01
  0.4439E+01  0.4439E+01  0.4438E+01  0.4437E+01  0.4437E+01  0.4436E+01
  0.4435E+01  0.4434E+01  0.4433E+01  0.4432E+01  0.4430E+01  0.4429E+01
  0.4428E+01  0.4426E+01  0.4425E+01  0.4423E+01  0.4422E+01  0.4420E+01
  0.4418E+01  0.4416E+01  0.4414E+01  0.4412E+01  0.4409E+01  0.4407E+01
  0.4404E+01  0.4401E+01  0.4398E+01  0.4395E+01  0.4392E+01  0.4389E+01
  0.4385E+01  0.4382E+01  0.4378E+01  0.4374E+01  0.4370E+01  0.4366E+01
  0.4361E+01  0.4357E+01  0.4352E+01  0.4348E+01  0.4343E+01  0.4339E+01
  0.4334E+01  0.4329E+01  0.4325E+01  0.4321E+01  0.4316E+01  0.4312E+01
  0.4309E+01  0.4305E+01  0.4302E+01  0.4300E+01  0.4299E+01  0.4298E+01
  0.4301E+01  0.4309E+01  0.4328E+01  0.4367E+01  0.4431E+01  0.4516E+01
  0.4603E+01  0.4673E+01  0.4721E+01  0.4751E+01  0.4768E+01  0.4768E+01
  0.4741E+01  0.4702E+01  0.4697E+01  0.2569E+01  0.4440E+01  0.4439E+01
  0.4439E+01  0.4438E+01  0.4437E+01  0.4437E+01  0.4436E+01  0.4435E+01
  0.4434E+01  0.4433E+01  0.4432E+01  0.4430E+01  0.4429E+01  0.4428E+01
  0.4426E+01  0.4425E+01  0.4423E+01  0.4422E+01  0.4420E+01  0.4418E+01
  0.4416E+01  0.4414E+01  0.4412E+01  0.4409E+01  0.4407E+01  0.4404E+01
  0.4401E+01  0.4398E+01  0.4395E+01  0.4392E+01  0.4389E+01  0.4385E+01
  0.4382E+01  0.4378E+01  0.4374E+01  0.4370E+01  0.4366E+01  0.4361E+01
  0.4357E+01  0.4352E+01  0.4348E+01  0.4343E+01  0.4339E+01  0.4334E+01
  0.4329E+01  0.4325E+01  0.4321E+01  0.4316E+01  0.4312E+01  0.4309E+01
  0.4305E+01  0.4302E+01  0.4300E+01  0.4299E+01  0.4298E+01  0.4301E+01
  0.4309E+01  0.4328E+01  0.4367E+01  0.4431E+01  0.4516E+01  0.4603E+01
  0.4673E+01  0.4721E+01  0.4751E+01  0.4768E+01  0.4768E+01  0.4741E+01
  0.4702E+01  0.4697E+01  0.2569E+01  0.4440E+01  0.4439E+01  0.4439E+01
  0.4438E+01  0.4437E+01  0.4437E+01  0.4436E+01  0.4435E+01  0.4434E+01
  0.4433E+01  0.4432E+01  0.4430E+01  0.4429E+01  0.4428E+01  0.4426E+01
  0.4425E+01  0.4423E+01  0.4422E+01  0.4420E+01  0.4418E+01  0.4416E+01
  0.4414E+01  0.4412E+01  0.4409E+01  0.4407E+01  0.4404E+01  0.4401E+01
  0.4398E+01  0.4395E+01  0.4392E+01  0.4389E+01  0.4385E+01  0.4382E+01
  0.4378E+01  0.4374E+01  0.4370E+01  0.4366E+01  0.4361E+01  0.4357E+01
  0.4352E+01  0.4348E+01  0.4343E+01  0.4339E+01  0.4334E+01  0.4329E+01
  0.4325E+01  0.4321E+01  0.4316E+01  0.4312E+01  0.4309E+01  0.4305E+01
  0.4302E+01  0.4300E+01  0.4299E+01  0.4298E+01  0.4301E+01  0.4309E+01
  0.4328E+01  0.4367E+01  0.4431E+01  0.4516E+01  0.4603E+01  0.4673E+01
  0.4721E+01  0.4751E+01  0.4768E+01  0.4768E+01  0.4741E+01  0.4702E+01
  0.4697E+01  0.2569E+01  0.4440E+01  0.4439E+01  0.4439E+01  0.4438E+01
  0.4437E+01  0.4437E+01  0.4436E+01  0.4435E+01  0.4434E+01  0.4433E+01
  0.4432E+01  0.4430E+01  0.4429E+01  0.4428E+01  0.4426E+01  0.4425E+01
  0.4423E+01  0.4422E+01  0.4420E+01  0.4418E+01  0.4416E+01  0.4414E+01
  0.4412E+01  0.4409E+01  0.4407E+01  0.4404E+01  0.4401E+01  0.4398E+01
  0.4395E+01  0.4392E+01  0.4389E+01  0.4385E+01  0.4382E+01  0.4378E+01
  0.4374E+01  0.4370E+01  0.4366E+01  0.4361E+01  0.4357E+01  0.4352E+01
  0.4348E+01  0.4343E+01  0.4339E+01  0.4334E+01  0.4329E+01  0.4325E+01
  0.4321E+01  0.4316E+01  0.4312E+01  0.4309E+01  0.4305E+01  0.4302E+01
  0.4300E+01  0.4299E+01  0.4298E+01  0.4301E+01  0.4309E+01  0.4328E+01
  0.4367E+01  0.4431E+01  0.4516E+01  0.4603E+01  0.4673E+01  0.4721E+01
  0.4751E+01  0.4768E+01  0.4768E+01  0.4741E+01  0.4702E+01  0.4697E+01
  0.2569E+01  0.4440E+01  0.4439E+01  0.4439E+01  0.4438E+01  0.4437E+01
  0.4437E+01  0.4436E+01  0.4435E+01  0.4434E+01  0.4433E+01  0.4432E+01
  0.4430E+01  0.4429E+01  0.4428E+01  0.4426E+01  0.4425E+01  0.4423E+01
  0.4422E+01  0.4420E+01  0.4418E+01  0.4416E+01  0.4414E+01  0.4412E+01
  0.4409E+01  0.4407E+01  0.4404E+01  0.4401E+01  0.4398E+01  0.4395E+01
  0.4392E+01  0.4389E+01  0.4385E+01  0.4382E+01  0.4378E+01  0.4374E+01
  0.4370E+01  0.4366E+01  0.4361E+01  0.4357E+01  0.4352E+01  0.4348E+01
  0.4343E+01  0.4339E+01  0.4334E+01  0.4329E+01  0.4325E+01  0.4321E+01
  0.4316E+01  0.4312E+01  0.4309E+01  0.4305E+01  0.4302E+01  0.4300E+01
  0.4299E+01  0.4298E+01  0.4301E+01  0.4309E+01  0.4328E+01  0.4367E+01
  0.4431E+01  0.4516E+01  0.4603E+01  0.4673E+01  0.4721E+01  0.4751E+01
  0.4768E+01  0.4768E+01  0.4741E+01  0.4702E+01  0.4697E+01  0.2569E+01
  0.4440E+01  0.4439E+01  0.4439E+01  0.4438E+01  0.4437E+01  0.4437E+01
  0.4436E+01  0.4435E+01  0.4434E+01  0.4433E+01  0.4432E+01  0.4430E+01
  0.4429E+01  0.4428E+01  0.4426E+01  0.4425E+01  0.4423E+01  0.4422E+01
  0.4420E+01  0.4418E+01  0.4416E+01  0.4414E+01  0.4412E+01  0.4409E+01
  0.4407E+01  0.4404E+01  0.4401E+01  0.4398E+01  0.4395E+01  0.4392E+01
  0.4389E+01  0.4385E+01  0.4382E+01  0.4378E+01  0.4374E+01  0.4370E+01
  0.4366E+01  0.4361E+01  0.4357E+01  0.4352E+01  0.4348E+01  0.4343E+01
  0.4339E+01  0.4334E+01  0.4329E+01  0.4325E+01  0.4321E+01  0.4316E+01
  0.4312E+01  0.4309E+01  0.4305E+01  0.4302E+01  0.4300E+01  0.4299E+01
  0.4298E+01  0.4301E+01  0.4309E+01  0.4328E+01  0.4367E+01  0.4431E+01
  0.4516E+01  0.4603E+01  0.4673E+01  0.4721E+01  0.4751E+01  0.4768E+01
  0.4768E+01  0.4741E+01  0.4702E+01  0.4697E+01  0.2569E+01  0.4440E+01
  0.4439E+01  0.4439E+01  0.4438E+01  0.4437E+01  0.4437E+01  0.4436E+01
  0.4435E+01  0.4434E+01  0.4433E+01  0.4432E+01  0.4430E+01  0.4429E+01
  0.4428E+01  0.4426E+01  0.4425E+01  0.4423E+01  0.4422E+01  0.4420E+01
  0.4418E+01  0.4416E+01  0.4414E+01  0.4412E+01  0.4409E+01  0.4407E+01
  0.4404E+01  0.4401E+01  0.4398E+01  0.4395E+01  0.4392E+01  0.4389E+01
  0.4385E+01  0.4382E+01  0.4378E+01  0.4374E+01  0.4370E+01  0.4366E+01
  0.4361E+01  0.4357E+01  0.4352E+01  0.4348E+01  0.4343E+01  0.4339E+01
  0.4334E+01  0.4329E+01  0.4325E+01  0.4321E+01  0.4316E+01  0.4312E+01
  0.4309E+01  0.4305E+01  0.4302E+01  0.4300E+01  0.4299E+01  0.4298E+01
  0.4301E+01  0.4309E+01  0.4328E+01  0.4367E+01  0.4431E+01  0.4516E+01
  0.4603E+01  0.4673E+01  0.4721E+01  0.4751E+01  0.4768E+01  0.4768E+01
  0.4741E+01  0.4702E+01  0.4697E+01  0.2569E+01  0.4440E+01  0.4439E+01
  0.4439E+01  0.4438E+01  0.4437E+01  0.4437E+01  0.4436E+01  0.4435E+01
  0.4434E+01  0.4433E+01  0.4432E+01  0.4430E+01  0.4429E+01  0.4428E+01
  0.4426E+01  0.4425E+01  0.4423E+01  0.4422E+01  0.4420E+01  0.4418E+01
  0.4416E+01  0.4414E+01  0.4412E+01  0.4409E+01  0.4407E+01  0.4404E+01
  0.4401E+01  0.4398E+01  0.4395E+01  0.4392E+01  0.4389E+01  0.4385E+01
  0.4382E+01  0.4378E+01  0.4374E+01  0.4370E+01  0.4366E+01  0.4361E+01
  0.4357E+01  0.4352E+01  0.4348E+01  0.4343E+01  0.4339E+01  0.4334E+01
  0.4329E+01  0.4325E+01  0.4321E+01  0.4316E+01  0.4312E+01  0.4309E+01
  0.4305E+01  0.4302E+01  0.4300E+01  0.4299E+01  0.4298E+01  0.4301E+01
  0.4309E+01  0.4328E+01  0.4367E+01  0.4431E+01  0.4516E+01  0.4603E+01
  0.4673E+01  0.4721E+01  0.4751E+01  0.4768E+01  0.4768E+01  0.4741E+01
  0.4702E+01  0.4697E+01  0.2569E+01  0.4440E+01  0.4439E+01  0.4439E+01
  0.4438E+01  0.4437E+01  0.4437E+01  0.4436E+01  0.4435E+01  0.4434E+01
  0.4433E+01  0.4432E+01  0.4430E+01  0.4429E+01  0.4428E+01  0.4426E+01
  0.4425E+01  0.4423E+01  0.4422E+01  0.4420E+01  0.4418E+01  0.4416E+01
  0.4414E+01  0.4412E+01  0.4409E+01  0.4407E+01  0.4404E+01  0.4401E+01
  0.4398E+01  0.4395E+01  0.4392E+01  0.4389E+01  0.4385E+01  0.4382E+01
  0.4378E+01  0.4374E+01  0.4370E+01  0.4366E+01  0.4361E+01  0.4357E+01
  0.4352E+01  0.4348E+01  0.4343E+01  0.4339E+01  0.4334E+01  0.4329E+01
  0.4325E+01  0.4321E+01  0.4316E+01  0.4312E+01  0.4309E+01  0.4305E+01
  0.4302E+01  0.4300E+01  0.4299E+01  0.4298E+01  0.4301E+01  0.4309E+01
  0.4328E+01  0.4367E+01  0.4431E+01  0.4516E+01  0.4603E+01  0.4673E+01
  0.4721E+01  0.4751E+01  0.4768E+01  0.4768E+01  0.4741E+01  0.4702E+01
  0.4697E+01  0.2569E+01  0.4440E+01  0.4439E+01  0.4439E+01  0.4438E+01
  0.4437E+01  0.4437E+01  0.4436E+01  0.4435E+01  0.4434E+01  0.4433E+01
  0.4432E+01  0.4430E+01  0.4429E+01  0.4428E+01  0.4426E+01  0.4425E+01
  0.4423E+01  0.4422E+01  0.4420E+01  0.4418E+01  0.4416E+01  0.4414E+01
  0.4412E+01  0.4409E+01  0.4407E+01  0.4404E+01  0.4401E+01  0.4398E+01
  0.4395E+01  0.4392E+01  0.4389E+01  0.4385E+01  0.4382E+01  0.4378E+01
  0.4374E+01  0.4370E+01  0.4366E+01  0.4361E+01  0.4357E+01  0.4352E+01
  0.4348E+01  0.4343E+01  0.4339E+01  0.4334E+01  0.4329E+01  0.4325E+01
  0.4321E+01  0.4316E+01  0.4312E+01  0.4309E+01  0.4305E+01  0.4302E+01
  0.4300E+01  0.4299E+01  0.4298E+01  0.4301E+01  0.4309E+01  0.4328E+01
  0.4367E+01  0.4431E+01  0.4516E+01  0.4603E+01  0.4673E+01  0.4721E+01
  0.4751E+01  0.4768E+01  0.4768E+01  0.4741E+01  0.4702E+01  0.4697E+01
  0.2569E+01  0.4440E+01  0.4439E+01  0.4439E+01  0.4438E+01  0.4437E+01
  0.4437E+01  0.4436E+01  0.4435E+01  0.4434E+01  0.4433E+01  0.4432E+01
  0.4430E+01  0.4429E+01  0.4428E+01  0.4426E+01  0.4425E+01  0.4423E+01
  0.4422E+01  0.4420E+01  0.4418E+01  0.4416E+01  0.4414E+01  0.4412E+01
  0.4409E+01  0.4407E+01  0.4404E+01  0.4401E+01  0.4398E+01  0.4395E+01
  0.4392E+01  0.4389E+01  0.4385E+01  0.4382E+01  0.4378E+01  0.4374E+01
  0.4370E+01  0.4366E+01  0.4361E+01  0.4357E+01  0.4352E+01  0.4348E+01
  0.4343E+01  0.4339E+01  0.4334E+01  0.4329E+01  0.4325E+01  0.4321E+01
  0.4316E+01  0.4312E+01  0.4309E+01  0.4305E+01  0.4302E+01  0.4300E+01
  0.4299E+01  0.4298E+01  0.4301E+01  0.4309E+01  0.4328E+01  0.4367E+01
  0.4431E+01  0.4516E+01  0.4603E+01  0.4673E+01  0.4721E+01  0.4751E+01
  0.4768E+01  0.4768E+01  0.4741E+01  0.4702E+01  0.4697E+01  0.2569E+01
  0.4440E+01  0.4439E+01  0.4439E+01  0.4438E+01  0.4437E+01  0.4437E+01
  0.4436E+01  0.4435E+01  0.4434E+01  0.4433E+01  0.4432E+01  0.4430E+01
  0.4429E+01  0.4428E+01  0.4426E+01  0.4425E+01  0.4423E+01  0.4422E+01
  0.4420E+01  0.4418E+01  0.4416E+01  0.4414E+01  0.4412E+01  0.4409E+01
  0.4407E+01  0.4404E+01  0.4401E+01  0.4398E+01  0.4395E+01  0.4392E+01
  0.4389E+01  0.4385E+01  0.4382E+01  0.4378E+01  0.4374E+01  0.4370E+01
  0.4366E+01  0.4361E+01  0.4357E+01  0.4352E+01  0.4348E+01  0.4343E+01
  0.4339E+01  0.4334E+01  0.4329E+01  0.4325E+01  0.4321E+01  0.4316E+01
  0.4312E+01  0.4309E+01  0.4305E+01  0.4302E+01  0.4300E+01  0.4299E+01
  0.4298E+01  0.4301E+01  0.4309E+01  0.4328E+01  0.4367E+01  0.4431E+01
  0.4516E+01  0.4603E+01  0.4673E+01  0.4721E+01  0.4751E+01  0.4768E+01
  0.4768E+01  0.4741E+01  0.4702E+01  0.4697E+01  0.2569E+01  0.4440E+01
  0.4439E+01  0.4439E+01  0.4438E+01  0.4437E+01  0.4437E+01  0.4436E+01
  0.4435E+01  0.4434E+01  0.4433E+01  0.4432E+01  0.4430E+01  0.4429E+01
  0.4428E+01  0.4426E+01  0.4425E+01  0.4423E+01  0.4422E+01  0.4420E+01
  0.4418E+01  0.4416E+01  0.4414E+01  0.4412E+01  0.4409E+01  0.4407E+01
  0.4404E+01  0.4401E+01  0.4398E+01  0.4395E+01  0.4392E+01  0.4389E+01
  0.4385E+01  0.4382E+01  0.4378E+01  0.4374E+01  0.4370E+01  0.4366E+01
  0.4361E+01  0.4357E+01  0.4352E+01  0.4348E+01  0.4343E+01  0.4339E+01
  0.4334E+01  0.4329E+01  0.4325E+01  0.4321E+01  0.4316E+01  0.4312E+01
  0.4309E+01  0.4305E+01  0.4302E+01  0.4300E+01  0.4299E+01  0.4298E+01
  0.4301E+01  0.4309E+01  0.4328E+01  0.4367E+01  0.4431E+01  0.4516E+01
  0.4603E+01  0.4673E+01  0.4721E+01  0.4751E+01  0.4768E+01  0.4768E+01
  0.4741E+01  0.4702E+01  0.4697E+01  0.2569E+01  0.4440E+01  0.4439E+01
  0.4439E+01  0.4438E+01  0.4437E+01  0.4437E+01  0.4436E+01  0.4435E+01
  0.4434E+01  0.4433E+01  0.4432E+01  0.4430E+01  0.4429E+01  0.4428E+01
  0.4426E+01  0.4425E+01  0.4423E+01  0.4422E+01  0.4420E+01  0.4418E+01
  0.4416E+01  0.4414E+01  0.4412E+01  0.4409E+01  0.4407E+01  0.4404E+01
  0.4401E+01  0.4398E+01  0.4395E+01  0.4392E+01  0.4389E+01  0.4385E+01
  0.4382E+01  0.4378E+01  0.4374E+01  0.4370E+01  0.4366E+01  0.4361E+01
  0.4357E+01  0.4352E+01  0.4348E+01  0.4343E+01  0.4339E+01  0.4334E+01
  0.4329E+01  0.4325E+01  0.4321E+01  0.4316E+01  0.4312E+01  0.4309E+01
  0.4305E+01  0.4302E+01  0.4300E+01  0.4299E+01  0.4298E+01  0.4301E+01
  0.4309E+01  0.4328E+01  0.4367E+01  0.4431E+01  0.4516E+01  0.4603E+01
  0.4673E+01  0.4721E+01  0.4751E+01  0.4768E+01  0.4768E+01  0.4741E+01
  0.4702E+01  0.4697E+01  0.2569E+01  0.4440E+01  0.4439E+01  0.4439E+01
  0.4438E+01  0.4437E+01  0.4437E+01  0.4436E+01  0.4435E+01  0.4434E+01
  0.4433E+01  0.4432E+01  0.4430E+01  0.4429E+01  0.4428E+01  0.4426E+01
  0.4425E+01  0.4423E+01  0.4422E+01  0.4420E+01  0.4418E+01  0.4416E+01
  0.4414E+01  0.4412E+01  0.4409E+01  0.4407E+01  0.4404E+01  0.4401E+01
  0.4398E+01  0.4395E+01  0.4392E+01  0.4389E+01  0.4385E+01  0.4382E+01
  0.4378E+01  0.4374E+01  0.4370E+01  0.4366E+01  0.4361E+01  0.4357E+01
  0.4352E+01  0.4348E+01  0.4343E+01  0.4339E+01  0.4334E+01  0.4329E+01
  0.4325E+01  0.4321E+01  0.4316E+01  0.4312E+01  0.4309E+01  0.4305E+01
  0.4302E+01  0.4300E+01  0.4299E+01  0.4298E+01  0.4301E+01  0.4309E+01
  0.4328E+01  0.4367E+01  0.4431E+01  0.4516E+01  0.4603E+01  0.4673E+01
  0.4721E+01  0.4751E+01  0.4768E+01  0.4768E+01  0.4741E+01  0.4702E+01
  0.4697E+01  0.2569E+01  0.4440E+01  0.4439E+01  0.4439E+01  0.4438E+01
  0.4437E+01  0.4437E+01  0.4436E+01  0.4435E+01  0.4434E+01  0.4433E+01
  0.4432E+01  0.4430E+01  0.4429E+01  0.4428E+01  0.4426E+01  0.4425E+01
  0.4423E+01  0.4422E+01  0.4420E+01  0.4418E+01  0.4416E+01  0.4414E+01
  0.4412E+01  0.4409E+01  0.4407E+01  0.4404E+01  0.4401E+01  0.4398E+01
  0.4395E+01  0.4392E+01  0.4389E+01  0.4385E+01  0.4382E+01  0.4378E+01
  0.4374E+01  0.4370E+01  0.4366E+01  0.4361E+01  0.4357E+01  0.4352E+01
  0.4348E+01  0.4343E+01  0.4339E+01  0.4334E+01  0.4329E+01  0.4325E+01
  0.4321E+01  0.4316E+01  0.4312E+01  0.4309E+01  0.4305E+01  0.4302E+01
  0.4300E+01  0.4299E+01  0.4298E+01  0.4301E+01  0.4309E+01  0.4328E+01
  0.4367E+01  0.4431E+01  0.4516E+01  0.4603E+01  0.4673E+01  0.4721E+01
  0.4751E+01  0.4768E+01  0.4768E+01  0.4741E+01  0.4702E+01  0.4697E+01
  0.2569E+01  0.4440E+01  0.4439E+01  0.4439E+01  0.4438E+01  0.4437E+01
  0.4437E+01  0.4436E+01  0.4435E+01  0.4434E+01  0.4433E+01  0.4432E+01
  0.4430E+01  0.4429E+01  0.4428E+01  0.4426E+01  0.4425E+01  0.4423E+01
  0.4422E+01  0.4420E+01  0.4418E+01  0.4416E+01  0.4414E+01  0.4412E+01
  0.4409E+01  0.4407E+01  0.4404E+01  0.4401E+01  0.4398E+01  0.4395E+01
  0.4392E+01  0.4389E+01  0.4385E+01  0.4382E+01  0.4378E+01  0.4374E+01
  0.4370E+01  0.4366E+01  0.4361E+01  0.4357E+01  0.4352E+01  0.4348E+01
  0.4343E+01  0.4339E+01  0.4334E+01  0.4329E+01  0.4325E+01  0.4321E+01
  0.4316E+01  0.4312E+01  0.4309E+01  0.4305E+01  0.4302E+01  0.4300E+01
  0.4299E+01  0.4298E+01  0.4301E+01  0.4309E+01  0.4328E+01  0.4367E+01
  0.4431E+01  0.4516E+01  0.4603E+01  0.4673E+01  0.4721E+01  0.4751E+01
  0.4768E+01  0.4768E+01  0.4741E+01  0.4702E+01  0.4697E+01  0.2569E+01
  0.4440E+01  0.4439E+01  0.4439E+01  0.4438E+01  0.4437E+01  0.4437E+01
  0.4436E+01  0.4435E+01  0.4434E+01  0.4433E+01  0.4432E+01  0.4430E+01
  0.4429E+01  0.4428E+01  0.4426E+01  0.4425E+01  0.4423E+01  0.4422E+01
  0.4420E+01  0.4418E+01  0.4416E+01  0.4414E+01  0.4412E+01  0.4409E+01
  0.4407E+01  0.4404E+01  0.4401E+01  0.4398E+01  0.4395E+01  0.4392E+01
  0.4389E+01  0.4385E+01  0.4382E+01  0.4378E+01  0.4374E+01  0.4370E+01
  0.4366E+01  0.4361E+01  0.4357E+01  0.4352E+01  0.4348E+01  0.4343E+01
  0.4339E+01  0.4334E+01  0.4329E+01  0.4325E+01  0.4321E+01  0.4316E+01
  0.4312E+01  0.4309E+01  0.4305E+01  0.4302E+01  0.4300E+01  0.4299E+01
  0.4298E+01  0.4301E+01  0.4309E+01  0.4328E+01  0.4367E+01  0.4431E+01
  0.4516E+01  0.4603E+01  0.4673E+01  0.4721E+01  0.4751E+01  0.4768E+01
  0.4768E+01  0.4741E+01  0.4702E+01  0.4697E+01  0.2569E+01  0.4440E+01
  0.4439E+01  0.4439E+01  0.4438E+01  0.4437E+01  0.4437E+01  0.4436E+01
  0.4435E+01  0.4434E+01  0.4433E+01  0.4432E+01  0.4430E+01  0.4429E+01
  0.4428E+01  0.4426E+01  0.4425E+01  0.4423E+01  0.4422E+01  0.4420E+01
  0.4418E+01  0.4416E+01  0.4414E+01  0.4412E+01  0.4409E+01  0.4407E+01
  0.4404E+01  0.4401E+01  0.4398E+01  0.4395E+01  0.4392E+01  0.4389E+01
  0.4385E+01  0.4382E+01  0.4378E+01  0.4374E+01  0.4370E+01  0.4366E+01
  0.4361E+01  0.4357E+01  0.4352E+01  0.4348E+01  0.4343E+01  0.4339E+01
  0.4334E+01  0.4329E+01  0.4325E+01  0.4321E+01  0.4316E+01  0.4312E+01
  0.4309E+01  0.4305E+01  0.4302E+01  0.4300E+01  0.4299E+01  0.4298E+01
  0.4301E+01  0.4309E+01  0.4328E+01  0.4367E+01  0.4431E+01  0.4516E+01
  0.4603E+01  0.4673E+01  0.4721E+01  0.4751E+01  0.4768E+01  0.4768E+01
  0.4741E+01  0.4702E+01  0.4697E+01  0.2569E+01  0.4440E+01  0.4439E+01
  0.4439E+01  0.4438E+01  0.4437E+01  0.4437E+01  0.4436E+01  0.4435E+01
  0.4434E+01  0.4433E+01  0.4432E+01  0.4430E+01  0.4429E+01  0.4428E+01
  0.4426E+01  0.4425E+01  0.4423E+01  0.4422E+01  0.4420E+01  0.4418E+01
  0.4416E+01  0.4414E+01  0.4412E+01  0.4409E+01  0.4407E+01  0.4404E+01
  0.4401E+01  0.4398E+01  0.4395E+01  0.4392E+01  0.4389E+01  0.4385E+01
  0.4382E+01  0.4378E+01  0.4374E+01  0.4370E+01  0.4366E+01  0.4361E+01
  0.4357E+01  0.4352E+01  0.4348E+01  0.4343E+01  0.4339E+01  0.4334E+01
  0.4329E+01  0.4325E+01  0.4321E+01  0.4316E+01  0.4312E+01  0.4309E+01
  0.4305E+01  0.4302E+01  0.4300E+01  0.4299E+01  0.4298E+01  0.4301E+01
  0.4309E+01  0.4328E+01  0.4367E+01  0.4431E+01  0.4516E+01  0.4603E+01
  0.4673E+01  0.4721E+01  0.4751E+01  0.4768E+01  0.4768E+01  0.4741E+01
  0.4702E+01  0.4697E+01  0.2569E+01  0.4440E+01  0.4439E+01  0.4439E+01
  0.4438E+01  0.4437E+01  0.4437E+01  0.4436E+01  0.4435E+01  0.4434E+01
  0.4433E+01  0.4432E+01  0.4430E+01  0.4429E+01  0.4428E+01  0.4426E+01
  0.4425E+01  0.4423E+01  0.4422E+01  0.4420E+01  0.4418E+01  0.4416E+01
  0.4414E+01  0.4412E+01  0.4409E+01  0.4407E+01  0.4404E+01  0.4401E+01
  0.4398E+01  0.4395E+01  0.4392E+01  0.4389E+01  0.4385E+01  0.4382E+01
  0.4378E+01  0.4374E+01  0.4370E+01  0.4366E+01  0.4361E+01  0.4357E+01
  0.4352E+01  0.4348E+01  0.4343E+01  0.4339E+01  0.4334E+01  0.4329E+01
  0.4325E+01  0.4321E+01  0.4316E+01  0.4312E+01  0.4309E+01  0.4305E+01
  0.4302E+01  0.4300E+01  0.4299E+01  0.4298E+01  0.4301E+01  0.4309E+01
  0.4328E+01  0.4367E+01  0.4431E+01  0.4516E+01  0.4603E+01  0.4673E+01
  0.4721E+01  0.4751E+01  0.4768E+01  0.4768E+01  0.4741E+01  0.4702E+01
  0.4697E+01  0.2569E+01  0.4440E+01  0.4439E+01  0.4439E+01  0.4438E+01
  0.4437E+01  0.4437E+01  0.4436E+01  0.4435E+01  0.4434E+01  0.4433E+01
  0.4432E+01  0.4430E+01  0.4429E+01  0.4428E+01  0.4426E+01  0.4425E+01
  0.4423E+01  0.4422E+01  0.4420E+01  0.4418E+01  0.4416E+01  0.4414E+01
  0.4412E+01  0.4409E+01  0.4407E+01  0.4404E+01  0.4401E+01  0.4398E+01
  0.4395E+01  0.4392E+01  0.4389E+01  0.4385E+01  0.4382E+01  0.4378E+01
  0.4374E+01  0.4370E+01  0.4366E+01  0.4361E+01  0.4357E+01  0.4352E+01
  0.4348E+01  0.4343E+01  0.4339E+01  0.4334E+01  0.4329E+01  0.4325E+01
  0.4321E+01  0.4316E+01  0.4312E+01  0.4309E+01  0.4305E+01  0.4302E+01
  0.4300E+01  0.4299E+01  0.4298E+01  0.4301E+01  0.4309E+01  0.4328E+01
  0.4367E+01  0.4431E+01  0.4516E+01  0.4603E+01  0.4673E+01  0.4721E+01
  0.4751E+01  0.4768E+01  0.4768E+01  0.4741E+01  0.4702E+01  0.4697E+01
  0.2569E+01  0.4440E+01  0.4439E+01  0.4439E+01  0.4438E+01  0.4437E+01
  0.4437E+01  0.4436E+01  0.4435E+01  0.4434E+01  0.4433E+01  0.4432E+01
  0.4430E+01  0.4429E+01  0.4428E+01  0.4426E+01  0.4425E+01  0.4423E+01
  0.4422E+01  0.4420E+01  0.4418E+01  0.4416E+01  0.4414E+01  0.4412E+01
  0.4409E+01  0.4407E+01  0.4404E+01  0.4401E+01  0.4398E+01  0.4395E+01
  0.4392E+01  0.4389E+01  0.4385E+01  0.4382E+01  0.4378E+01  0.4374E+01
  0.4370E+01  0.4366E+01  0.4361E+01  0.4357E+01  0.4352E+01  0.4348E+01
  0.4343E+01  0.4339E+01  0.4334E+01  0.4329E+01  0.4325E+01  0.4321E+01
  0.4316E+01  0.4312E+01  0.4309E+01  0.4305E+01  0.4302E+01  0.4300E+01
  0.4299E+01  0.4298E+01  0.4301E+01  0.4309E+01  0.4328E+01  0.4367E+01
  0.4431E+01  0.4516E+01  0.4603E+01  0.4673E+01  0.4721E+01  0.4751E+01
  0.4768E+01  0.4768E+01  0.4741E+01  0.4702E+01  0.4697E+01  0.2569E+01
  0.4440E+01  0.4439E+01  0.4439E+01  0.4438E+01  0.4437E+01  0.4437E+01
  0.4436E+01  0.4435E+01  0.4434E+01  0.4433E+01  0.4432E+01  0.4430E+01
  0.4429E+01  0.4428E+01  0.4426E+01  0.4425E+01  0.4423E+01  0.4422E+01
  0.4420E+01  0.4418E+01  0.4416E+01  0.4414E+01  0.4412E+01  0.4409E+01
  0.4407E+01  0.4404E+01  0.4401E+01  0.4398E+01  0.4395E+01  0.4392E+01
  0.4389E+01  0.4385E+01  0.4382E+01  0.4378E+01  0.4374E+01  0.4370E+01
  0.4366E+01  0.4361E+01  0.4357E+01  0.4352E+01  0.4348E+01  0.4343E+01
  0.4339E+01  0.4334E+01  0.4329E+01  0.4325E+01  0.4321E+01  0.4316E+01
  0.4312E+01  0.4309E+01  0.4305E+01  0.4302E+01  0.4300E+01  0.4299E+01
  0.4298E+01  0.4301E+01  0.4309E+01  0.4328E+01  0.4367E+01  0.4431E+01
  0.4516E+01  0.4603E+01  0.4673E+01  0.4721E+01  0.4751E+01  0.4768E+01
  0.4768E+01  0.4741E+01  0.4702E+01  0.4697E+01  0.2569E+01  0.4440E+01
  0.4439E+01  0.4439E+01  0.4438E+01  0.4437E+01  0.4437E+01  0.4436E+01
  0.4435E+01  0.4434E+01  0.4433E+01  0.4432E+01  0.4430E+01  0.4429E+01
  0.4428E+01  0.4426E+01  0.4425E+01  0.4423E+01  0.4422E+01  0.4420E+01
  0.4418E+01  0.4416E+01  0.4414E+01  0.4412E+01  0.4409E+01  0.4407E+01
  0.4404E+01  0.4401E+01  0.4398E+01  0.4395E+01  0.4392E+01  0.4389E+01
  0.4385E+01  0.4382E+01  0.4378E+01  0.4374E+01  0.4370E+01  0.4366E+01
  0.4361E+01  0.4357E+01  0.4352E+01  0.4348E+01  0.4343E+01  0.4339E+01
  0.4334E+01  0.4329E+01  0.4325E+01  0.4321E+01  0.4316E+01  0.4312E+01
  0.4309E+01  0.4305E+01  0.4302E+01  0.4300E+01  0.4299E+01  0.4298E+01
  0.4301E+01  0.4309E+01  0.4328E+01  0.4367E+01  0.4431E+01  0.4516E+01
  0.4603E+01  0.4673E+01  0.4721E+01  0.4751E+01  0.4768E+01  0.4768E+01
  0.4741E+01  0.4702E+01  0.4697E+01  0.2569E+01  0.4440E+01  0.4439E+01
  0.4439E+01  0.4438E+01  0.4437E+01  0.4437E+01  0.4436E+01  0.4435E+01
  0.4434E+01  0.4433E+01  0.4432E+01  0.4430E+01  0.4429E+01  0.4428E+01
  0.4426E+01  0.4425E+01  0.4423E+01  0.4422E+01  0.4420E+01  0.4418E+01
  0.4416E+01  0.4414E+01  0.4412E+01  0.4409E+01  0.4407E+01  0.4404E+01
  0.4401E+01  0.4398E+01  0.4395E+01  0.4392E+01  0.4389E+01  0.4385E+01
  0.4382E+01  0.4378E+01  0.4374E+01  0.4370E+01  0.4366E+01  0.4361E+01
  0.4357E+01  0.4352E+01  0.4348E+01  0.4343E+01  0.4339E+01  0.4334E+01
  0.4329E+01  0.4325E+01  0.4321E+01  0.4316E+01  0.4312E+01  0.4309E+01
  0.4305E+01  0.4302E+01  0.4300E+01  0.4299E+01  0.4298E+01  0.4301E+01
  0.4309E+01  0.4328E+01  0.4367E+01  0.4431E+01  0.4516E+01  0.4603E+01
  0.4673E+01  0.4721E+01  0.4751E+01  0.4768E+01  0.4768E+01  0.4741E+01
  0.4702E+01  0.4697E+01  0.2569E+01  0.4440E+01  0.4439E+01  0.4439E+01
  0.4438E+01  0.4437E+01  0.4437E+01  0.4436E+01  0.4435E+01  0.4434E+01
  0.4433E+01  0.4432E+01  0.4430E+01  0.4429E+01  0.4428E+01  0.4426E+01
  0.4425E+01  0.4423E+01  0.4422E+01  0.4420E+01  0.4418E+01  0.4416E+01
  0.4414E+01  0.4412E+01  0.4409E+01  0.4407E+01  0.4404E+01  0.4401E+01
  0.4398E+01  0.4395E+01  0.4392E+01  0.4389E+01  0.4385E+01  0.4382E+01
  0.4378E+01  0.4374E+01  0.4370E+01  0.4366E+01  0.4361E+01  0.4357E+01
  0.4352E+01  0.4348E+01  0.4343E+01  0.4339E+01  0.4334E+01  0.4329E+01
  0.4325E+01  0.4321E+01  0.4316E+01  0.4312E+01  0.4309E+01  0.4305E+01
  0.4302E+01  0.4300E+01  0.4299E+01  0.4298E+01  0.4301E+01  0.4309E+01
  0.4328E+01  0.4367E+01  0.4431E+01  0.4516E+01  0.4603E+01  0.4673E+01
  0.4721E+01  0.4751E+01  0.4768E+01  0.4768E+01  0.4741E+01  0.4702E+01
  0.4697E+01  0.2569E+01  0.4440E+01  0.4439E+01  0.4439E+01  0.4438E+01
  0.4437E+01  0.4437E+01  0.4436E+01  0.4435E+01  0.4434E+01  0.4433E+01
  0.4432E+01  0.4430E+01  0.4429E+01  0.4428E+01  0.4426E+01  0.4425E+01
  0.4423E+01  0.4422E+01  0.4420E+01  0.4418E+01  0.4416E+01  0.4414E+01
  0.4412E+01  0.4409E+01  0.4407E+01  0.4404E+01  0.4401E+01  0.4398E+01
  0.4395E+01  0.4392E+01  0.4389E+01  0.4385E+01  0.4382E+01  0.4378E+01
  0.4374E+01  0.4370E+01  0.4366E+01  0.4361E+01  0.4357E+01  0.4352E+01
  0.4348E+01  0.4343E+01  0.4339E+01  0.4334E+01  0.4329E+01  0.4325E+01
  0.4321E+01  0.4316E+01  0.4312E+01  0.4309E+01  0.4305E+01  0.4302E+01
  0.4300E+01  0.4299E+01  0.4298E+01  0.4301E+01  0.4309E+01  0.4328E+01
  0.4367E+01  0.4431E+01  0.4516E+01  0.4603E+01  0.4673E+01  0.4721E+01
  0.4751E+01  0.4768E+01  0.4768E+01  0.4741E+01  0.4702E+01  0.4697E+01
  0.2569E+01  0.4440E+01  0.4439E+01  0.4439E+01  0.4438E+01  0.4437E+01
  0.4437E+01  0.4436E+01  0.4435E+01  0.4434E+01  0.4433E+01  0.4432E+01
  0.4430E+01  0.4429E+01  0.4428E+01  0.4426E+01  0.4425E+01  0.4423E+01
  0.4422E+01  0.4420E+01  0.4418E+01  0.4416E+01  0.4414E+01  0.4412E+01
  0.4409E+01  0.4407E+01  0.4404E+01  0.4401E+01  0.4398E+01  0.4395E+01
  0.4392E+01  0.4389E+01  0.4385E+01  0.4382E+01  0.4378E+01  0.4374E+01
  0.4370E+01  0.4366E+01  0.4361E+01  0.4357E+01  0.4352E+01  0.4348E+01
  0.4343E+01  0.4339E+01  0.4334E+01  0.4329E+01  0.4325E+01  0.4321E+01
  0.4316E+01  0.4312E+01  0.4309E+01  0.4305E+01  0.4302E+01  0.4300E+01
  0.4299E+01  0.4298E+01  0.4301E+01  0.4309E+01  0.4328E+01  0.4367E+01
  0.4431E+01  0.4516E+01  0.4603E+01  0.4673E+01  0.4721E+01  0.4751E+01
  0.4768E+01  0.4768E+01  0.4741E+01  0.4702E+01  0.4697E+01  0.2569E+01
  0.4440E+01  0.4439E+01  0.4439E+01  0.4438E+01  0.4437E+01  0.4437E+01
  0.4436E+01  0.4435E+01  0.4434E+01  0.4433E+01  0.4432E+01  0.4430E+01
  0.4429E+01  0.4428E+01  0.4426E+01  0.4425E+01  0.4423E+01  0.4422E+01
  0.4420E+01  0.4418E+01  0.4416E+01  0.4414E+01  0.4412E+01  0.4409E+01
  0.4407E+01  0.4404E+01  0.4401E+01  0.4398E+01  0.4395E+01  0.4392E+01
  0.4389E+01  0.4385E+01  0.4382E+01  0.4378E+01  0.4374E+01  0.4370E+01
  0.4366E+01  0.4361E+01  0.4357E+01  0.4352E+01  0.4348E+01  0.4343E+01
  0.4339E+01  0.4334E+01  0.4329E+01  0.4325E+01  0.4321E+01  0.4316E+01
  0.4312E+01  0.4309E+01  0.4305E+01  0.4302E+01  0.4300E+01  0.4299E+01
  0.4298E+01  0.4301E+01  0.4309E+01  0.4328E+01  0.4367E+01  0.4431E+01
  0.4516E+01  0.4603E+01  0.4673E+01  0.4721E+01  0.4751E+01  0.4768E+01
  0.4768E+01  0.4741E+01  0.4702E+01  0.4697E+01  0.2569E+01  0.4440E+01
  0.4439E+01  0.4439E+01  0.4438E+01  0.4437E+01  0.4437E+01  0.4436E+01
  0.4435E+01  0.4434E+01  0.4433E+01  0.4432E+01  0.4430E+01  0.4429E+01
  0.4428E+01  0.4426E+01  0.4425E+01  0.4423E+01  0.4422E+01  0.4420E+01
  0.4418E+01  0.4416E+01  0.4414E+01  0.4412E+01  0.4409E+01  0.4407E+01
  0.4404E+01  0.4401E+01  0.4398E+01  0.4395E+01  0.4392E+01  0.4389E+01
  0.4385E+01  0.4382E+01  0.4378E+01  0.4374E+01  0.4370E+01  0.4366E+01
  0.4361E+01  0.4357E+01  0.4352E+01  0.4348E+01  0.4343E+01  0.4339E+01
  0.4334E+01  0.4329E+01  0.4325E+01  0.4321E+01  0.4316E+01  0.4312E+01
  0.4309E+01  0.4305E+01  0.4302E+01  0.4300E+01  0.4299E+01  0.4298E+01
  0.4301E+01  0.4309E+01  0.4328E+01  0.4367E+01  0.4431E+01  0.4516E+01
  0.4603E+01  0.4673E+01  0.4721E+01  0.4751E+01  0.4768E+01  0.4768E+01
  0.4741E+01  0.4702E+01  0.4697E+01  0.2569E+01  0.4440E+01  0.4439E+01
  0.4439E+01  0.4438E+01  0.4437E+01  0.4437E+01  0.4436E+01  0.4435E+01
  0.4434E+01  0.4433E+01  0.4432E+01  0.4430E+01  0.4429E+01  0.4428E+01
  0.4426E+01  0.4425E+01  0.4423E+01  0.4422E+01  0.4420E+01  0.4418E+01
  0.4416E+01  0.4414E+01  0.4412E+01  0.4409E+01  0.4407E+01  0.4404E+01
  0.4401E+01  0.4398E+01  0.4395E+01  0.4392E+01  0.4389E+01  0.4385E+01
  0.4382E+01  0.4378E+01  0.4374E+01  0.4370E+01  0.4366E+01  0.4361E+01
  0.4357E+01  0.4352E+01  0.4348E+01  0.4343E+01  0.4339E+01  0.4334E+01
  0.4329E+01  0.4325E+01  0.4321E+01  0.4316E+01  0.4312E+01  0.4309E+01
  0.4305E+01  0.4302E+01  0.4300E+01  0.4299E+01  0.4298E+01  0.4301E+01
  0.4309E+01  0.4328E+01  0.4367E+01  0.4431E+01  0.4516E+01  0.4603E+01
  0.4673E+01  0.4721E+01  0.4751E+01  0.4768E+01  0.4768E+01  0.4741E+01
  0.4702E+01  0.4697E+01  0.2569E+01  0.4440E+01  0.4439E+01  0.4439E+01
  0.4438E+01  0.4437E+01  0.4437E+01  0.4436E+01  0.4435E+01  0.4434E+01
  0.4433E+01  0.4432E+01  0.4430E+01  0.4429E+01  0.4428E+01  0.4426E+01
  0.4425E+01  0.4423E+01  0.4422E+01  0.4420E+01  0.4418E+01  0.4416E+01
  0.4414E+01  0.4412E+01  0.4409E+01  0.4407E+01  0.4404E+01  0.4401E+01
  0.4398E+01  0.4395E+01  0.4392E+01  0.4389E+01  0.4385E+01  0.4382E+01
  0.4378E+01  0.4374E+01  0.4370E+01  0.4366E+01  0.4361E+01  0.4357E+01
  0.4352E+01  0.4348E+01  0.4343E+01  0.4339E+01  0.4334E+01  0.4329E+01
  0.4325E+01  0.4321E+01  0.4316E+01  0.4312E+01  0.4309E+01  0.4305E+01
  0.4302E+01  0.4300E+01  0.4299E+01  0.4298E+01  0.4301E+01  0.4309E+01
  0.4328E+01  0.4367E+01  0.4431E+01  0.4516E+01  0.4603E+01  0.4673E+01
  0.4721E+01  0.4751E+01  0.4768E+01  0.4768E+01  0.4741E+01  0.4702E+01
  0.4697E+01  0.2569E+01  0.4440E+01  0.4439E+01  0.4439E+01  0.4438E+01
  0.4437E+01  0.4437E+01  0.4436E+01  0.4435E+01  0.4434E+01  0.4433E+01
  0.4432E+01  0.4430E+01  0.4429E+01  0.4428E+01  0.4426E+01  0.4425E+01
  0.4423E+01  0.4422E+01  0.4420E+01  0.4418E+01  0.4416E+01  0.4414E+01
  0.4412E+01  0.4409E+01  0.4407E+01  0.4404E+01  0.4401E+01  0.4398E+01
  0.4395E+01  0.4392E+01  0.4389E+01  0.4385E+01  0.4382E+01  0.4378E+01
  0.4374E+01  0.4370E+01  0.4366E+01  0.4361E+01  0.4357E+01  0.4352E+01
  0.4348E+01  0.4343E+01  0.4339E+01  0.4334E+01  0.4329E+01  0.4325E+01
  0.4321E+01  0.4316E+01  0.4312E+01  0.4309E+01  0.4305E+01  0.4302E+01
  0.4300E+01  0.4299E+01  0.4298E+01  0.4301E+01  0.4309E+01  0.4328E+01
  0.4367E+01  0.4431E+01  0.4516E+01  0.4603E+01  0.4673E+01  0.4721E+01
  0.4751E+01  0.4768E+01  0.4768E+01  0.4741E+01  0.4702E+01  0.4697E+01
  0.2569E+01  0.4440E+01  0.4439E+01  0.4439E+01  0.4438E+01  0.4437E+01
  0.4437E+01  0.4436E+01  0.4435E+01  0.4434E+01  0.4433E+01  0.4432E+01
  0.4430E+01  0.4429E+01  0.4428E+01  0.4426E+01  0.4425E+01  0.4423E+01
  0.4422E+01  0.4420E+01  0.4418E+01  0.4416E+01  0.4414E+01  0.4412E+01
  0.4409E+01  0.4407E+01  0.4404E+01  0.4401E+01  0.4398E+01  0.4395E+01
  0.4392E+01  0.4389E+01  0.4385E+01  0.4382E+01  0.4378E+01  0.4374E+01
  0.4370E+01  0.4366E+01  0.4361E+01  0.4357E+01  0.4352E+01  0.4348E+01
  0.4343E+01  0.4339E+01  0.4334E+01  0.4329E+01  0.4325E+01  0.4321E+01
  0.4316E+01  0.4312E+01  0.4309E+01  0.4305E+01  0.4302E+01  0.4300E+01
  0.4299E+01  0.4298E+01  0.4301E+01  0.4309E+01  0.4328E+01  0.4367E+01
  0.4431E+01  0.4516E+01  0.4603E+01  0.4673E+01  0.4721E+01  0.4751E+01
  0.4768E+01  0.4768E+01  0.4741E+01  0.4702E+01  0.4697E+01  0.2569E+01
  0.4440E+01  0.4439E+01  0.4439E+01  0.4438E+01  0.4437E+01  0.4437E+01
  0.4436E+01  0.4435E+01  0.4434E+01  0.4433E+01  0.4432E+01  0.4430E+01
  0.4429E+01  0.4428E+01  0.4426E+01  0.4425E+01  0.4423E+01  0.4422E+01
  0.4420E+01  0.4418E+01  0.4416E+01  0.4414E+01  0.4412E+01  0.4409E+01
  0.4407E+01  0.4404E+01  0.4401E+01  0.4398E+01  0.4395E+01  0.4392E+01
  0.4389E+01  0.4385E+01  0.4382E+01  0.4378E+01  0.4374E+01  0.4370E+01
  0.4366E+01  0.4361E+01  0.4357E+01  0.4352E+01  0.4348E+01  0.4343E+01
  0.4339E+01  0.4334E+01  0.4329E+01  0.4325E+01  0.4321E+01  0.4316E+01
  0.4312E+01  0.4309E+01  0.4305E+01  0.4302E+01  0.4300E+01  0.4299E+01
  0.4298E+01  0.4301E+01  0.4309E+01  0.4328E+01  0.4367E+01  0.4431E+01
  0.4516E+01  0.4603E+01  0.4673E+01  0.4721E+01  0.4751E+01  0.4768E+01
  0.4768E+01  0.4741E+01  0.4702E+01  0.4697E+01  0.2569E+01  0.4440E+01
  0.4439E+01  0.4439E+01  0.4438E+01  0.4437E+01  0.4437E+01  0.4436E+01
  0.4435E+01  0.4434E+01  0.4433E+01  0.4432E+01  0.4430E+01  0.4429E+01
  0.4428E+01  0.4426E+01  0.4425E+01  0.4423E+01  0.4422E+01  0.4420E+01
  0.4418E+01  0.4416E+01  0.4414E+01  0.4412E+01  0.4409E+01  0.4407E+01
  0.4404E+01  0.4401E+01  0.4398E+01  0.4395E+01  0.4392E+01  0.4389E+01
  0.4385E+01  0.4382E+01  0.4378E+01  0.4374E+01  0.4370E+01  0.4366E+01
  0.4361E+01  0.4357E+01  0.4352E+01  0.4348E+01  0.4343E+01  0.4339E+01
  0.4334E+01  0.4329E+01  0.4325E+01  0.4321E+01  0.4316E+01  0.4312E+01
  0.4309E+01  0.4305E+01  0.4302E+01  0.4300E+01  0.4299E+01  0.4298E+01
  0.4301E+01  0.4309E+01  0.4328E+01  0.4367E+01  0.4431E+01  0.4516E+01
  0.4603E+01  0.4673E+01  0.4721E+01  0.4751E+01  0.4768E+01  0.4768E+01
  0.4741E+01  0.4702E+01  0.4697E+01  0.2569E+01  0.4440E+01  0.4439E+01
  0.4439E+01  0.4438E+01  0.4437E+01  0.4437E+01  0.4436E+01  0.4435E+01
  0.4434E+01  0.4433E+01  0.4432E+01  0.4430E+01  0.4429E+01  0.4428E+01
  0.4426E+01  0.4425E+01  0.4423E+01  0.4422E+01  0.4420E+01  0.4418E+01
  0.4416E+01  0.4414E+01  0.4412E+01  0.4409E+01  0.4407E+01  0.4404E+01
  0.4401E+01  0.4398E+01  0.4395E+01  0.4392E+01  0.4389E+01  0.4385E+01
  0.4382E+01  0.4378E+01  0.4374E+01  0.4370E+01  0.4366E+01  0.4361E+01
  0.4357E+01  0.4352E+01  0.4348E+01  0.4343E+01  0.4339E+01  0.4334E+01
  0.4329E+01  0.4325E+01  0.4321E+01  0.4316E+01  0.4312E+01  0.4309E+01
  0.4305E+01  0.4302E+01  0.4300E+01  0.4299E+01  0.4298E+01  0.4301E+01
  0.4309E+01  0.4328E+01  0.4367E+01  0.4431E+01  0.4516E+01  0.4603E+01
  0.4673E+01  0.4721E+01  0.4751E+01  0.4768E+01  0.4768E+01  0.4741E+01
  0.4702E+01  0.4697E+01  0.2569E+01  0.4440E+01  0.4439E+01  0.4439E+01
  0.4438E+01  0.4437E+01  0.4437E+01  0.4436E+01  0.4435E+01  0.4434E+01
  0.4433E+01  0.4432E+01  0.4430E+01  0.4429E+01  0.4428E+01  0.4426E+01
  0.4425E+01  0.4423E+01  0.4422E+01  0.4420E+01  0.4418E+01  0.4416E+01
  0.4414E+01  0.4412E+01  0.4409E+01  0.4407E+01  0.4404E+01  0.4401E+01
  0.4398E+01  0.4395E+01  0.4392E+01  0.4389E+01  0.4385E+01  0.4382E+01
  0.4378E+01  0.4374E+01  0.4370E+01  0.4366E+01  0.4361E+01  0.4357E+01
  0.4352E+01  0.4348E+01  0.4343E+01  0.4339E+01  0.4334E+01  0.4329E+01
  0.4325E+01  0.4321E+01  0.4316E+01  0.4312E+01  0.4309E+01  0.4305E+01
  0.4302E+01  0.4300E+01  0.4299E+01  0.4298E+01  0.4301E+01  0.4309E+01
  0.4328E+01  0.4367E+01  0.4431E+01  0.4516E+01  0.4603E+01  0.4673E+01
  0.4721E+01  0.4751E+01  0.4768E+01  0.4768E+01  0.4741E+01  0.4702E+01
  0.4697E+01  0.2569E+01  0.4440E+01  0.4439E+01  0.4439E+01  0.4438E+01
  0.4437E+01  0.4437E+01  0.4436E+01  0.4435E+01  0.4434E+01  0.4433E+01
  0.4432E+01  0.4430E+01  0.4429E+01  0.4428E+01  0.4426E+01  0.4425E+01
  0.4423E+01  0.4422E+01  0.4420E+01  0.4418E+01  0.4416E+01  0.4414E+01
  0.4412E+01  0.4409E+01  0.4407E+01  0.4404E+01  0.4401E+01  0.4398E+01
  0.4395E+01  0.4392E+01  0.4389E+01  0.4385E+01  0.4382E+01  0.4378E+01
  0.4374E+01  0.4370E+01  0.4366E+01  0.4361E+01  0.4357E+01  0.4352E+01
  0.4348E+01  0.4343E+01  0.4339E+01  0.4334E+01  0.4329E+01  0.4325E+01
  0.4321E+01  0.4316E+01  0.4312E+01  0.4309E+01  0.4305E+01  0.4302E+01
  0.4300E+01  0.4299E+01  0.4298E+01  0.4301E+01  0.4309E+01  0.4328E+01
  0.4367E+01  0.4431E+01  0.4516E+01  0.4603E+01  0.4673E+01  0.4721E+01
  0.4751E+01  0.4768E+01  0.4768E+01  0.4741E+01  0.4702E+01  0.4697E+01
  0.2569E+01  0.4440E+01  0.4439E+01  0.4439E+01  0.4438E+01  0.4437E+01
  0.4437E+01  0.4436E+01  0.4435E+01  0.4434E+01  0.4433E+01  0.4432E+01
  0.4430E+01  0.4429E+01  0.4428E+01  0.4426E+01  0.4425E+01  0.4423E+01
  0.4422E+01  0.4420E+01  0.4418E+01  0.4416E+01  0.4414E+01  0.4412E+01
  0.4409E+01  0.4407E+01  0.4404E+01  0.4401E+01  0.4398E+01  0.4395E+01
  0.4392E+01  0.4389E+01  0.4385E+01  0.4382E+01  0.4378E+01  0.4374E+01
  0.4370E+01  0.4366E+01  0.4361E+01  0.4357E+01  0.4352E+01  0.4348E+01
  0.4343E+01  0.4339E+01  0.4334E+01  0.4329E+01  0.4325E+01  0.4321E+01
  0.4316E+01  0.4312E+01  0.4309E+01  0.4305E+01  0.4302E+01  0.4300E+01
  0.4299E+01  0.4298E+01  0.4301E+01  0.4309E+01  0.4328E+01  0.4367E+01
  0.4431E+01  0.4516E+01  0.4603E+01  0.4673E+01  0.4721E+01  0.4751E+01
  0.4768E+01  0.4768E+01  0.4741E+01  0.4702E+01  0.4697E+01  0.2569E+01
  0.4440E+01  0.4439E+01  0.4439E+01  0.4438E+01  0.4437E+01  0.4437E+01
  0.4436E+01  0.4435E+01  0.4434E+01  0.4433E+01  0.4432E+01  0.4430E+01
  0.4429E+01  0.4428E+01  0.4426E+01  0.4425E+01  0.4423E+01  0.4422E+01
  0.4420E+01  0.4418E+01  0.4416E+01  0.4414E+01  0.4412E+01  0.4409E+01
  0.4407E+01  0.4404E+01  0.4401E+01  0.4398E+01  0.4395E+01  0.4392E+01
  0.4389E+01  0.4385E+01  0.4382E+01  0.4378E+01  0.4374E+01  0.4370E+01
  0.4366E+01  0.4361E+01  0.4357E+01  0.4352E+01  0.4348E+01  0.4343E+01
  0.4339E+01  0.4334E+01  0.4329E+01  0.4325E+01  0.4321E+01  0.4316E+01
  0.4312E+01  0.4309E+01  0.4305E+01  0.4302E+01  0.4300E+01  0.4299E+01
  0.4298E+01  0.4301E+01  0.4309E+01  0.4328E+01  0.4367E+01  0.4431E+01
  0.4516E+01  0.4603E+01  0.4673E+01  0.4721E+01  0.4751E+01  0.4768E+01
  0.4768E+01  0.4741E+01  0.4702E+01  0.4697E+01  0.2569E+01  0.4440E+01
  0.4439E+01  0.4439E+01  0.4438E+01  0.4437E+01  0.4437E+01  0.4436E+01
  0.4435E+01  0.4434E+01  0.4433E+01  0.4432E+01  0.4430E+01  0.4429E+01
  0.4428E+01  0.4426E+01  0.4425E+01  0.4423E+01  0.4422E+01  0.4420E+01
  0.4418E+01  0.4416E+01  0.4414E+01  0.4412E+01  0.4409E+01  0.4407E+01
  0.4404E+01  0.4401E+01  0.4398E+01  0.4395E+01  0.4392E+01  0.4389E+01
  0.4385E+01  0.4382E+01  0.4378E+01  0.4374E+01  0.4370E+01  0.4366E+01
  0.4361E+01  0.4357E+01  0.4352E+01  0.4348E+01  0.4343E+01  0.4339E+01
  0.4334E+01  0.4329E+01  0.4325E+01  0.4321E+01  0.4316E+01  0.4312E+01
  0.4309E+01  0.4305E+01  0.4302E+01  0.4300E+01  0.4299E+01  0.4298E+01
  0.4301E+01  0.4309E+01  0.4328E+01  0.4367E+01  0.4431E+01  0.4516E+01
  0.4603E+01  0.4673E+01  0.4721E+01  0.4751E+01  0.4768E+01  0.4768E+01
  0.4741E+01  0.4702E+01  0.4697E+01  0.2569E+01  0.4440E+01  0.4439E+01
  0.4439E+01  0.4438E+01  0.4437E+01  0.4437E+01  0.4436E+01  0.4435E+01
  0.4434E+01  0.4433E+01  0.4432E+01  0.4430E+01  0.4429E+01  0.4428E+01
  0.4426E+01  0.4425E+01  0.4423E+01  0.4422E+01  0.4420E+01  0.4418E+01
  0.4416E+01  0.4414E+01  0.4412E+01  0.4409E+01  0.4407E+01  0.4404E+01
  0.4401E+01  0.4398E+01  0.4395E+01  0.4392E+01  0.4389E+01  0.4385E+01
  0.4382E+01  0.4378E+01  0.4374E+01  0.4370E+01  0.4366E+01  0.4361E+01
  0.4357E+01  0.4352E+01  0.4348E+01  0.4343E+01  0.4339E+01  0.4334E+01
  0.4329E+01  0.4325E+01  0.4321E+01  0.4316E+01  0.4312E+01  0.4309E+01
  0.4305E+01  0.4302E+01  0.4300E+01  0.4299E+01  0.4298E+01  0.4301E+01
  0.4309E+01  0.4328E+01  0.4367E+01  0.4431E+01  0.4516E+01  0.4603E+01
  0.4673E+01  0.4721E+01  0.4751E+01  0.4768E+01  0.4768E+01  0.4741E+01
  0.4702E+01  0.4697E+01  0.2569E+01  0.4440E+01  0.4439E+01  0.4439E+01
  0.4438E+01  0.4437E+01  0.4437E+01  0.4436E+01  0.4435E+01  0.4434E+01
  0.4433E+01  0.4432E+01  0.4430E+01  0.4429E+01  0.4428E+01  0.4426E+01
  0.4425E+01  0.4423E+01  0.4422E+01  0.4420E+01  0.4418E+01  0.4416E+01
  0.4414E+01  0.4412E+01  0.4409E+01  0.4407E+01  0.4404E+01  0.4401E+01
  0.4398E+01  0.4395E+01  0.4392E+01  0.4389E+01  0.4385E+01  0.4382E+01
  0.4378E+01  0.4374E+01  0.4370E+01  0.4366E+01  0.4361E+01  0.4357E+01
  0.4352E+01  0.4348E+01  0.4343E+01  0.4339E+01  0.4334E+01  0.4329E+01
  0.4325E+01  0.4321E+01  0.4316E+01  0.4312E+01  0.4309E+01  0.4305E+01
  0.4302E+01  0.4300E+01  0.4299E+01  0.4298E+01  0.4301E+01  0.4309E+01
  0.4328E+01  0.4367E+01  0.4431E+01  0.4516E+01  0.4603E+01  0.4673E+01
  0.4721E+01  0.4751E+01  0.4768E+01  0.4768E+01  0.4741E+01  0.4702E+01
  0.4697E+01  0.2569E+01  0.4440E+01  0.4439E+01  0.4439E+01  0.4438E+01
  0.4437E+01  0.4437E+01  0.4436E+01  0.4435E+01  0.4434E+01  0.4433E+01
  0.4432E+01  0.4430E+01  0.4429E+01  0.4428E+01  0.4426E+01  0.4425E+01
  0.4423E+01  0.4422E+01  0.4420E+01  0.4418E+01  0.4416E+01  0.4414E+01
  0.4412E+01  0.4409E+01  0.4407E+01  0.4404E+01  0.4401E+01  0.4398E+01
  0.4395E+01  0.4392E+01  0.4389E+01  0.4385E+01  0.4382E+01  0.4378E+01
  0.4374E+01  0.4370E+01  0.4366E+01  0.4361E+01  0.4357E+01  0.4352E+01
  0.4348E+01  0.4343E+01  0.4339E+01  0.4334E+01  0.4329E+01  0.4325E+01
  0.4321E+01  0.4316E+01  0.4312E+01  0.4309E+01  0.4305E+01  0.4302E+01
  0.4300E+01  0.4299E+01  0.4298E+01  0.4301E+01  0.4309E+01  0.4328E+01
  0.4367E+01  0.4431E+01  0.4516E+01  0.4603E+01  0.4673E+01  0.4721E+01
  0.4751E+01  0.4768E+01  0.4768E+01  0.4741E+01  0.4702E+01  0.4697E+01
  0.2569E+01  0.4440E+01  0.4439E+01  0.4439E+01  0.4438E+01  0.4437E+01
  0.4437E+01  0.4436E+01  0.4435E+01  0.4434E+01  0.4433E+01  0.4432E+01
  0.4430E+01  0.4429E+01  0.4428E+01  0.4426E+01  0.4425E+01  0.4423E+01
  0.4422E+01  0.4420E+01  0.4418E+01  0.4416E+01  0.4414E+01  0.4412E+01
  0.4409E+01  0.4407E+01  0.4404E+01  0.4401E+01  0.4398E+01  0.4395E+01
  0.4392E+01  0.4389E+01  0.4385E+01  0.4382E+01  0.4378E+01  0.4374E+01
  0.4370E+01  0.4366E+01  0.4361E+01  0.4357E+01  0.4352E+01  0.4348E+01
  0.4343E+01  0.4339E+01  0.4334E+01  0.4329E+01  0.4325E+01  0.4321E+01
  0.4316E+01  0.4312E+01  0.4309E+01  0.4305E+01  0.4302E+01  0.4300E+01
  0.4299E+01  0.4298E+01  0.4301E+01  0.4309E+01  0.4328E+01  0.4367E+01
  0.4431E+01  0.4516E+01  0.4603E+01  0.4673E+01  0.4721E+01  0.4751E+01
  0.4768E+01  0.4768E+01  0.4741E+01  0.4702E+01  0.4697E+01  0.2569E+01
  0.4440E+01  0.4439E+01  0.4439E+01  0.4438E+01  0.4437E+01  0.4437E+01
  0.4436E+01  0.4435E+01  0.4434E+01  0.4433E+01  0.4432E+01  0.4430E+01
  0.4429E+01  0.4428E+01  0.4426E+01  0.4425E+01  0.4423E+01  0.4422E+01
  0.4420E+01  0.4418E+01  0.4416E+01  0.4414E+01  0.4412E+01  0.4409E+01
  0.4407E+01  0.4404E+01  0.4401E+01  0.4398E+01  0.4395E+01  0.4392E+01
  0.4389E+01  0.4385E+01  0.4382E+01  0.4378E+01  0.4374E+01  0.4370E+01
  0.4366E+01  0.4361E+01  0.4357E+01  0.4352E+01  0.4348E+01  0.4343E+01
  0.4339E+01  0.4334E+01  0.4329E+01  0.4325E+01  0.4321E+01  0.4316E+01
  0.4312E+01  0.4309E+01  0.4305E+01  0.4302E+01  0.4300E+01  0.4299E+01
  0.4298E+01  0.4301E+01  0.4309E+01  0.4328E+01  0.4367E+01  0.4431E+01
  0.4516E+01  0.4603E+01  0.4673E+01  0.4721E+01  0.4751E+01  0.4768E+01
  0.4768E+01  0.4741E+01  0.4702E+01  0.4697E+01  0.2569E+01  0.4440E+01
  0.4439E+01  0.4439E+01  0.4438E+01  0.4437E+01  0.4437E+01  0.4436E+01
  0.4435E+01  0.4434E+01  0.4433E+01  0.4432E+01  0.4430E+01  0.4429E+01
  0.4428E+01  0.4426E+01  0.4425E+01  0.4423E+01  0.4422E+01  0.4420E+01
  0.4418E+01  0.4416E+01  0.4414E+01  0.4412E+01  0.4409E+01  0.4407E+01
  0.4404E+01  0.4401E+01  0.4398E+01  0.4395E+01  0.4392E+01  0.4389E+01
  0.4385E+01  0.4382E+01  0.4378E+01  0.4374E+01  0.4370E+01  0.4366E+01
  0.4361E+01  0.4357E+01  0.4352E+01  0.4348E+01  0.4343E+01  0.4339E+01
  0.4334E+01  0.4329E+01  0.4325E+01  0.4321E+01  0.4316E+01  0.4312E+01
  0.4309E+01  0.4305E+01  0.4302E+01  0.4300E+01  0.4299E+01  0.4298E+01
  0.4301E+01  0.4309E+01  0.4328E+01  0.4367E+01  0.4431E+01  0.4516E+01
  0.4603E+01  0.4673E+01  0.4721E+01  0.4751E+01  0.4768E+01  0.4768E+01
  0.4741E+01  0.4702E+01  0.4697E+01  0.2569E+01  0.4440E+01  0.4439E+01
  0.4439E+01  0.4438E+01  0.4437E+01  0.4437E+01  0.4436E+01  0.4435E+01
  0.4434E+01  0.4433E+01  0.4432E+01  0.4430E+01  0.4429E+01  0.4428E+01
  0.4426E+01  0.4425E+01  0.4423E+01  0.4422E+01  0.4420E+01  0.4418E+01
  0.4416E+01  0.4414E+01  0.4412E+01  0.4409E+01  0.4407E+01  0.4404E+01
  0.4401E+01  0.4398E+01  0.4395E+01  0.4392E+01  0.4389E+01  0.4385E+01
  0.4382E+01  0.4378E+01  0.4374E+01  0.4370E+01  0.4366E+01  0.4361E+01
  0.4357E+01  0.4352E+01  0.4348E+01  0.4343E+01  0.4339E+01  0.4334E+01
  0.4329E+01  0.4325E+01  0.4321E+01  0.4316E+01  0.4312E+01  0.4309E+01
  0.4305E+01  0.4302E+01  0.4300E+01  0.4299E+01  0.4298E+01  0.4301E+01
  0.4309E+01  0.4328E+01  0.4367E+01  0.4431E+01  0.4516E+01  0.4603E+01
  0.4673E+01  0.4721E+01  0.4751E+01  0.4768E+01  0.4768E+01  0.4741E+01
  0.4702E+01  0.4697E+01  0.2569E+01  0.4440E+01  0.4439E+01  0.4439E+01
  0.4438E+01  0.4437E+01  0.4437E+01  0.4436E+01  0.4435E+01  0.4434E+01
  0.4433E+01  0.4432E+01  0.4430E+01  0.4429E+01  0.4428E+01  0.4426E+01
  0.4425E+01  0.4423E+01  0.4422E+01  0.4420E+01  0.4418E+01  0.4416E+01
  0.4414E+01  0.4412E+01  0.4409E+01  0.4407E+01  0.4404E+01  0.4401E+01
  0.4398E+01  0.4395E+01  0.4392E+01  0.4389E+01  0.4385E+01  0.4382E+01
  0.4378E+01  0.4374E+01  0.4370E+01  0.4366E+01  0.4361E+01  0.4357E+01
  0.4352E+01  0.4348E+01  0.4343E+01  0.4339E+01  0.4334E+01  0.4329E+01
  0.4325E+01  0.4321E+01  0.4316E+01  0.4312E+01  0.4309E+01  0.4305E+01
  0.4302E+01  0.4300E+01  0.4299E+01  0.4298E+01  0.4301E+01  0.4309E+01
  0.4328E+01  0.4367E+01  0.4431E+01  0.4516E+01  0.4603E+01  0.4673E+01
  0.4721E+01  0.4751E+01  0.4768E+01  0.4768E+01  0.4741E+01  0.4702E+01
  0.4697E+01  0.2569E+01  0.4440E+01  0.4439E+01  0.4439E+01  0.4438E+01
  0.4437E+01  0.4437E+01  0.4436E+01  0.4435E+01  0.4434E+01  0.4433E+01
  0.4432E+01  0.4430E+01  0.4429E+01  0.4428E+01  0.4426E+01  0.4425E+01
  0.4423E+01  0.4422E+01  0.4420E+01  0.4418E+01  0.4416E+01  0.4414E+01
  0.4412E+01  0.4409E+01  0.4407E+01  0.4404E+01  0.4401E+01  0.4398E+01
  0.4395E+01  0.4392E+01  0.4389E+01  0.4385E+01  0.4382E+01  0.4378E+01
  0.4374E+01  0.4370E+01  0.4366E+01  0.4361E+01  0.4357E+01  0.4352E+01
  0.4348E+01  0.4343E+01  0.4339E+01  0.4334E+01  0.4329E+01  0.4325E+01
  0.4321E+01  0.4316E+01  0.4312E+01  0.4309E+01  0.4305E+01  0.4302E+01
  0.4300E+01  0.4299E+01  0.4298E+01  0.4301E+01  0.4309E+01  0.4328E+01
  0.4367E+01  0.4431E+01  0.4516E+01  0.4603E+01  0.4673E+01  0.4721E+01
  0.4751E+01  0.4768E+01  0.4768E+01  0.4741E+01  0.4702E+01  0.4697E+01
  0.2569E+01  0.4440E+01  0.4439E+01  0.4439E+01  0.4438E+01  0.4437E+01
  0.4437E+01  0.4436E+01  0.4435E+01  0.4434E+01  0.4433E+01  0.4432E+01
  0.4430E+01  0.4429E+01  0.4428E+01  0.4426E+01  0.4425E+01  0.4423E+01
  0.4422E+01  0.4420E+01  0.4418E+01  0.4416E+01  0.4414E+01  0.4412E+01
  0.4409E+01  0.4407E+01  0.4404E+01  0.4401E+01  0.4398E+01  0.4395E+01
  0.4392E+01  0.4389E+01  0.4385E+01  0.4382E+01  0.4378E+01  0.4374E+01
  0.4370E+01  0.4366E+01  0.4361E+01  0.4357E+01  0.4352E+01  0.4348E+01
  0.4343E+01  0.4339E+01  0.4334E+01  0.4329E+01  0.4325E+01  0.4321E+01
  0.4316E+01  0.4312E+01  0.4309E+01  0.4305E+01  0.4302E+01  0.4300E+01
  0.4299E+01  0.4298E+01  0.4301E+01  0.4309E+01  0.4328E+01  0.4367E+01
  0.4431E+01  0.4516E+01  0.4603E+01  0.4673E+01  0.4721E+01  0.4751E+01
  0.4768E+01  0.4768E+01  0.4741E+01  0.4702E+01  0.4697E+01  0.2569E+01
  0.4440E+01  0.4439E+01  0.4439E+01  0.4438E+01  0.4437E+01  0.4437E+01
  0.4436E+01  0.4435E+01  0.4434E+01  0.4433E+01  0.4432E+01  0.4430E+01
  0.4429E+01  0.4428E+01  0.4426E+01  0.4425E+01  0.4423E+01  0.4422E+01
  0.4420E+01  0.4418E+01  0.4416E+01  0.4414E+01  0.4412E+01  0.4409E+01
  0.4407E+01  0.4404E+01  0.4401E+01  0.4398E+01  0.4395E+01  0.4392E+01
  0.4389E+01  0.4385E+01  0.4382E+01  0.4378E+01  0.4374E+01  0.4370E+01
  0.4366E+01  0.4361E+01  0.4357E+01  0.4352E+01  0.4348E+01  0.4343E+01
  0.4339E+01  0.4334E+01  0.4329E+01  0.4325E+01  0.4321E+01  0.4316E+01
  0.4312E+01  0.4309E+01  0.4305E+01  0.4302E+01  0.4300E+01  0.4299E+01
  0.4298E+01  0.4301E+01  0.4309E+01  0.4328E+01  0.4367E+01  0.4431E+01
  0.4516E+01  0.4603E+01  0.4673E+01  0.4721E+01  0.4751E+01  0.4768E+01
  0.4768E+01  0.4741E+01  0.4702E+01  0.4697E+01  0.2569E+01  0.4440E+01
  0.4439E+01  0.4439E+01  0.4438E+01  0.4437E+01  0.4437E+01  0.4436E+01
  0.4435E+01  0.4434E+01  0.4433E+01  0.4432E+01  0.4430E+01  0.4429E+01
  0.4428E+01  0.4426E+01  0.4425E+01  0.4423E+01  0.4422E+01  0.4420E+01
  0.4418E+01  0.4416E+01  0.4414E+01  0.4412E+01  0.4409E+01  0.4407E+01
  0.4404E+01  0.4401E+01  0.4398E+01  0.4395E+01  0.4392E+01  0.4389E+01
  0.4385E+01  0.4382E+01  0.4378E+01  0.4374E+01  0.4370E+01  0.4366E+01
  0.4361E+01  0.4357E+01  0.4352E+01  0.4348E+01  0.4343E+01  0.4339E+01
  0.4334E+01  0.4329E+01  0.4325E+01  0.4321E+01  0.4316E+01  0.4312E+01
  0.4309E+01  0.4305E+01  0.4302E+01  0.4300E+01  0.4299E+01  0.4298E+01
  0.4301E+01  0.4309E+01  0.4328E+01  0.4367E+01  0.4431E+01  0.4516E+01
  0.4603E+01  0.4673E+01  0.4721E+01  0.4751E+01  0.4768E+01  0.4768E+01
  0.4741E+01  0.4702E+01  0.4697E+01  0.2569E+01  0.4440E+01  0.4439E+01
  0.4439E+01  0.4438E+01  0.4437E+01  0.4437E+01  0.4436E+01  0.4435E+01
  0.4434E+01  0.4433E+01  0.4432E+01  0.4430E+01  0.4429E+01  0.4428E+01
  0.4426E+01  0.4425E+01  0.4423E+01  0.4422E+01  0.4420E+01  0.4418E+01
  0.4416E+01  0.4414E+01  0.4412E+01  0.4409E+01  0.4407E+01  0.4404E+01
  0.4401E+01  0.4398E+01  0.4395E+01  0.4392E+01  0.4389E+01  0.4385E+01
  0.4382E+01  0.4378E+01  0.4374E+01  0.4370E+01  0.4366E+01  0.4361E+01
  0.4357E+01  0.4352E+01  0.4348E+01  0.4343E+01  0.4339E+01  0.4334E+01
  0.4329E+01  0.4325E+01  0.4321E+01  0.4316E+01  0.4312E+01  0.4309E+01
  0.4305E+01  0.4302E+01  0.4300E+01  0.4299E+01  0.4298E+01  0.4301E+01
  0.4309E+01  0.4328E+01  0.4367E+01  0.4431E+01  0.4516E+01  0.4603E+01
  0.4673E+01  0.4721E+01  0.4751E+01  0.4768E+01  0.4768E+01  0.4741E+01
  0.4702E+01  0.4697E+01  0.2569E+01  0.4440E+01  0.4439E+01  0.4439E+01
  0.4438E+01  0.4437E+01  0.4437E+01  0.4436E+01  0.4435E+01  0.4434E+01
  0.4433E+01  0.4432E+01  0.4430E+01  0.4429E+01  0.4428E+01  0.4426E+01
  0.4425E+01  0.4423E+01  0.4422E+01  0.4420E+01  0.4418E+01  0.4416E+01
  0.4414E+01  0.4412E+01  0.4409E+01  0.4407E+01  0.4404E+01  0.4401E+01
  0.4398E+01  0.4395E+01  0.4392E+01  0.4389E+01  0.4385E+01  0.4382E+01
  0.4378E+01  0.4374E+01  0.4370E+01  0.4366E+01  0.4361E+01  0.4357E+01
  0.4352E+01  0.4348E+01  0.4343E+01  0.4339E+01  0.4334E+01  0.4329E+01
  0.4325E+01  0.4321E+01  0.4316E+01  0.4312E+01  0.4309E+01  0.4305E+01
  0.4302E+01  0.4300E+01  0.4299E+01  0.4298E+01  0.4301E+01  0.4309E+01
  0.4328E+01  0.4367E+01  0.4431E+01  0.4516E+01  0.4603E+01  0.4673E+01
  0.4721E+01  0.4751E+01  0.4768E+01  0.4768E+01  0.4741E+01  0.4702E+01
  0.4697E+01  0.2569E+01  0.4440E+01  0.4439E+01  0.4439E+01  0.4438E+01
  0.4437E+01  0.4437E+01  0.4436E+01  0.4435E+01  0.4434E+01  0.4433E+01
  0.4432E+01  0.4430E+01  0.4429E+01  0.4428E+01  0.4426E+01  0.4425E+01
  0.4423E+01  0.4422E+01  0.4420E+01  0.4418E+01  0.4416E+01  0.4414E+01
  0.4412E+01  0.4409E+01  0.4407E+01  0.4404E+01  0.4401E+01  0.4398E+01
  0.4395E+01  0.4392E+01  0.4389E+01  0.4385E+01  0.4382E+01  0.4378E+01
  0.4374E+01  0.4370E+01  0.4366E+01  0.4361E+01  0.4357E+01  0.4352E+01
  0.4348E+01  0.4343E+01  0.4339E+01  0.4334E+01  0.4329E+01  0.4325E+01
  0.4321E+01  0.4316E+01  0.4312E+01  0.4309E+01  0.4305E+01  0.4302E+01
  0.4300E+01  0.4299E+01  0.4298E+01  0.4301E+01  0.4309E+01  0.4328E+01
  0.4367E+01  0.4431E+01  0.4516E+01  0.4603E+01  0.4673E+01  0.4721E+01
  0.4751E+01  0.4768E+01  0.4768E+01  0.4741E+01  0.4702E+01  0.4697E+01
  0.2569E+01  0.4440E+01  0.4439E+01  0.4439E+01  0.4438E+01  0.4437E+01
  0.4437E+01  0.4436E+01  0.4435E+01  0.4434E+01  0.4433E+01  0.4432E+01
  0.4430E+01  0.4429E+01  0.4428E+01  0.4426E+01  0.4425E+01  0.4423E+01
  0.4422E+01  0.4420E+01  0.4418E+01  0.4416E+01  0.4414E+01  0.4412E+01
  0.4409E+01  0.4407E+01  0.4404E+01  0.4401E+01  0.4398E+01  0.4395E+01
  0.4392E+01  0.4389E+01  0.4385E+01  0.4382E+01  0.4378E+01  0.4374E+01
  0.4370E+01  0.4366E+01  0.4361E+01  0.4357E+01  0.4352E+01  0.4348E+01
  0.4343E+01  0.4339E+01  0.4334E+01  0.4329E+01  0.4325E+01  0.4321E+01
  0.4316E+01  0.4312E+01  0.4309E+01  0.4305E+01  0.4302E+01  0.4300E+01
  0.4299E+01  0.4298E+01  0.4301E+01  0.4309E+01  0.4328E+01  0.4367E+01
  0.4431E+01  0.4516E+01  0.4603E+01  0.4673E+01  0.4721E+01  0.4751E+01
  0.4768E+01  0.4768E+01  0.4741E+01  0.4702E+01  0.4697E+01  0.2569E+01
  0.4440E+01  0.4439E+01  0.4439E+01  0.4438E+01  0.4437E+01  0.4437E+01
  0.4436E+01  0.4435E+01  0.4434E+01  0.4433E+01  0.4432E+01  0.4430E+01
  0.4429E+01  0.4428E+01  0.4426E+01  0.4425E+01  0.4423E+01  0.4422E+01
  0.4420E+01  0.4418E+01  0.4416E+01  0.4414E+01  0.4412E+01  0.4409E+01
  0.4407E+01  0.4404E+01  0.4401E+01  0.4398E+01  0.4395E+01  0.4392E+01
  0.4389E+01  0.4385E+01  0.4382E+01  0.4378E+01  0.4374E+01  0.4370E+01
  0.4366E+01  0.4361E+01  0.4357E+01  0.4352E+01  0.4348E+01  0.4343E+01
  0.4339E+01  0.4334E+01  0.4329E+01  0.4325E+01  0.4321E+01  0.4316E+01
  0.4312E+01  0.4309E+01  0.4305E+01  0.4302E+01  0.4300E+01  0.4299E+01
  0.4298E+01  0.4301E+01  0.4309E+01  0.4328E+01  0.4367E+01  0.4431E+01
  0.4516E+01  0.4603E+01  0.4673E+01  0.4721E+01  0.4751E+01  0.4768E+01
  0.4768E+01  0.4741E+01  0.4702E+01  0.4697E+01  0.2569E+01  0.4440E+01
  0.4439E+01  0.4439E+01  0.4438E+01  0.4437E+01  0.4437E+01  0.4436E+01
  0.4435E+01  0.4434E+01  0.4433E+01  0.4432E+01  0.4430E+01  0.4429E+01
  0.4428E+01  0.4426E+01  0.4425E+01  0.4423E+01  0.4422E+01  0.4420E+01
  0.4418E+01  0.4416E+01  0.4414E+01  0.4412E+01  0.4409E+01  0.4407E+01
  0.4404E+01  0.4401E+01  0.4398E+01  0.4395E+01  0.4392E+01  0.4389E+01
  0.4385E+01  0.4382E+01  0.4378E+01  0.4374E+01  0.4370E+01  0.4366E+01
  0.4361E+01  0.4357E+01  0.4352E+01  0.4348E+01  0.4343E+01  0.4339E+01
  0.4334E+01  0.4329E+01  0.4325E+01  0.4321E+01  0.4316E+01  0.4312E+01
  0.4309E+01  0.4305E+01  0.4302E+01  0.4300E+01  0.4299E+01  0.4298E+01
  0.4301E+01  0.4309E+01  0.4328E+01  0.4367E+01  0.4431E+01  0.4516E+01
  0.4603E+01  0.4673E+01  0.4721E+01  0.4751E+01  0.4768E+01  0.4768E+01
  0.4741E+01  0.4702E+01  0.4697E+01  0.2569E+01  0.4440E+01  0.4439E+01
  0.4439E+01  0.4438E+01  0.4437E+01  0.4437E+01  0.4436E+01  0.4435E+01
  0.4434E+01  0.4433E+01  0.4432E+01  0.4430E+01  0.4429E+01  0.4428E+01
  0.4426E+01  0.4425E+01  0.4423E+01  0.4422E+01  0.4420E+01  0.4418E+01
  0.4416E+01  0.4414E+01  0.4412E+01  0.4409E+01  0.4407E+01  0.4404E+01
  0.4401E+01  0.4398E+01  0.4395E+01  0.4392E+01  0.4389E+01  0.4385E+01
  0.4382E+01  0.4378E+01  0.4374E+01  0.4370E+01  0.4366E+01  0.4361E+01
  0.4357E+01  0.4352E+01  0.4348E+01  0.4343E+01  0.4339E+01  0.4334E+01
  0.4329E+01  0.4325E+01  0.4321E+01  0.4316E+01  0.4312E+01  0.4309E+01
  0.4305E+01  0.4302E+01  0.4300E+01  0.4299E+01  0.4298E+01  0.4301E+01
  0.4309E+01  0.4328E+01  0.4367E+01  0.4431E+01  0.4516E+01  0.4603E+01
  0.4673E+01  0.4721E+01  0.4751E+01  0.4768E+01  0.4768E+01  0.4741E+01
  0.4702E+01  0.4697E+01  0.2569E+01  0.4440E+01  0.4439E+01  0.4439E+01
  0.4438E+01  0.4437E+01  0.4437E+01  0.4436E+01  0.4435E+01  0.4434E+01
  0.4433E+01  0.4432E+01  0.4430E+01  0.4429E+01  0.4428E+01  0.4426E+01
  0.4425E+01  0.4423E+01  0.4422E+01  0.4420E+01  0.4418E+01  0.4416E+01
  0.4414E+01  0.4412E+01  0.4409E+01  0.4407E+01  0.4404E+01  0.4401E+01
  0.4398E+01  0.4395E+01  0.4392E+01  0.4389E+01  0.4385E+01  0.4382E+01
  0.4378E+01  0.4374E+01  0.4370E+01  0.4366E+01  0.4361E+01  0.4357E+01
  0.4352E+01  0.4348E+01  0.4343E+01  0.4339E+01  0.4334E+01  0.4329E+01
  0.4325E+01  0.4321E+01  0.4316E+01  0.4312E+01  0.4309E+01  0.4305E+01
  0.4302E+01  0.4300E+01  0.4299E+01  0.4298E+01  0.4301E+01  0.4309E+01
  0.4328E+01  0.4367E+01  0.4431E+01  0.4516E+01  0.4603E+01  0.4673E+01
  0.4721E+01  0.4751E+01  0.4768E+01  0.4768E+01  0.4741E+01  0.4702E+01
  0.4697E+01  0.2567E+01  0.4440E+01  0.4439E+01  0.4439E+01  0.4438E+01
  0.4437E+01  0.4437E+01  0.4436E+01  0.4435E+01  0.4434E+01  0.4433E+01
  0.4432E+01  0.4430E+01  0.4429E+01  0.4428E+01  0.4426E+01  0.4425E+01
  0.4423E+01  0.4422E+01  0.4420E+01  0.4418E+01  0.4416E+01  0.4414E+01
  0.4412E+01  0.4409E+01  0.4407E+01  0.4404E+01  0.4401E+01  0.4398E+01
  0.4395E+01  0.4392E+01  0.4389E+01  0.4385E+01  0.4382E+01  0.4378E+01
  0.4374E+01  0.4370E+01  0.4366E+01  0.4361E+01  0.4357E+01  0.4352E+01
  0.4348E+01  0.4343E+01  0.4339E+01  0.4334E+01  0.4329E+01  0.4325E+01
  0.4321E+01  0.4316E+01  0.4312E+01  0.4309E+01  0.4305E+01  0.4302E+01
  0.4300E+01  0.4298E+01  0.4298E+01  0.4301E+01  0.4309E+01  0.4328E+01
  0.4367E+01  0.4431E+01  0.4516E+01  0.4603E+01  0.4674E+01  0.4721E+01
  0.4751E+01  0.4768E+01  0.4768E+01  0.4741E+01  0.4702E+01  0.4697E+01
  0.2563E+01  0.4440E+01  0.4439E+01  0.4439E+01  0.4438E+01  0.4437E+01
  0.4437E+01  0.4436E+01  0.4435E+01  0.4434E+01  0.4433E+01  0.4432E+01
  0.4430E+01  0.4429E+01  0.4428E+01  0.4426E+01  0.4425E+01  0.4423E+01
  0.4422E+01  0.4420E+01  0.4418E+01  0.4416E+01  0.4414E+01  0.4412E+01
  0.4409E+01  0.4407E+01  0.4404E+01  0.4401E+01  0.4398E+01  0.4395E+01
  0.4392E+01  0.4389E+01  0.4385E+01  0.4382E+01  0.4378E+01  0.4374E+01
  0.4370E+01  0.4366E+01  0.4361E+01  0.4357E+01  0.4352E+01  0.4348E+01
  0.4343E+01  0.4339E+01  0.4334E+01  0.4329E+01  0.4325E+01  0.4320E+01
  0.4316E+01  0.4312E+01  0.4309E+01  0.4305E+01  0.4302E+01  0.4300E+01
  0.4298E+01  0.4298E+01  0.4301E+01  0.4309E+01  0.4328E+01  0.4367E+01
  0.4432E+01  0.4517E+01  0.4604E+01  0.4674E+01  0.4721E+01  0.4752E+01
  0.4768E+01  0.4768E+01  0.4741E+01  0.4703E+01  0.4697E+01  0.2554E+01
  0.4440E+01  0.4439E+01  0.4439E+01  0.4438E+01  0.4437E+01  0.4437E+01
  0.4436E+01  0.4435E+01  0.4434E+01  0.4433E+01  0.4432E+01  0.4430E+01
  0.4429E+01  0.4428E+01  0.4426E+01  0.4425E+01  0.4423E+01  0.4422E+01
  0.4420E+01  0.4418E+01  0.4416E+01  0.4414E+01  0.4412E+01  0.4409E+01
  0.4407E+01  0.4404E+01  0.4401E+01  0.4398E+01  0.4395E+01  0.4392E+01
  0.4389E+01  0.4385E+01  0.4382E+01  0.4378E+01  0.4374E+01  0.4370E+01
  0.4366E+01  0.4361E+01  0.4357E+01  0.4352E+01  0.4348E+01  0.4343E+01
  0.4339E+01  0.4334E+01  0.4329E+01  0.4325E+01  0.4320E+01  0.4316E+01
  0.4312E+01  0.4309E+01  0.4305E+01  0.4302E+01  0.4300E+01  0.4298E+01
  0.4298E+01  0.4301E+01  0.4309E+01  0.4328E+01  0.4367E+01  0.4432E+01
  0.4517E+01  0.4604E+01  0.4674E+01  0.4722E+01  0.4752E+01  0.4769E+01
  0.4768E+01  0.4741E+01  0.4703E+01  0.4697E+01  0.2561E+01  0.4440E+01
  0.4439E+01  0.4439E+01  0.4438E+01  0.4437E+01  0.4437E+01  0.4436E+01
  0.4435E+01  0.4434E+01  0.4433E+01  0.4432E+01  0.4430E+01  0.4429E+01
  0.4428E+01  0.4426E+01  0.4425E+01  0.4423E+01  0.4422E+01  0.4420E+01
  0.4418E+01  0.4416E+01  0.4414E+01  0.4412E+01  0.4409E+01  0.4407E+01
  0.4404E+01  0.4401E+01  0.4398E+01  0.4395E+01  0.4392E+01  0.4389E+01
  0.4385E+01  0.4382E+01  0.4378E+01  0.4374E+01  0.4370E+01  0.4366E+01
  0.4361E+01  0.4357E+01  0.4352E+01  0.4348E+01  0.4343E+01  0.4339E+01
  0.4334E+01  0.4329E+01  0.4325E+01  0.4320E+01  0.4316E+01  0.4312E+01
  0.4308E+01  0.4305E+01  0.4302E+01  0.4300E+01  0.4298E+01  0.4298E+01
  0.4301E+01  0.4309E+01  0.4329E+01  0.4368E+01  0.4433E+01  0.4518E+01
  0.4605E+01  0.4675E+01  0.4722E+01  0.4752E+01  0.4769E+01  0.4768E+01
  0.4741E+01  0.4703E+01  0.4697E+01  0.2582E+01  0.4440E+01  0.4439E+01
  0.4439E+01  0.4438E+01  0.4437E+01  0.4437E+01  0.4436E+01  0.4435E+01
  0.4434E+01  0.4433E+01  0.4432E+01  0.4430E+01  0.4429E+01  0.4428E+01
  0.4426E+01  0.4425E+01  0.4423E+01  0.4422E+01  0.4420E+01  0.4418E+01
  0.4416E+01  0.4414E+01  0.4412E+01  0.4409E+01  0.4407E+01  0.4404E+01
  0.4401E+01  0.4398E+01  0.4395E+01  0.4392E+01  0.4389E+01  0.4385E+01
  0.4382E+01  0.4378E+01  0.4374E+01  0.4370E+01  0.4366E+01  0.4361E+01
  0.4357E+01  0.4352E+01  0.4348E+01  0.4343E+01  0.4338E+01  0.4334E+01
  0.4329E+01  0.4325E+01  0.4320E+01  0.4316E+01  0.4312E+01  0.4308E+01
  0.4305E+01  0.4302E+01  0.4300E+01  0.4299E+01  0.4298E+01  0.4301E+01
  0.4309E+01  0.4329E+01  0.4369E+01  0.4434E+01  0.4519E+01  0.4606E+01
  0.4675E+01  0.4722E+01  0.4753E+01  0.4769E+01  0.4769E+01  0.4742E+01
  0.4703E+01  0.4697E+01  0.2608E+01  0.4440E+01  0.4439E+01  0.4439E+01
  0.4438E+01  0.4437E+01  0.4437E+01  0.4436E+01  0.4435E+01  0.4434E+01
  0.4433E+01  0.4432E+01  0.4430E+01  0.4429E+01  0.4428E+01  0.4426E+01
  0.4425E+01  0.4423E+01  0.4422E+01  0.4420E+01  0.4418E+01  0.4416E+01
  0.4414E+01  0.4412E+01  0.4409E+01  0.4407E+01  0.4404E+01  0.4401E+01
  0.4398E+01  0.4395E+01  0.4392E+01  0.4389E+01  0.4385E+01  0.4382E+01
  0.4378E+01  0.4374E+01  0.4370E+01  0.4366E+01  0.4361E+01  0.4357E+01
  0.4352E+01  0.4348E+01  0.4343E+01  0.4339E+01  0.4334E+01  0.4329E+01
  0.4325E+01  0.4321E+01  0.4316E+01  0.4312E+01  0.4309E+01  0.4305E+01
  0.4303E+01  0.4300E+01  0.4299E+01  0.4299E+01  0.4302E+01  0.4310E+01
  0.4330E+01  0.4369E+01  0.4434E+01  0.4519E+01  0.4606E+01  0.4676E+01
  0.4723E+01  0.4754E+01  0.4771E+01  0.4770E+01  0.4743E+01  0.4704E+01
  0.4698E+01  0.2619E+01  0.4440E+01  0.4439E+01  0.4439E+01  0.4438E+01
  0.4437E+01  0.4437E+01  0.4436E+01  0.4435E+01  0.4434E+01  0.4433E+01
  0.4432E+01  0.4430E+01  0.4429E+01  0.4428E+01  0.4426E+01  0.4425E+01
  0.4423E+01  0.4422E+01  0.4420E+01  0.4418E+01  0.4416E+01  0.4414E+01
  0.4412E+01  0.4409E+01  0.4407E+01  0.4404E+01  0.4401E+01  0.4398E+01
  0.4395E+01  0.4392E+01  0.4389E+01  0.4385E+01  0.4382E+01  0.4378E+01
  0.4374E+01  0.4370E+01  0.4366E+01  0.4361E+01  0.4357E+01  0.4352E+01
  0.4348E+01  0.4343E+01  0.4339E+01  0.4334E+01  0.4330E+01  0.4325E+01
  0.4321E+01  0.4317E+01  0.4313E+01  0.4310E+01  0.4306E+01  0.4304E+01
  0.4302E+01  0.4300E+01  0.4300E+01  0.4303E+01  0.4311E+01  0.4330E+01
  0.4368E+01  0.4432E+01  0.4517E+01  0.4604E+01  0.4675E+01  0.4724E+01
  0.4755E+01  0.4773E+01  0.4772E+01  0.4745E+01  0.4705E+01  0.4698E+01
  0.2598E+01  0.4440E+01  0.4439E+01  0.4439E+01  0.4438E+01  0.4437E+01
  0.4437E+01  0.4436E+01  0.4435E+01  0.4434E+01  0.4433E+01  0.4432E+01
  0.4430E+01  0.4429E+01  0.4428E+01  0.4426E+01  0.4425E+01  0.4423E+01
  0.4422E+01  0.4420E+01  0.4418E+01  0.4416E+01  0.4414E+01  0.4412E+01
  0.4409E+01  0.4407E+01  0.4404E+01  0.4401E+01  0.4398E+01  0.4395E+01
  0.4392E+01  0.4389E+01  0.4385E+01  0.4382E+01  0.4378E+01  0.4374E+01
  0.4370E+01  0.4366E+01  0.4362E+01  0.4357E+01  0.4353E+01  0.4348E+01
  0.4344E+01  0.4339E+01  0.4335E+01  0.4331E+01  0.4326E+01  0.4322E+01
  0.4318E+01  0.4314E+01  0.4311E+01  0.4308E+01  0.4305E+01  0.4303E+01
  0.4302E+01  0.4302E+01  0.4305E+01  0.4312E+01  0.4330E+01  0.4365E+01
  0.4426E+01  0.4509E+01  0.4597E+01  0.4671E+01  0.4723E+01  0.4756E+01
  0.4774E+01  0.4774E+01  0.4746E+01  0.4706E+01  0.4697E+01  0.2604E+01
  0.4440E+01  0.4439E+01  0.4439E+01  0.4438E+01  0.4437E+01  0.4437E+01
  0.4436E+01  0.4435E+01  0.4434E+01  0.4433E+01  0.4432E+01  0.4430E+01
  0.4429E+01  0.4428E+01  0.4426E+01  0.4425E+01  0.4423E+01  0.4422E+01
  0.4420E+01  0.4418E+01  0.4416E+01  0.4414E+01  0.4412E+01  0.4409E+01
  0.4407E+01  0.4404E+01  0.4401E+01  0.4399E+01  0.4396E+01  0.4392E+01
  0.4389E+01  0.4386E+01  0.4382E+01  0.4378E+01  0.4375E+01  0.4371E+01
  0.4366E+01  0.4362E+01  0.4358E+01  0.4354E+01  0.4349E+01  0.4345E+01
  0.4340E+01  0.4336E+01  0.4332E+01  0.4327E+01  0.4323E+01  0.4319E+01
  0.4316E+01  0.4313E+01  0.4310E+01  0.4307E+01  0.4305E+01  0.4304E+01
  0.4304E+01  0.4306E+01  0.4312E+01  0.4327E+01  0.4359E+01  0.4414E+01
  0.4495E+01  0.4584E+01  0.4663E+01  0.4719E+01  0.4755E+01  0.4774E+01
  0.4774E+01  0.4747E+01  0.4706E+01  0.4696E+01  0.2502E+01  0.4440E+01
  0.4439E+01  0.4439E+01  0.4438E+01  0.4437E+01  0.4437E+01  0.4436E+01
  0.4435E+01  0.4434E+01  0.4433E+01  0.4432E+01  0.4430E+01  0.4429E+01
  0.4428E+01  0.4427E+01  0.4425E+01  0.4423E+01  0.4422E+01  0.4420E+01
  0.4418E+01  0.4416E+01  0.4414E+01  0.4412E+01  0.4410E+01  0.4407E+01
  0.4405E+01  0.4402E+01  0.4399E+01  0.4396E+01  0.4393E+01  0.4390E+01
  0.4386E+01  0.4383E+01  0.4379E+01  0.4375E+01  0.4371E+01  0.4367E+01
  0.4363E+01  0.4359E+01  0.4355E+01  0.4350E+01  0.4346E+01  0.4341E+01
  0.4337E+01  0.4333E+01  0.4329E+01  0.4325E+01  0.4321E+01  0.4317E+01
  0.4314E+01  0.4311E+01  0.4309E+01  0.4307E+01  0.4306E+01  0.4306E+01
  0.4307E+01  0.4312E+01  0.4323E+01  0.4347E+01  0.4394E+01  0.4468E+01
  0.4558E+01  0.4644E+01  0.4710E+01  0.4752E+01  0.4775E+01  0.4776E+01
  0.4749E+01  0.4706E+01  0.4693E+01  0.2578E+01  0.4440E+01  0.4439E+01
  0.4439E+01  0.4438E+01  0.4437E+01  0.4437E+01  0.4436E+01  0.4435E+01
  0.4434E+01  0.4433E+01  0.4432E+01  0.4431E+01  0.4429E+01  0.4428E+01
  0.4427E+01  0.4425E+01  0.4424E+01  0.4422E+01  0.4420E+01  0.4418E+01
  0.4416E+01  0.4414E+01  0.4412E+01  0.4410E+01  0.4407E+01  0.4405E+01
  0.4402E+01  0.4399E+01  0.4396E+01  0.4393E+01  0.4390E+01  0.4387E+01
  0.4383E+01  0.4379E+01  0.4376E+01  0.4372E+01  0.4368E+01  0.4364E+01
  0.4359E+01  0.4355E+01  0.4351E+01  0.4346E+01  0.4342E+01  0.4338E+01
  0.4334E+01  0.4329E+01  0.4325E+01  0.4322E+01  0.4318E+01  0.4315E+01
  0.4312E+01  0.4310E+01  0.4308E+01  0.4307E+01  0.4307E+01  0.4308E+01
  0.4311E+01  0.4317E+01  0.4331E+01  0.4361E+01  0.4418E+01  0.4503E+01
  0.4600E+01  0.4687E+01  0.4748E+01  0.4782E+01  0.4788E+01  0.4761E+01
  0.4712E+01  0.4691E+01  0.2718E+01  0.4440E+01  0.4439E+01  0.4439E+01
  0.4438E+01  0.4437E+01  0.4437E+01  0.4436E+01  0.4435E+01  0.4434E+01
  0.4433E+01  0.4432E+01  0.4431E+01  0.4429E+01  0.4428E+01  0.4427E+01
  0.4425E+01  0.4424E+01  0.4422E+01  0.4420E+01  0.4418E+01  0.4416E+01
  0.4414E+01  0.4412E+01  0.4410E+01  0.4407E+01  0.4405E+01  0.4402E+01
  0.4399E+01  0.4396E+01  0.4393E+01  0.4390E+01  0.4386E+01  0.4383E+01
  0.4379E+01  0.4375E+01  0.4371E+01  0.4367E+01  0.4363E+01  0.4359E+01
  0.4354E+01  0.4350E+01  0.4345E+01  0.4341E+01  0.4337E+01  0.4332E+01
  0.4328E+01  0.4324E+01  0.4320E+01  0.4316E+01  0.4313E+01  0.4310E+01
  0.4307E+01  0.4305E+01  0.4304E+01  0.4304E+01  0.4304E+01  0.4306E+01
  0.4309E+01  0.4316E+01  0.4329E+01  0.4359E+01  0.4419E+01  0.4512E+01
  0.4620E+01  0.4716E+01  0.4781E+01  0.4806E+01  0.4789E+01  0.4726E+01
  0.4720E+01  0.4969E+01  0.4440E+01  0.4439E+01  0.4439E+01  0.4438E+01
  0.4437E+01  0.4436E+01  0.4436E+01  0.4435E+01  0.4434E+01  0.4432E+01
  0.4431E+01  0.4430E+01  0.4429E+01  0.4427E+01  0.4426E+01  0.4424E+01
  0.4423E+01  0.4421E+01  0.4419E+01  0.4417E+01  0.4415E+01  0.4413E+01
  0.4410E+01  0.4408E+01  0.4405E+01  0.4403E+01  0.4400E+01  0.4397E+01
  0.4393E+01  0.4390E+01  0.4386E+01  0.4383E+01  0.4379E+01  0.4375E+01
  0.4370E+01  0.4366E+01  0.4362E+01  0.4357E+01  0.4352E+01  0.4347E+01
  0.4342E+01  0.4337E+01  0.4332E+01  0.4326E+01  0.4321E+01  0.4316E+01
  0.4311E+01  0.4306E+01  0.4301E+01  0.4296E+01  0.4291E+01  0.4287E+01
  0.4283E+01  0.4280E+01  0.4277E+01  0.4275E+01  0.4274E+01  0.4274E+01
  0.4275E+01  0.4278E+01  0.4286E+01  0.4309E+01  0.4365E+01  0.4466E+01
  0.4598E+01  0.4720E+01  0.4794E+01  0.4797E+01  0.4714E+01  0.4619E+01
  0.2056E+01
