  0.2210E-15  0.6193E-02  0.6744E-02  0.7349E-02  0.8014E-02  0.8746E-02
  0.9553E-02  0.1044E-01  0.1142E-01  0.1250E-01  0.1369E-01  0.1501E-01
  0.1647E-01  0.1808E-01  0.1986E-01  0.2184E-01  0.2403E-01  0.2645E-01
  0.2915E-01  0.3214E-01  0.3546E-01  0.3915E-01  0.4326E-01  0.4783E-01
  0.5291E-01  0.5858E-01  0.6489E-01  0.7193E-01  0.7979E-01  0.8856E-01
  0.9837E-01  0.1093E+00  0.1216E+00  0.1353E+00  0.1507E+00  0.1679E+00
  0.1872E+00  0.2090E+00  0.2334E+00  0.2609E+00  0.2919E+00  0.3269E+00
  0.3665E+00  0.4114E+00  0.4624E+00  0.5205E+00  0.5868E+00  0.6627E+00
  0.7500E+00  0.8507E+00  0.9675E+00  0.1104E+01  0.1263E+01  0.1451E+01
  0.1674E+01  0.1941E+01  0.2263E+01  0.2655E+01  0.3131E+01  0.3699E+01
  0.4339E+01  0.4981E+01  0.5512E+01  0.5815E+01  0.5814E+01  0.5489E+01
  0.4865E+01  0.3992E+01  0.2922E+01  0.1613E+01  0.1410E-01  0.2350E-15
  0.1250E-01  0.1342E-01  0.1441E-01  0.1550E-01  0.1669E-01  0.1799E-01
  0.1942E-01  0.2098E-01  0.2269E-01  0.2457E-01  0.2664E-01  0.2891E-01
  0.3140E-01  0.3415E-01  0.3717E-01  0.4050E-01  0.4418E-01  0.4823E-01
  0.5270E-01  0.5765E-01  0.6312E-01  0.6916E-01  0.7586E-01  0.8327E-01
  0.9149E-01  0.1006E+00  0.1107E+00  0.1220E+00  0.1345E+00  0.1484E+00
  0.1639E+00  0.1811E+00  0.2003E+00  0.2218E+00  0.2457E+00  0.2725E+00
  0.3025E+00  0.3362E+00  0.3739E+00  0.4164E+00  0.4642E+00  0.5181E+00
  0.5792E+00  0.6484E+00  0.7270E+00  0.8167E+00  0.9194E+00  0.1037E+01
  0.1173E+01  0.1331E+01  0.1515E+01  0.1730E+01  0.1984E+01  0.2286E+01
  0.2647E+01  0.3079E+01  0.3591E+01  0.4180E+01  0.4813E+01  0.5425E+01
  0.5928E+01  0.6242E+01  0.6319E+01  0.6145E+01  0.5734E+01  0.5103E+01
  0.4274E+01  0.3244E+01  0.1787E+01  0.5904E+00  0.2436E-15  0.1272E-01
  0.1395E-01  0.1530E-01  0.1678E-01  0.1839E-01  0.2015E-01  0.2207E-01
  0.2416E-01  0.2645E-01  0.2896E-01  0.3170E-01  0.3471E-01  0.3802E-01
  0.4165E-01  0.4565E-01  0.5005E-01  0.5490E-01  0.6025E-01  0.6615E-01
  0.7267E-01  0.7987E-01  0.8784E-01  0.9666E-01  0.1064E+00  0.1173E+00
  0.1293E+00  0.1426E+00  0.1574E+00  0.1738E+00  0.1921E+00  0.2125E+00
  0.2352E+00  0.2605E+00  0.2887E+00  0.3202E+00  0.3554E+00  0.3948E+00
  0.4390E+00  0.4885E+00  0.5442E+00  0.6070E+00  0.6777E+00  0.7577E+00
  0.8484E+00  0.9514E+00  0.1069E+01  0.1203E+01  0.1358E+01  0.1535E+01
  0.1741E+01  0.1981E+01  0.2262E+01  0.2593E+01  0.2983E+01  0.3440E+01
  0.3970E+01  0.4559E+01  0.5176E+01  0.5762E+01  0.6250E+01  0.6575E+01
  0.6700E+01  0.6615E+01  0.6334E+01  0.5869E+01  0.5216E+01  0.4377E+01
  0.3320E+01  0.1834E+01  0.1121E+00  0.2499E-15  0.1273E-01  0.1392E-01
  0.1523E-01  0.1669E-01  0.1831E-01  0.2010E-01  0.2208E-01  0.2426E-01
  0.2668E-01  0.2935E-01  0.3230E-01  0.3555E-01  0.3915E-01  0.4313E-01
  0.4752E-01  0.5239E-01  0.5776E-01  0.6372E-01  0.7031E-01  0.7761E-01
  0.8570E-01  0.9468E-01  0.1046E+00  0.1157E+00  0.1280E+00  0.1417E+00
  0.1569E+00  0.1738E+00  0.1926E+00  0.2136E+00  0.2369E+00  0.2630E+00
  0.2922E+00  0.3248E+00  0.3612E+00  0.4020E+00  0.4477E+00  0.4991E+00
  0.5568E+00  0.6217E+00  0.6950E+00  0.7777E+00  0.8713E+00  0.9776E+00
  0.1099E+01  0.1237E+01  0.1395E+01  0.1576E+01  0.1786E+01  0.2029E+01
  0.2312E+01  0.2643E+01  0.3030E+01  0.3481E+01  0.3998E+01  0.4572E+01
  0.5174E+01  0.5759E+01  0.6269E+01  0.6650E+01  0.6864E+01  0.6896E+01
  0.6750E+01  0.6432E+01  0.5934E+01  0.5246E+01  0.4386E+01  0.3339E+01
  0.1858E+01  0.3293E-01  0.2549E-15  0.1273E-01  0.1391E-01  0.1520E-01
  0.1663E-01  0.1821E-01  0.1996E-01  0.2190E-01  0.2405E-01  0.2643E-01
  0.2907E-01  0.3200E-01  0.3525E-01  0.3886E-01  0.4286E-01  0.4731E-01
  0.5224E-01  0.5773E-01  0.6382E-01  0.7059E-01  0.7812E-01  0.8650E-01
  0.9581E-01  0.1062E+00  0.1177E+00  0.1306E+00  0.1449E+00  0.1609E+00
  0.1787E+00  0.1985E+00  0.2207E+00  0.2455E+00  0.2731E+00  0.3041E+00
  0.3387E+00  0.3776E+00  0.4211E+00  0.4699E+00  0.5248E+00  0.5866E+00
  0.6562E+00  0.7347E+00  0.8236E+00  0.9242E+00  0.1039E+01  0.1169E+01
  0.1317E+01  0.1488E+01  0.1684E+01  0.1910E+01  0.2173E+01  0.2479E+01
  0.2835E+01  0.3251E+01  0.3730E+01  0.4270E+01  0.4856E+01  0.5452E+01
  0.6009E+01  0.6476E+01  0.6806E+01  0.6974E+01  0.6971E+01  0.6803E+01
  0.6466E+01  0.5949E+01  0.5246E+01  0.4381E+01  0.3207E+01  0.1740E+01
  0.1646E+00  0.2592E-15  0.1273E-01  0.1391E-01  0.1520E-01  0.1663E-01
  0.1820E-01  0.1994E-01  0.2186E-01  0.2398E-01  0.2633E-01  0.2893E-01
  0.3182E-01  0.3503E-01  0.3859E-01  0.4254E-01  0.4694E-01  0.5183E-01
  0.5728E-01  0.6334E-01  0.7008E-01  0.7760E-01  0.8598E-01  0.9533E-01
  0.1058E+00  0.1174E+00  0.1304E+00  0.1449E+00  0.1611E+00  0.1792E+00
  0.1994E+00  0.2221E+00  0.2474E+00  0.2758E+00  0.3076E+00  0.3432E+00
  0.3832E+00  0.4281E+00  0.4785E+00  0.5353E+00  0.5993E+00  0.6715E+00
  0.7530E+00  0.8453E+00  0.9500E+00  0.1069E+01  0.1205E+01  0.1360E+01
  0.1537E+01  0.1742E+01  0.1978E+01  0.2252E+01  0.2571E+01  0.2942E+01
  0.3373E+01  0.3867E+01  0.4419E+01  0.5007E+01  0.5595E+01  0.6135E+01
  0.6577E+01  0.6881E+01  0.7025E+01  0.7005E+01  0.6825E+01  0.6478E+01
  0.5952E+01  0.5243E+01  0.4376E+01  0.3199E+01  0.1730E+01  0.1856E+00
  0.2631E-15  0.1273E-01  0.1391E-01  0.1520E-01  0.1663E-01  0.1820E-01
  0.1994E-01  0.2185E-01  0.2397E-01  0.2632E-01  0.2891E-01  0.3179E-01
  0.3497E-01  0.3851E-01  0.4243E-01  0.4679E-01  0.5164E-01  0.5703E-01
  0.6303E-01  0.6972E-01  0.7717E-01  0.8548E-01  0.9475E-01  0.1051E+00
  0.1167E+00  0.1296E+00  0.1440E+00  0.1602E+00  0.1783E+00  0.1985E+00
  0.2212E+00  0.2466E+00  0.2751E+00  0.3071E+00  0.3430E+00  0.3834E+00
  0.4287E+00  0.4798E+00  0.5374E+00  0.6024E+00  0.6758E+00  0.7588E+00
  0.8530E+00  0.9599E+00  0.1082E+01  0.1220E+01  0.1379E+01  0.1562E+01
  0.1772E+01  0.2015E+01  0.2296E+01  0.2624E+01  0.3006E+01  0.3448E+01
  0.3953E+01  0.4513E+01  0.5104E+01  0.5688E+01  0.6217E+01  0.6643E+01
  0.6930E+01  0.7060E+01  0.7031E+01  0.6842E+01  0.6488E+01  0.5955E+01
  0.5242E+01  0.4374E+01  0.3199E+01  0.1731E+01  0.1932E+00  0.2667E-15
  0.1273E-01  0.1391E-01  0.1520E-01  0.1663E-01  0.1820E-01  0.1994E-01
  0.2186E-01  0.2398E-01  0.2632E-01  0.2892E-01  0.3179E-01  0.3498E-01
  0.3851E-01  0.4242E-01  0.4677E-01  0.5160E-01  0.5698E-01  0.6295E-01
  0.6961E-01  0.7702E-01  0.8528E-01  0.9449E-01  0.1048E+00  0.1163E+00
  0.1291E+00  0.1434E+00  0.1595E+00  0.1775E+00  0.1976E+00  0.2201E+00
  0.2454E+00  0.2737E+00  0.3056E+00  0.3414E+00  0.3816E+00  0.4269E+00
  0.4779E+00  0.5355E+00  0.6004E+00  0.6739E+00  0.7572E+00  0.8516E+00
  0.9590E+00  0.1081E+01  0.1221E+01  0.1381E+01  0.1565E+01  0.1777E+01
  0.2023E+01  0.2308E+01  0.2640E+01  0.3027E+01  0.3475E+01  0.3985E+01
  0.4550E+01  0.5145E+01  0.5729E+01  0.6255E+01  0.6676E+01  0.6956E+01
  0.7079E+01  0.7045E+01  0.6852E+01  0.6494E+01  0.5958E+01  0.5243E+01
  0.4374E+01  0.3199E+01  0.1731E+01  0.1976E+00  0.2702E-15  0.1273E-01
  0.1391E-01  0.1520E-01  0.1663E-01  0.1820E-01  0.1994E-01  0.2186E-01
  0.2398E-01  0.2632E-01  0.2892E-01  0.3180E-01  0.3498E-01  0.3851E-01
  0.4243E-01  0.4678E-01  0.5161E-01  0.5699E-01  0.6296E-01  0.6961E-01
  0.7701E-01  0.8526E-01  0.9445E-01  0.1047E+00  0.1162E+00  0.1290E+00
  0.1433E+00  0.1592E+00  0.1771E+00  0.1972E+00  0.2196E+00  0.2447E+00
  0.2730E+00  0.3046E+00  0.3402E+00  0.3803E+00  0.4253E+00  0.4761E+00
  0.5334E+00  0.5981E+00  0.6713E+00  0.7542E+00  0.8483E+00  0.9553E+00
  0.1077E+01  0.1217E+01  0.1376E+01  0.1560E+01  0.1772E+01  0.2017E+01
  0.2302E+01  0.2634E+01  0.3021E+01  0.3470E+01  0.3982E+01  0.4549E+01
  0.5146E+01  0.5733E+01  0.6260E+01  0.6681E+01  0.6962E+01  0.7084E+01
  0.7048E+01  0.6854E+01  0.6495E+01  0.5958E+01  0.5242E+01  0.4374E+01
  0.3199E+01  0.1731E+01  0.1983E+00  0.2734E-15  0.1273E-01  0.1391E-01
  0.1520E-01  0.1663E-01  0.1820E-01  0.1994E-01  0.2186E-01  0.2398E-01
  0.2633E-01  0.2892E-01  0.3180E-01  0.3498E-01  0.3852E-01  0.4244E-01
  0.4679E-01  0.5162E-01  0.5700E-01  0.6297E-01  0.6962E-01  0.7703E-01
  0.8528E-01  0.9447E-01  0.1047E+00  0.1162E+00  0.1290E+00  0.1433E+00
  0.1592E+00  0.1771E+00  0.1971E+00  0.2195E+00  0.2446E+00  0.2727E+00
  0.3043E+00  0.3399E+00  0.3798E+00  0.4247E+00  0.4753E+00  0.5324E+00
  0.5969E+00  0.6699E+00  0.7525E+00  0.8463E+00  0.9529E+00  0.1074E+01
  0.1213E+01  0.1373E+01  0.1556E+01  0.1767E+01  0.2011E+01  0.2295E+01
  0.2627E+01  0.3013E+01  0.3461E+01  0.3972E+01  0.4538E+01  0.5136E+01
  0.5724E+01  0.6254E+01  0.6677E+01  0.6959E+01  0.7083E+01  0.7048E+01
  0.6854E+01  0.6494E+01  0.5957E+01  0.5242E+01  0.4374E+01  0.3198E+01
  0.1731E+01  0.1973E+00  0.2766E-15  0.1273E-01  0.1391E-01  0.1520E-01
  0.1663E-01  0.1820E-01  0.1994E-01  0.2186E-01  0.2398E-01  0.2632E-01
  0.2892E-01  0.3180E-01  0.3498E-01  0.3852E-01  0.4244E-01  0.4679E-01
  0.5163E-01  0.5700E-01  0.6298E-01  0.6963E-01  0.7704E-01  0.8529E-01
  0.9449E-01  0.1047E+00  0.1162E+00  0.1290E+00  0.1433E+00  0.1593E+00
  0.1771E+00  0.1971E+00  0.2195E+00  0.2446E+00  0.2727E+00  0.3043E+00
  0.3398E+00  0.3797E+00  0.4246E+00  0.4752E+00  0.5322E+00  0.5966E+00
  0.6694E+00  0.7519E+00  0.8455E+00  0.9520E+00  0.1073E+01  0.1212E+01
  0.1371E+01  0.1554E+01  0.1764E+01  0.2008E+01  0.2292E+01  0.2623E+01
  0.3008E+01  0.3455E+01  0.3966E+01  0.4532E+01  0.5129E+01  0.5718E+01
  0.6248E+01  0.6673E+01  0.6957E+01  0.7082E+01  0.7047E+01  0.6854E+01
  0.6495E+01  0.5957E+01  0.5242E+01  0.4374E+01  0.3198E+01  0.1731E+01
  0.1957E+00  0.2796E-15  0.1273E-01  0.1391E-01  0.1520E-01  0.1663E-01
  0.1820E-01  0.1994E-01  0.2186E-01  0.2398E-01  0.2632E-01  0.2892E-01
  0.3180E-01  0.3498E-01  0.3852E-01  0.4244E-01  0.4679E-01  0.5163E-01
  0.5700E-01  0.6298E-01  0.6963E-01  0.7704E-01  0.8529E-01  0.9449E-01
  0.1048E+00  0.1162E+00  0.1290E+00  0.1433E+00  0.1593E+00  0.1771E+00
  0.1971E+00  0.2195E+00  0.2446E+00  0.2728E+00  0.3044E+00  0.3399E+00
  0.3797E+00  0.4246E+00  0.4752E+00  0.5322E+00  0.5966E+00  0.6693E+00
  0.7518E+00  0.8454E+00  0.9517E+00  0.1073E+01  0.1211E+01  0.1370E+01
  0.1553E+01  0.1763E+01  0.2007E+01  0.2290E+01  0.2621E+01  0.3006E+01
  0.3453E+01  0.3963E+01  0.4529E+01  0.5126E+01  0.5715E+01  0.6245E+01
  0.6671E+01  0.6955E+01  0.7080E+01  0.7046E+01  0.6854E+01  0.6495E+01
  0.5958E+01  0.5242E+01  0.4374E+01  0.3199E+01  0.1731E+01  0.1953E+00
  0.2825E-15  0.1273E-01  0.1391E-01  0.1520E-01  0.1663E-01  0.1820E-01
  0.1994E-01  0.2186E-01  0.2398E-01  0.2632E-01  0.2892E-01  0.3180E-01
  0.3498E-01  0.3852E-01  0.4244E-01  0.4679E-01  0.5163E-01  0.5700E-01
  0.6298E-01  0.6963E-01  0.7704E-01  0.8529E-01  0.9449E-01  0.1048E+00
  0.1162E+00  0.1290E+00  0.1433E+00  0.1593E+00  0.1772E+00  0.1972E+00
  0.2196E+00  0.2447E+00  0.2728E+00  0.3044E+00  0.3399E+00  0.3798E+00
  0.4247E+00  0.4752E+00  0.5322E+00  0.5966E+00  0.6694E+00  0.7518E+00
  0.8454E+00  0.9517E+00  0.1073E+01  0.1211E+01  0.1370E+01  0.1552E+01
  0.1763E+01  0.2007E+01  0.2290E+01  0.2620E+01  0.3005E+01  0.3451E+01
  0.3961E+01  0.4527E+01  0.5124E+01  0.5712E+01  0.6243E+01  0.6669E+01
  0.6953E+01  0.7079E+01  0.7045E+01  0.6853E+01  0.6495E+01  0.5958E+01
  0.5242E+01  0.4374E+01  0.3199E+01  0.1731E+01  0.1961E+00  0.2854E-15
  0.1273E-01  0.1391E-01  0.1520E-01  0.1663E-01  0.1820E-01  0.1994E-01
  0.2186E-01  0.2398E-01  0.2632E-01  0.2892E-01  0.3180E-01  0.3498E-01
  0.3852E-01  0.4244E-01  0.4679E-01  0.5163E-01  0.5700E-01  0.6298E-01
  0.6963E-01  0.7704E-01  0.8529E-01  0.9449E-01  0.1048E+00  0.1162E+00
  0.1290E+00  0.1433E+00  0.1593E+00  0.1772E+00  0.1972E+00  0.2196E+00
  0.2447E+00  0.2728E+00  0.3044E+00  0.3399E+00  0.3798E+00  0.4247E+00
  0.4753E+00  0.5323E+00  0.5967E+00  0.6695E+00  0.7519E+00  0.8455E+00
  0.9518E+00  0.1073E+01  0.1211E+01  0.1370E+01  0.1553E+01  0.1763E+01
  0.2007E+01  0.2290E+01  0.2620E+01  0.3004E+01  0.3451E+01  0.3960E+01
  0.4526E+01  0.5123E+01  0.5711E+01  0.6242E+01  0.6668E+01  0.6952E+01
  0.7078E+01  0.7044E+01  0.6852E+01  0.6494E+01  0.5957E+01  0.5242E+01
  0.4374E+01  0.3199E+01  0.1731E+01  0.1964E+00  0.2882E-15  0.1273E-01
  0.1391E-01  0.1520E-01  0.1663E-01  0.1820E-01  0.1994E-01  0.2186E-01
  0.2398E-01  0.2632E-01  0.2892E-01  0.3180E-01  0.3498E-01  0.3852E-01
  0.4244E-01  0.4679E-01  0.5163E-01  0.5700E-01  0.6298E-01  0.6963E-01
  0.7704E-01  0.8529E-01  0.9449E-01  0.1048E+00  0.1162E+00  0.1290E+00
  0.1433E+00  0.1593E+00  0.1772E+00  0.1972E+00  0.2196E+00  0.2447E+00
  0.2728E+00  0.3044E+00  0.3399E+00  0.3798E+00  0.4247E+00  0.4753E+00
  0.5323E+00  0.5967E+00  0.6695E+00  0.7520E+00  0.8455E+00  0.9519E+00
  0.1073E+01  0.1212E+01  0.1370E+01  0.1553E+01  0.1763E+01  0.2007E+01
  0.2290E+01  0.2620E+01  0.3004E+01  0.3451E+01  0.3961E+01  0.4526E+01
  0.5123E+01  0.5711E+01  0.6242E+01  0.6667E+01  0.6952E+01  0.7078E+01
  0.7044E+01  0.6852E+01  0.6493E+01  0.5957E+01  0.5242E+01  0.4374E+01
  0.3199E+01  0.1731E+01  0.1965E+00  0.2909E-15  0.1273E-01  0.1391E-01
  0.1520E-01  0.1663E-01  0.1820E-01  0.1994E-01  0.2186E-01  0.2398E-01
  0.2632E-01  0.2892E-01  0.3180E-01  0.3498E-01  0.3852E-01  0.4244E-01
  0.4679E-01  0.5163E-01  0.5700E-01  0.6298E-01  0.6963E-01  0.7704E-01
  0.8529E-01  0.9449E-01  0.1048E+00  0.1162E+00  0.1290E+00  0.1433E+00
  0.1593E+00  0.1771E+00  0.1972E+00  0.2196E+00  0.2447E+00  0.2728E+00
  0.3044E+00  0.3399E+00  0.3798E+00  0.4247E+00  0.4753E+00  0.5323E+00
  0.5967E+00  0.6695E+00  0.7520E+00  0.8455E+00  0.9519E+00  0.1073E+01
  0.1212E+01  0.1370E+01  0.1553E+01  0.1763E+01  0.2007E+01  0.2290E+01
  0.2620E+01  0.3005E+01  0.3451E+01  0.3961E+01  0.4526E+01  0.5123E+01
  0.5711E+01  0.6242E+01  0.6668E+01  0.6952E+01  0.7078E+01  0.7044E+01
  0.6852E+01  0.6493E+01  0.5957E+01  0.5242E+01  0.4374E+01  0.3198E+01
  0.1731E+01  0.1965E+00  0.2935E-15  0.1273E-01  0.1391E-01  0.1520E-01
  0.1663E-01  0.1820E-01  0.1994E-01  0.2186E-01  0.2398E-01  0.2632E-01
  0.2892E-01  0.3180E-01  0.3498E-01  0.3852E-01  0.4244E-01  0.4679E-01
  0.5163E-01  0.5700E-01  0.6298E-01  0.6963E-01  0.7704E-01  0.8529E-01
  0.9449E-01  0.1048E+00  0.1162E+00  0.1290E+00  0.1433E+00  0.1593E+00
  0.1771E+00  0.1972E+00  0.2196E+00  0.2447E+00  0.2728E+00  0.3044E+00
  0.3399E+00  0.3798E+00  0.4247E+00  0.4753E+00  0.5323E+00  0.5967E+00
  0.6695E+00  0.7520E+00  0.8455E+00  0.9519E+00  0.1073E+01  0.1212E+01
  0.1370E+01  0.1553E+01  0.1763E+01  0.2007E+01  0.2290E+01  0.2620E+01
  0.3005E+01  0.3451E+01  0.3961E+01  0.4526E+01  0.5123E+01  0.5712E+01
  0.6242E+01  0.6668E+01  0.6952E+01  0.7078E+01  0.7044E+01  0.6852E+01
  0.6493E+01  0.5957E+01  0.5242E+01  0.4374E+01  0.3198E+01  0.1731E+01
  0.1965E+00  0.2961E-15  0.1273E-01  0.1391E-01  0.1520E-01  0.1663E-01
  0.1820E-01  0.1994E-01  0.2186E-01  0.2398E-01  0.2632E-01  0.2892E-01
  0.3180E-01  0.3498E-01  0.3852E-01  0.4244E-01  0.4679E-01  0.5163E-01
  0.5700E-01  0.6298E-01  0.6963E-01  0.7704E-01  0.8529E-01  0.9449E-01
  0.1048E+00  0.1162E+00  0.1290E+00  0.1433E+00  0.1593E+00  0.1771E+00
  0.1972E+00  0.2196E+00  0.2447E+00  0.2728E+00  0.3044E+00  0.3399E+00
  0.3798E+00  0.4247E+00  0.4753E+00  0.5323E+00  0.5967E+00  0.6695E+00
  0.7520E+00  0.8455E+00  0.9519E+00  0.1073E+01  0.1212E+01  0.1370E+01
  0.1553E+01  0.1763E+01  0.2007E+01  0.2290E+01  0.2620E+01  0.3005E+01
  0.3451E+01  0.3961E+01  0.4526E+01  0.5123E+01  0.5712E+01  0.6242E+01
  0.6668E+01  0.6952E+01  0.7078E+01  0.7044E+01  0.6852E+01  0.6494E+01
  0.5957E+01  0.5242E+01  0.4374E+01  0.3198E+01  0.1731E+01  0.1965E+00
  0.2986E-15  0.1273E-01  0.1391E-01  0.1520E-01  0.1663E-01  0.1820E-01
  0.1994E-01  0.2186E-01  0.2398E-01  0.2632E-01  0.2892E-01  0.3180E-01
  0.3498E-01  0.3852E-01  0.4244E-01  0.4679E-01  0.5163E-01  0.5700E-01
  0.6298E-01  0.6963E-01  0.7704E-01  0.8529E-01  0.9449E-01  0.1048E+00
  0.1162E+00  0.1290E+00  0.1433E+00  0.1593E+00  0.1771E+00  0.1972E+00
  0.2196E+00  0.2447E+00  0.2728E+00  0.3044E+00  0.3399E+00  0.3798E+00
  0.4247E+00  0.4753E+00  0.5323E+00  0.5967E+00  0.6695E+00  0.7520E+00
  0.8455E+00  0.9519E+00  0.1073E+01  0.1212E+01  0.1370E+01  0.1553E+01
  0.1763E+01  0.2007E+01  0.2290E+01  0.2620E+01  0.3005E+01  0.3451E+01
  0.3961E+01  0.4526E+01  0.5123E+01  0.5712E+01  0.6243E+01  0.6668E+01
  0.6952E+01  0.7078E+01  0.7044E+01  0.6852E+01  0.6494E+01  0.5957E+01
  0.5242E+01  0.4374E+01  0.3198E+01  0.1731E+01  0.1965E+00  0.3010E-15
  0.1273E-01  0.1391E-01  0.1520E-01  0.1663E-01  0.1820E-01  0.1994E-01
  0.2186E-01  0.2398E-01  0.2632E-01  0.2892E-01  0.3180E-01  0.3498E-01
  0.3852E-01  0.4244E-01  0.4679E-01  0.5163E-01  0.5700E-01  0.6298E-01
  0.6963E-01  0.7704E-01  0.8529E-01  0.9449E-01  0.1048E+00  0.1162E+00
  0.1290E+00  0.1433E+00  0.1593E+00  0.1771E+00  0.1972E+00  0.2196E+00
  0.2447E+00  0.2728E+00  0.3044E+00  0.3399E+00  0.3798E+00  0.4247E+00
  0.4753E+00  0.5323E+00  0.5967E+00  0.6695E+00  0.7520E+00  0.8455E+00
  0.9519E+00  0.1073E+01  0.1212E+01  0.1370E+01  0.1553E+01  0.1763E+01
  0.2007E+01  0.2290E+01  0.2620E+01  0.3005E+01  0.3451E+01  0.3961E+01
  0.4526E+01  0.5123E+01  0.5712E+01  0.6243E+01  0.6668E+01  0.6952E+01
  0.7078E+01  0.7044E+01  0.6852E+01  0.6494E+01  0.5957E+01  0.5242E+01
  0.4374E+01  0.3198E+01  0.1731E+01  0.1965E+00  0.3034E-15  0.1273E-01
  0.1391E-01  0.1520E-01  0.1663E-01  0.1820E-01  0.1994E-01  0.2186E-01
  0.2398E-01  0.2632E-01  0.2892E-01  0.3180E-01  0.3498E-01  0.3852E-01
  0.4244E-01  0.4679E-01  0.5163E-01  0.5700E-01  0.6298E-01  0.6963E-01
  0.7704E-01  0.8529E-01  0.9449E-01  0.1048E+00  0.1162E+00  0.1290E+00
  0.1433E+00  0.1593E+00  0.1771E+00  0.1972E+00  0.2196E+00  0.2447E+00
  0.2728E+00  0.3044E+00  0.3399E+00  0.3798E+00  0.4247E+00  0.4753E+00
  0.5323E+00  0.5967E+00  0.6695E+00  0.7520E+00  0.8455E+00  0.9519E+00
  0.1073E+01  0.1212E+01  0.1370E+01  0.1553E+01  0.1763E+01  0.2007E+01
  0.2290E+01  0.2620E+01  0.3005E+01  0.3451E+01  0.3961E+01  0.4526E+01
  0.5123E+01  0.5712E+01  0.6242E+01  0.6668E+01  0.6952E+01  0.7078E+01
  0.7044E+01  0.6852E+01  0.6494E+01  0.5957E+01  0.5242E+01  0.4374E+01
  0.3198E+01  0.1731E+01  0.1965E+00  0.3056E-15  0.1273E-01  0.1391E-01
  0.1520E-01  0.1663E-01  0.1820E-01  0.1994E-01  0.2186E-01  0.2398E-01
  0.2632E-01  0.2892E-01  0.3180E-01  0.3498E-01  0.3852E-01  0.4244E-01
  0.4679E-01  0.5163E-01  0.5700E-01  0.6298E-01  0.6963E-01  0.7704E-01
  0.8529E-01  0.9449E-01  0.1048E+00  0.1162E+00  0.1290E+00  0.1433E+00
  0.1593E+00  0.1771E+00  0.1972E+00  0.2196E+00  0.2447E+00  0.2728E+00
  0.3044E+00  0.3399E+00  0.3798E+00  0.4247E+00  0.4753E+00  0.5323E+00
  0.5967E+00  0.6695E+00  0.7520E+00  0.8455E+00  0.9519E+00  0.1073E+01
  0.1212E+01  0.1370E+01  0.1553E+01  0.1763E+01  0.2007E+01  0.2290E+01
  0.2620E+01  0.3005E+01  0.3451E+01  0.3961E+01  0.4526E+01  0.5123E+01
  0.5712E+01  0.6242E+01  0.6668E+01  0.6952E+01  0.7078E+01  0.7044E+01
  0.6852E+01  0.6494E+01  0.5957E+01  0.5242E+01  0.4374E+01  0.3198E+01
  0.1731E+01  0.1965E+00  0.3079E-15  0.1273E-01  0.1391E-01  0.1520E-01
  0.1663E-01  0.1820E-01  0.1994E-01  0.2186E-01  0.2398E-01  0.2632E-01
  0.2892E-01  0.3180E-01  0.3498E-01  0.3852E-01  0.4244E-01  0.4679E-01
  0.5163E-01  0.5700E-01  0.6298E-01  0.6963E-01  0.7704E-01  0.8529E-01
  0.9449E-01  0.1048E+00  0.1162E+00  0.1290E+00  0.1433E+00  0.1593E+00
  0.1771E+00  0.1972E+00  0.2196E+00  0.2447E+00  0.2728E+00  0.3044E+00
  0.3399E+00  0.3798E+00  0.4247E+00  0.4753E+00  0.5323E+00  0.5967E+00
  0.6695E+00  0.7520E+00  0.8455E+00  0.9519E+00  0.1073E+01  0.1212E+01
  0.1370E+01  0.1553E+01  0.1763E+01  0.2007E+01  0.2290E+01  0.2620E+01
  0.3005E+01  0.3451E+01  0.3961E+01  0.4526E+01  0.5123E+01  0.5712E+01
  0.6242E+01  0.6668E+01  0.6952E+01  0.7078E+01  0.7044E+01  0.6852E+01
  0.6494E+01  0.5957E+01  0.5242E+01  0.4374E+01  0.3198E+01  0.1731E+01
  0.1965E+00  0.3100E-15  0.1273E-01  0.1391E-01  0.1520E-01  0.1663E-01
  0.1820E-01  0.1994E-01  0.2186E-01  0.2398E-01  0.2632E-01  0.2892E-01
  0.3180E-01  0.3498E-01  0.3852E-01  0.4244E-01  0.4679E-01  0.5163E-01
  0.5700E-01  0.6298E-01  0.6963E-01  0.7704E-01  0.8529E-01  0.9449E-01
  0.1048E+00  0.1162E+00  0.1290E+00  0.1433E+00  0.1593E+00  0.1771E+00
  0.1972E+00  0.2196E+00  0.2447E+00  0.2728E+00  0.3044E+00  0.3399E+00
  0.3798E+00  0.4247E+00  0.4753E+00  0.5323E+00  0.5967E+00  0.6695E+00
  0.7520E+00  0.8455E+00  0.9519E+00  0.1073E+01  0.1212E+01  0.1370E+01
  0.1553E+01  0.1763E+01  0.2007E+01  0.2290E+01  0.2620E+01  0.3005E+01
  0.3451E+01  0.3961E+01  0.4526E+01  0.5123E+01  0.5712E+01  0.6242E+01
  0.6668E+01  0.6952E+01  0.7078E+01  0.7044E+01  0.6852E+01  0.6494E+01
  0.5957E+01  0.5242E+01  0.4374E+01  0.3198E+01  0.1731E+01  0.1965E+00
  0.3120E-15  0.1273E-01  0.1391E-01  0.1520E-01  0.1663E-01  0.1820E-01
  0.1994E-01  0.2186E-01  0.2398E-01  0.2632E-01  0.2892E-01  0.3180E-01
  0.3498E-01  0.3852E-01  0.4244E-01  0.4679E-01  0.5163E-01  0.5700E-01
  0.6298E-01  0.6963E-01  0.7704E-01  0.8529E-01  0.9449E-01  0.1048E+00
  0.1162E+00  0.1290E+00  0.1433E+00  0.1593E+00  0.1771E+00  0.1972E+00
  0.2196E+00  0.2447E+00  0.2728E+00  0.3044E+00  0.3399E+00  0.3798E+00
  0.4247E+00  0.4753E+00  0.5323E+00  0.5967E+00  0.6695E+00  0.7520E+00
  0.8455E+00  0.9519E+00  0.1073E+01  0.1212E+01  0.1370E+01  0.1553E+01
  0.1763E+01  0.2007E+01  0.2290E+01  0.2620E+01  0.3005E+01  0.3451E+01
  0.3961E+01  0.4526E+01  0.5123E+01  0.5712E+01  0.6242E+01  0.6668E+01
  0.6952E+01  0.7078E+01  0.7044E+01  0.6852E+01  0.6494E+01  0.5957E+01
  0.5242E+01  0.4374E+01  0.3198E+01  0.1731E+01  0.1965E+00  0.3140E-15
  0.1273E-01  0.1391E-01  0.1520E-01  0.1663E-01  0.1820E-01  0.1994E-01
  0.2186E-01  0.2398E-01  0.2632E-01  0.2892E-01  0.3180E-01  0.3498E-01
  0.3852E-01  0.4244E-01  0.4679E-01  0.5163E-01  0.5700E-01  0.6298E-01
  0.6963E-01  0.7704E-01  0.8529E-01  0.9449E-01  0.1048E+00  0.1162E+00
  0.1290E+00  0.1433E+00  0.1593E+00  0.1771E+00  0.1972E+00  0.2196E+00
  0.2447E+00  0.2728E+00  0.3044E+00  0.3399E+00  0.3798E+00  0.4247E+00
  0.4753E+00  0.5323E+00  0.5967E+00  0.6695E+00  0.7520E+00  0.8455E+00
  0.9519E+00  0.1073E+01  0.1212E+01  0.1370E+01  0.1553E+01  0.1763E+01
  0.2007E+01  0.2290E+01  0.2620E+01  0.3005E+01  0.3451E+01  0.3961E+01
  0.4526E+01  0.5123E+01  0.5712E+01  0.6242E+01  0.6668E+01  0.6952E+01
  0.7078E+01  0.7044E+01  0.6852E+01  0.6494E+01  0.5957E+01  0.5242E+01
  0.4374E+01  0.3198E+01  0.1731E+01  0.1965E+00  0.3159E-15  0.1273E-01
  0.1391E-01  0.1520E-01  0.1663E-01  0.1820E-01  0.1994E-01  0.2186E-01
  0.2398E-01  0.2632E-01  0.2892E-01  0.3180E-01  0.3498E-01  0.3852E-01
  0.4244E-01  0.4679E-01  0.5163E-01  0.5700E-01  0.6298E-01  0.6963E-01
  0.7704E-01  0.8529E-01  0.9449E-01  0.1048E+00  0.1162E+00  0.1290E+00
  0.1433E+00  0.1593E+00  0.1771E+00  0.1972E+00  0.2196E+00  0.2447E+00
  0.2728E+00  0.3044E+00  0.3399E+00  0.3798E+00  0.4247E+00  0.4753E+00
  0.5323E+00  0.5967E+00  0.6695E+00  0.7520E+00  0.8455E+00  0.9519E+00
  0.1073E+01  0.1212E+01  0.1370E+01  0.1553E+01  0.1763E+01  0.2007E+01
  0.2290E+01  0.2620E+01  0.3005E+01  0.3451E+01  0.3961E+01  0.4526E+01
  0.5123E+01  0.5712E+01  0.6242E+01  0.6668E+01  0.6952E+01  0.7078E+01
  0.7044E+01  0.6852E+01  0.6494E+01  0.5957E+01  0.5242E+01  0.4374E+01
  0.3198E+01  0.1731E+01  0.1965E+00  0.3178E-15  0.1273E-01  0.1391E-01
  0.1520E-01  0.1663E-01  0.1820E-01  0.1994E-01  0.2186E-01  0.2398E-01
  0.2632E-01  0.2892E-01  0.3180E-01  0.3498E-01  0.3852E-01  0.4244E-01
  0.4679E-01  0.5163E-01  0.5700E-01  0.6298E-01  0.6963E-01  0.7704E-01
  0.8529E-01  0.9449E-01  0.1048E+00  0.1162E+00  0.1290E+00  0.1433E+00
  0.1593E+00  0.1771E+00  0.1972E+00  0.2196E+00  0.2447E+00  0.2728E+00
  0.3044E+00  0.3399E+00  0.3798E+00  0.4247E+00  0.4753E+00  0.5323E+00
  0.5967E+00  0.6695E+00  0.7520E+00  0.8455E+00  0.9519E+00  0.1073E+01
  0.1212E+01  0.1370E+01  0.1553E+01  0.1763E+01  0.2007E+01  0.2290E+01
  0.2620E+01  0.3005E+01  0.3451E+01  0.3961E+01  0.4526E+01  0.5123E+01
  0.5712E+01  0.6242E+01  0.6668E+01  0.6952E+01  0.7078E+01  0.7044E+01
  0.6852E+01  0.6494E+01  0.5957E+01  0.5242E+01  0.4374E+01  0.3198E+01
  0.1731E+01  0.1965E+00  0.3195E-15  0.1273E-01  0.1391E-01  0.1520E-01
  0.1663E-01  0.1820E-01  0.1994E-01  0.2186E-01  0.2398E-01  0.2632E-01
  0.2892E-01  0.3180E-01  0.3498E-01  0.3852E-01  0.4244E-01  0.4679E-01
  0.5163E-01  0.5700E-01  0.6298E-01  0.6963E-01  0.7704E-01  0.8529E-01
  0.9449E-01  0.1048E+00  0.1162E+00  0.1290E+00  0.1433E+00  0.1593E+00
  0.1771E+00  0.1972E+00  0.2196E+00  0.2447E+00  0.2728E+00  0.3044E+00
  0.3399E+00  0.3798E+00  0.4247E+00  0.4753E+00  0.5323E+00  0.5967E+00
  0.6695E+00  0.7520E+00  0.8455E+00  0.9519E+00  0.1073E+01  0.1212E+01
  0.1370E+01  0.1553E+01  0.1763E+01  0.2007E+01  0.2290E+01  0.2620E+01
  0.3005E+01  0.3451E+01  0.3961E+01  0.4526E+01  0.5123E+01  0.5712E+01
  0.6242E+01  0.6668E+01  0.6952E+01  0.7078E+01  0.7044E+01  0.6852E+01
  0.6494E+01  0.5957E+01  0.5242E+01  0.4374E+01  0.3198E+01  0.1731E+01
  0.1965E+00  0.3212E-15  0.1273E-01  0.1391E-01  0.1520E-01  0.1663E-01
  0.1820E-01  0.1994E-01  0.2186E-01  0.2398E-01  0.2632E-01  0.2892E-01
  0.3180E-01  0.3498E-01  0.3852E-01  0.4244E-01  0.4679E-01  0.5163E-01
  0.5700E-01  0.6298E-01  0.6963E-01  0.7704E-01  0.8529E-01  0.9449E-01
  0.1048E+00  0.1162E+00  0.1290E+00  0.1433E+00  0.1593E+00  0.1771E+00
  0.1972E+00  0.2196E+00  0.2447E+00  0.2728E+00  0.3044E+00  0.3399E+00
  0.3798E+00  0.4247E+00  0.4753E+00  0.5323E+00  0.5967E+00  0.6695E+00
  0.7520E+00  0.8455E+00  0.9519E+00  0.1073E+01  0.1212E+01  0.1370E+01
  0.1553E+01  0.1763E+01  0.2007E+01  0.2290E+01  0.2620E+01  0.3005E+01
  0.3451E+01  0.3961E+01  0.4526E+01  0.5123E+01  0.5712E+01  0.6242E+01
  0.6668E+01  0.6952E+01  0.7078E+01  0.7044E+01  0.6852E+01  0.6494E+01
  0.5957E+01  0.5242E+01  0.4374E+01  0.3198E+01  0.1731E+01  0.1965E+00
  0.3228E-15  0.1273E-01  0.1391E-01  0.1520E-01  0.1663E-01  0.1820E-01
  0.1994E-01  0.2186E-01  0.2398E-01  0.2632E-01  0.2892E-01  0.3180E-01
  0.3498E-01  0.3852E-01  0.4244E-01  0.4679E-01  0.5163E-01  0.5700E-01
  0.6298E-01  0.6963E-01  0.7704E-01  0.8529E-01  0.9449E-01  0.1048E+00
  0.1162E+00  0.1290E+00  0.1433E+00  0.1593E+00  0.1771E+00  0.1972E+00
  0.2196E+00  0.2447E+00  0.2728E+00  0.3044E+00  0.3399E+00  0.3798E+00
  0.4247E+00  0.4753E+00  0.5323E+00  0.5967E+00  0.6695E+00  0.7520E+00
  0.8455E+00  0.9519E+00  0.1073E+01  0.1212E+01  0.1370E+01  0.1553E+01
  0.1763E+01  0.2007E+01  0.2290E+01  0.2620E+01  0.3005E+01  0.3451E+01
  0.3961E+01  0.4526E+01  0.5123E+01  0.5712E+01  0.6242E+01  0.6668E+01
  0.6952E+01  0.7078E+01  0.7044E+01  0.6852E+01  0.6494E+01  0.5957E+01
  0.5242E+01  0.4374E+01  0.3198E+01  0.1731E+01  0.1965E+00  0.3243E-15
  0.1273E-01  0.1391E-01  0.1520E-01  0.1663E-01  0.1820E-01  0.1994E-01
  0.2186E-01  0.2398E-01  0.2632E-01  0.2892E-01  0.3180E-01  0.3498E-01
  0.3852E-01  0.4244E-01  0.4679E-01  0.5163E-01  0.5700E-01  0.6298E-01
  0.6963E-01  0.7704E-01  0.8529E-01  0.9449E-01  0.1048E+00  0.1162E+00
  0.1290E+00  0.1433E+00  0.1593E+00  0.1771E+00  0.1972E+00  0.2196E+00
  0.2447E+00  0.2728E+00  0.3044E+00  0.3399E+00  0.3798E+00  0.4247E+00
  0.4753E+00  0.5323E+00  0.5967E+00  0.6695E+00  0.7520E+00  0.8455E+00
  0.9519E+00  0.1073E+01  0.1212E+01  0.1370E+01  0.1553E+01  0.1763E+01
  0.2007E+01  0.2290E+01  0.2620E+01  0.3005E+01  0.3451E+01  0.3961E+01
  0.4526E+01  0.5123E+01  0.5712E+01  0.6242E+01  0.6668E+01  0.6952E+01
  0.7078E+01  0.7044E+01  0.6852E+01  0.6494E+01  0.5957E+01  0.5242E+01
  0.4374E+01  0.3198E+01  0.1731E+01  0.1965E+00  0.3258E-15  0.1273E-01
  0.1391E-01  0.1520E-01  0.1663E-01  0.1820E-01  0.1994E-01  0.2186E-01
  0.2398E-01  0.2632E-01  0.2892E-01  0.3180E-01  0.3498E-01  0.3852E-01
  0.4244E-01  0.4679E-01  0.5163E-01  0.5700E-01  0.6298E-01  0.6963E-01
  0.7704E-01  0.8529E-01  0.9449E-01  0.1048E+00  0.1162E+00  0.1290E+00
  0.1433E+00  0.1593E+00  0.1771E+00  0.1972E+00  0.2196E+00  0.2447E+00
  0.2728E+00  0.3044E+00  0.3399E+00  0.3798E+00  0.4247E+00  0.4753E+00
  0.5323E+00  0.5967E+00  0.6695E+00  0.7520E+00  0.8455E+00  0.9519E+00
  0.1073E+01  0.1212E+01  0.1370E+01  0.1553E+01  0.1763E+01  0.2007E+01
  0.2290E+01  0.2620E+01  0.3005E+01  0.3451E+01  0.3961E+01  0.4526E+01
  0.5123E+01  0.5712E+01  0.6242E+01  0.6668E+01  0.6952E+01  0.7078E+01
  0.7044E+01  0.6852E+01  0.6494E+01  0.5957E+01  0.5242E+01  0.4374E+01
  0.3198E+01  0.1731E+01  0.1965E+00  0.3271E-15  0.1273E-01  0.1391E-01
  0.1520E-01  0.1663E-01  0.1820E-01  0.1994E-01  0.2186E-01  0.2398E-01
  0.2632E-01  0.2892E-01  0.3180E-01  0.3498E-01  0.3852E-01  0.4244E-01
  0.4679E-01  0.5163E-01  0.5700E-01  0.6298E-01  0.6963E-01  0.7704E-01
  0.8529E-01  0.9449E-01  0.1048E+00  0.1162E+00  0.1290E+00  0.1433E+00
  0.1593E+00  0.1771E+00  0.1972E+00  0.2196E+00  0.2447E+00  0.2728E+00
  0.3044E+00  0.3399E+00  0.3798E+00  0.4247E+00  0.4753E+00  0.5323E+00
  0.5967E+00  0.6695E+00  0.7520E+00  0.8455E+00  0.9519E+00  0.1073E+01
  0.1212E+01  0.1370E+01  0.1553E+01  0.1763E+01  0.2007E+01  0.2290E+01
  0.2620E+01  0.3005E+01  0.3451E+01  0.3961E+01  0.4526E+01  0.5123E+01
  0.5712E+01  0.6242E+01  0.6668E+01  0.6952E+01  0.7078E+01  0.7044E+01
  0.6852E+01  0.6494E+01  0.5957E+01  0.5242E+01  0.4374E+01  0.3198E+01
  0.1731E+01  0.1965E+00  0.3284E-15  0.1273E-01  0.1391E-01  0.1520E-01
  0.1663E-01  0.1820E-01  0.1994E-01  0.2186E-01  0.2398E-01  0.2632E-01
  0.2892E-01  0.3180E-01  0.3498E-01  0.3852E-01  0.4244E-01  0.4679E-01
  0.5163E-01  0.5700E-01  0.6298E-01  0.6963E-01  0.7704E-01  0.8529E-01
  0.9449E-01  0.1048E+00  0.1162E+00  0.1290E+00  0.1433E+00  0.1593E+00
  0.1771E+00  0.1972E+00  0.2196E+00  0.2447E+00  0.2728E+00  0.3044E+00
  0.3399E+00  0.3798E+00  0.4247E+00  0.4753E+00  0.5323E+00  0.5967E+00
  0.6695E+00  0.7520E+00  0.8455E+00  0.9519E+00  0.1073E+01  0.1212E+01
  0.1370E+01  0.1553E+01  0.1763E+01  0.2007E+01  0.2290E+01  0.2620E+01
  0.3005E+01  0.3451E+01  0.3961E+01  0.4526E+01  0.5123E+01  0.5712E+01
  0.6242E+01  0.6668E+01  0.6952E+01  0.7078E+01  0.7044E+01  0.6852E+01
  0.6494E+01  0.5957E+01  0.5242E+01  0.4374E+01  0.3198E+01  0.1731E+01
  0.1965E+00  0.3296E-15  0.1273E-01  0.1391E-01  0.1520E-01  0.1663E-01
  0.1820E-01  0.1994E-01  0.2186E-01  0.2398E-01  0.2632E-01  0.2892E-01
  0.3180E-01  0.3498E-01  0.3852E-01  0.4244E-01  0.4679E-01  0.5163E-01
  0.5700E-01  0.6298E-01  0.6963E-01  0.7704E-01  0.8529E-01  0.9449E-01
  0.1048E+00  0.1162E+00  0.1290E+00  0.1433E+00  0.1593E+00  0.1771E+00
  0.1972E+00  0.2196E+00  0.2447E+00  0.2728E+00  0.3044E+00  0.3399E+00
  0.3798E+00  0.4247E+00  0.4753E+00  0.5323E+00  0.5967E+00  0.6695E+00
  0.7520E+00  0.8455E+00  0.9519E+00  0.1073E+01  0.1212E+01  0.1370E+01
  0.1553E+01  0.1763E+01  0.2007E+01  0.2290E+01  0.2620E+01  0.3005E+01
  0.3451E+01  0.3961E+01  0.4526E+01  0.5123E+01  0.5712E+01  0.6242E+01
  0.6668E+01  0.6952E+01  0.7078E+01  0.7044E+01  0.6852E+01  0.6494E+01
  0.5957E+01  0.5242E+01  0.4374E+01  0.3198E+01  0.1731E+01  0.1965E+00
  0.3307E-15  0.1273E-01  0.1391E-01  0.1520E-01  0.1663E-01  0.1820E-01
  0.1994E-01  0.2186E-01  0.2398E-01  0.2632E-01  0.2892E-01  0.3180E-01
  0.3498E-01  0.3852E-01  0.4244E-01  0.4679E-01  0.5163E-01  0.5700E-01
  0.6298E-01  0.6963E-01  0.7704E-01  0.8529E-01  0.9449E-01  0.1048E+00
  0.1162E+00  0.1290E+00  0.1433E+00  0.1593E+00  0.1771E+00  0.1972E+00
  0.2196E+00  0.2447E+00  0.2728E+00  0.3044E+00  0.3399E+00  0.3798E+00
  0.4247E+00  0.4753E+00  0.5323E+00  0.5967E+00  0.6695E+00  0.7520E+00
  0.8455E+00  0.9519E+00  0.1073E+01  0.1212E+01  0.1370E+01  0.1553E+01
  0.1763E+01  0.2007E+01  0.2290E+01  0.2620E+01  0.3005E+01  0.3451E+01
  0.3961E+01  0.4526E+01  0.5123E+01  0.5712E+01  0.6242E+01  0.6668E+01
  0.6952E+01  0.7078E+01  0.7044E+01  0.6852E+01  0.6494E+01  0.5957E+01
  0.5242E+01  0.4374E+01  0.3198E+01  0.1731E+01  0.1965E+00  0.3318E-15
  0.1273E-01  0.1391E-01  0.1520E-01  0.1663E-01  0.1820E-01  0.1994E-01
  0.2186E-01  0.2398E-01  0.2632E-01  0.2892E-01  0.3180E-01  0.3498E-01
  0.3852E-01  0.4244E-01  0.4679E-01  0.5163E-01  0.5700E-01  0.6298E-01
  0.6963E-01  0.7704E-01  0.8529E-01  0.9449E-01  0.1048E+00  0.1162E+00
  0.1290E+00  0.1433E+00  0.1593E+00  0.1771E+00  0.1972E+00  0.2196E+00
  0.2447E+00  0.2728E+00  0.3044E+00  0.3399E+00  0.3798E+00  0.4247E+00
  0.4753E+00  0.5323E+00  0.5967E+00  0.6695E+00  0.7520E+00  0.8455E+00
  0.9519E+00  0.1073E+01  0.1212E+01  0.1370E+01  0.1553E+01  0.1763E+01
  0.2007E+01  0.2290E+01  0.2620E+01  0.3005E+01  0.3451E+01  0.3961E+01
  0.4526E+01  0.5123E+01  0.5712E+01  0.6242E+01  0.6668E+01  0.6952E+01
  0.7078E+01  0.7044E+01  0.6852E+01  0.6494E+01  0.5957E+01  0.5242E+01
  0.4374E+01  0.3198E+01  0.1731E+01  0.1965E+00  0.3327E-15  0.1273E-01
  0.1391E-01  0.1520E-01  0.1663E-01  0.1820E-01  0.1994E-01  0.2186E-01
  0.2398E-01  0.2632E-01  0.2892E-01  0.3180E-01  0.3498E-01  0.3852E-01
  0.4244E-01  0.4679E-01  0.5163E-01  0.5700E-01  0.6298E-01  0.6963E-01
  0.7704E-01  0.8529E-01  0.9449E-01  0.1048E+00  0.1162E+00  0.1290E+00
  0.1433E+00  0.1593E+00  0.1771E+00  0.1972E+00  0.2196E+00  0.2447E+00
  0.2728E+00  0.3044E+00  0.3399E+00  0.3798E+00  0.4247E+00  0.4753E+00
  0.5323E+00  0.5967E+00  0.6695E+00  0.7520E+00  0.8455E+00  0.9519E+00
  0.1073E+01  0.1212E+01  0.1370E+01  0.1553E+01  0.1763E+01  0.2007E+01
  0.2290E+01  0.2620E+01  0.3005E+01  0.3451E+01  0.3961E+01  0.4526E+01
  0.5123E+01  0.5712E+01  0.6242E+01  0.6668E+01  0.6952E+01  0.7078E+01
  0.7044E+01  0.6852E+01  0.6494E+01  0.5957E+01  0.5242E+01  0.4374E+01
  0.3198E+01  0.1731E+01  0.1965E+00  0.3336E-15  0.1273E-01  0.1391E-01
  0.1520E-01  0.1663E-01  0.1820E-01  0.1994E-01  0.2186E-01  0.2398E-01
  0.2632E-01  0.2892E-01  0.3180E-01  0.3498E-01  0.3852E-01  0.4244E-01
  0.4679E-01  0.5163E-01  0.5700E-01  0.6298E-01  0.6963E-01  0.7704E-01
  0.8529E-01  0.9449E-01  0.1048E+00  0.1162E+00  0.1290E+00  0.1433E+00
  0.1593E+00  0.1771E+00  0.1972E+00  0.2196E+00  0.2447E+00  0.2728E+00
  0.3044E+00  0.3399E+00  0.3798E+00  0.4247E+00  0.4753E+00  0.5323E+00
  0.5967E+00  0.6695E+00  0.7520E+00  0.8455E+00  0.9519E+00  0.1073E+01
  0.1212E+01  0.1370E+01  0.1553E+01  0.1763E+01  0.2007E+01  0.2290E+01
  0.2620E+01  0.3005E+01  0.3451E+01  0.3961E+01  0.4526E+01  0.5123E+01
  0.5712E+01  0.6242E+01  0.6668E+01  0.6952E+01  0.7078E+01  0.7044E+01
  0.6852E+01  0.6494E+01  0.5957E+01  0.5242E+01  0.4374E+01  0.3198E+01
  0.1731E+01  0.1965E+00  0.3344E-15  0.1273E-01  0.1391E-01  0.1520E-01
  0.1663E-01  0.1820E-01  0.1994E-01  0.2186E-01  0.2398E-01  0.2632E-01
  0.2892E-01  0.3180E-01  0.3498E-01  0.3852E-01  0.4244E-01  0.4679E-01
  0.5163E-01  0.5700E-01  0.6298E-01  0.6963E-01  0.7704E-01  0.8529E-01
  0.9449E-01  0.1048E+00  0.1162E+00  0.1290E+00  0.1433E+00  0.1593E+00
  0.1771E+00  0.1972E+00  0.2196E+00  0.2447E+00  0.2728E+00  0.3044E+00
  0.3399E+00  0.3798E+00  0.4247E+00  0.4753E+00  0.5323E+00  0.5967E+00
  0.6695E+00  0.7520E+00  0.8455E+00  0.9519E+00  0.1073E+01  0.1212E+01
  0.1370E+01  0.1553E+01  0.1763E+01  0.2007E+01  0.2290E+01  0.2620E+01
  0.3005E+01  0.3451E+01  0.3961E+01  0.4526E+01  0.5123E+01  0.5712E+01
  0.6242E+01  0.6668E+01  0.6952E+01  0.7078E+01  0.7044E+01  0.6852E+01
  0.6494E+01  0.5957E+01  0.5242E+01  0.4374E+01  0.3198E+01  0.1731E+01
  0.1965E+00  0.3352E-15  0.1273E-01  0.1391E-01  0.1520E-01  0.1663E-01
  0.1820E-01  0.1994E-01  0.2186E-01  0.2398E-01  0.2632E-01  0.2892E-01
  0.3180E-01  0.3498E-01  0.3852E-01  0.4244E-01  0.4679E-01  0.5163E-01
  0.5700E-01  0.6298E-01  0.6963E-01  0.7704E-01  0.8529E-01  0.9449E-01
  0.1048E+00  0.1162E+00  0.1290E+00  0.1433E+00  0.1593E+00  0.1771E+00
  0.1972E+00  0.2196E+00  0.2447E+00  0.2728E+00  0.3044E+00  0.3399E+00
  0.3798E+00  0.4247E+00  0.4753E+00  0.5323E+00  0.5967E+00  0.6695E+00
  0.7520E+00  0.8455E+00  0.9519E+00  0.1073E+01  0.1212E+01  0.1370E+01
  0.1553E+01  0.1763E+01  0.2007E+01  0.2290E+01  0.2620E+01  0.3005E+01
  0.3451E+01  0.3961E+01  0.4526E+01  0.5123E+01  0.5712E+01  0.6242E+01
  0.6668E+01  0.6952E+01  0.7078E+01  0.7044E+01  0.6852E+01  0.6494E+01
  0.5957E+01  0.5242E+01  0.4374E+01  0.3198E+01  0.1731E+01  0.1965E+00
  0.3358E-15  0.1273E-01  0.1391E-01  0.1520E-01  0.1663E-01  0.1820E-01
  0.1994E-01  0.2186E-01  0.2398E-01  0.2632E-01  0.2892E-01  0.3180E-01
  0.3498E-01  0.3852E-01  0.4244E-01  0.4679E-01  0.5163E-01  0.5700E-01
  0.6298E-01  0.6963E-01  0.7704E-01  0.8529E-01  0.9449E-01  0.1048E+00
  0.1162E+00  0.1290E+00  0.1433E+00  0.1593E+00  0.1771E+00  0.1972E+00
  0.2196E+00  0.2447E+00  0.2728E+00  0.3044E+00  0.3399E+00  0.3798E+00
  0.4247E+00  0.4753E+00  0.5323E+00  0.5967E+00  0.6695E+00  0.7520E+00
  0.8455E+00  0.9519E+00  0.1073E+01  0.1212E+01  0.1370E+01  0.1553E+01
  0.1763E+01  0.2007E+01  0.2290E+01  0.2620E+01  0.3005E+01  0.3451E+01
  0.3961E+01  0.4526E+01  0.5123E+01  0.5712E+01  0.6242E+01  0.6668E+01
  0.6952E+01  0.7078E+01  0.7044E+01  0.6852E+01  0.6494E+01  0.5957E+01
  0.5242E+01  0.4374E+01  0.3198E+01  0.1731E+01  0.1965E+00  0.3364E-15
  0.1273E-01  0.1391E-01  0.1520E-01  0.1663E-01  0.1820E-01  0.1994E-01
  0.2186E-01  0.2398E-01  0.2632E-01  0.2892E-01  0.3180E-01  0.3498E-01
  0.3852E-01  0.4244E-01  0.4679E-01  0.5163E-01  0.5700E-01  0.6298E-01
  0.6963E-01  0.7704E-01  0.8529E-01  0.9449E-01  0.1048E+00  0.1162E+00
  0.1290E+00  0.1433E+00  0.1593E+00  0.1771E+00  0.1972E+00  0.2196E+00
  0.2447E+00  0.2728E+00  0.3044E+00  0.3399E+00  0.3798E+00  0.4247E+00
  0.4753E+00  0.5323E+00  0.5967E+00  0.6695E+00  0.7520E+00  0.8455E+00
  0.9519E+00  0.1073E+01  0.1212E+01  0.1370E+01  0.1553E+01  0.1763E+01
  0.2007E+01  0.2290E+01  0.2620E+01  0.3005E+01  0.3451E+01  0.3961E+01
  0.4526E+01  0.5123E+01  0.5712E+01  0.6242E+01  0.6668E+01  0.6952E+01
  0.7078E+01  0.7044E+01  0.6852E+01  0.6494E+01  0.5957E+01  0.5242E+01
  0.4374E+01  0.3198E+01  0.1731E+01  0.1965E+00  0.3369E-15  0.1273E-01
  0.1391E-01  0.1520E-01  0.1663E-01  0.1820E-01  0.1994E-01  0.2186E-01
  0.2398E-01  0.2632E-01  0.2892E-01  0.3180E-01  0.3498E-01  0.3852E-01
  0.4244E-01  0.4679E-01  0.5163E-01  0.5700E-01  0.6298E-01  0.6963E-01
  0.7704E-01  0.8529E-01  0.9449E-01  0.1048E+00  0.1162E+00  0.1290E+00
  0.1433E+00  0.1593E+00  0.1771E+00  0.1972E+00  0.2196E+00  0.2447E+00
  0.2728E+00  0.3044E+00  0.3399E+00  0.3798E+00  0.4247E+00  0.4753E+00
  0.5323E+00  0.5967E+00  0.6695E+00  0.7520E+00  0.8455E+00  0.9519E+00
  0.1073E+01  0.1212E+01  0.1370E+01  0.1553E+01  0.1763E+01  0.2007E+01
  0.2290E+01  0.2620E+01  0.3005E+01  0.3451E+01  0.3961E+01  0.4526E+01
  0.5123E+01  0.5712E+01  0.6242E+01  0.6668E+01  0.6952E+01  0.7078E+01
  0.7044E+01  0.6852E+01  0.6494E+01  0.5957E+01  0.5242E+01  0.4374E+01
  0.3198E+01  0.1731E+01  0.1965E+00  0.3373E-15  0.1273E-01  0.1391E-01
  0.1520E-01  0.1663E-01  0.1820E-01  0.1994E-01  0.2186E-01  0.2398E-01
  0.2632E-01  0.2892E-01  0.3180E-01  0.3498E-01  0.3852E-01  0.4244E-01
  0.4679E-01  0.5163E-01  0.5700E-01  0.6298E-01  0.6963E-01  0.7704E-01
  0.8529E-01  0.9449E-01  0.1048E+00  0.1162E+00  0.1290E+00  0.1433E+00
  0.1593E+00  0.1771E+00  0.1972E+00  0.2196E+00  0.2447E+00  0.2728E+00
  0.3044E+00  0.3399E+00  0.3798E+00  0.4247E+00  0.4753E+00  0.5323E+00
  0.5967E+00  0.6695E+00  0.7520E+00  0.8455E+00  0.9519E+00  0.1073E+01
  0.1212E+01  0.1370E+01  0.1553E+01  0.1763E+01  0.2007E+01  0.2290E+01
  0.2620E+01  0.3005E+01  0.3451E+01  0.3961E+01  0.4526E+01  0.5123E+01
  0.5712E+01  0.6242E+01  0.6668E+01  0.6952E+01  0.7078E+01  0.7044E+01
  0.6852E+01  0.6494E+01  0.5957E+01  0.5242E+01  0.4374E+01  0.3198E+01
  0.1731E+01  0.1965E+00  0.3376E-15  0.1273E-01  0.1391E-01  0.1520E-01
  0.1663E-01  0.1820E-01  0.1994E-01  0.2186E-01  0.2398E-01  0.2632E-01
  0.2892E-01  0.3180E-01  0.3498E-01  0.3852E-01  0.4244E-01  0.4679E-01
  0.5163E-01  0.5700E-01  0.6298E-01  0.6963E-01  0.7704E-01  0.8529E-01
  0.9449E-01  0.1048E+00  0.1162E+00  0.1290E+00  0.1433E+00  0.1593E+00
  0.1771E+00  0.1972E+00  0.2196E+00  0.2447E+00  0.2728E+00  0.3044E+00
  0.3399E+00  0.3798E+00  0.4247E+00  0.4753E+00  0.5323E+00  0.5967E+00
  0.6695E+00  0.7520E+00  0.8455E+00  0.9519E+00  0.1073E+01  0.1212E+01
  0.1370E+01  0.1553E+01  0.1763E+01  0.2007E+01  0.2290E+01  0.2620E+01
  0.3005E+01  0.3451E+01  0.3961E+01  0.4526E+01  0.5123E+01  0.5712E+01
  0.6242E+01  0.6668E+01  0.6952E+01  0.7078E+01  0.7044E+01  0.6852E+01
  0.6494E+01  0.5957E+01  0.5242E+01  0.4374E+01  0.3198E+01  0.1731E+01
  0.1965E+00  0.3379E-15  0.1273E-01  0.1391E-01  0.1520E-01  0.1663E-01
  0.1820E-01  0.1994E-01  0.2186E-01  0.2398E-01  0.2632E-01  0.2892E-01
  0.3180E-01  0.3498E-01  0.3852E-01  0.4244E-01  0.4679E-01  0.5163E-01
  0.5700E-01  0.6298E-01  0.6963E-01  0.7704E-01  0.8529E-01  0.9449E-01
  0.1048E+00  0.1162E+00  0.1290E+00  0.1433E+00  0.1593E+00  0.1771E+00
  0.1972E+00  0.2196E+00  0.2447E+00  0.2728E+00  0.3044E+00  0.3399E+00
  0.3798E+00  0.4247E+00  0.4753E+00  0.5323E+00  0.5967E+00  0.6695E+00
  0.7520E+00  0.8455E+00  0.9519E+00  0.1073E+01  0.1212E+01  0.1370E+01
  0.1553E+01  0.1763E+01  0.2007E+01  0.2290E+01  0.2620E+01  0.3005E+01
  0.3451E+01  0.3961E+01  0.4526E+01  0.5123E+01  0.5712E+01  0.6242E+01
  0.6668E+01  0.6952E+01  0.7078E+01  0.7044E+01  0.6852E+01  0.6494E+01
  0.5957E+01  0.5242E+01  0.4374E+01  0.3198E+01  0.1731E+01  0.1965E+00
  0.3381E-15  0.1273E-01  0.1391E-01  0.1520E-01  0.1663E-01  0.1820E-01
  0.1994E-01  0.2186E-01  0.2398E-01  0.2632E-01  0.2892E-01  0.3180E-01
  0.3498E-01  0.3852E-01  0.4244E-01  0.4679E-01  0.5163E-01  0.5700E-01
  0.6298E-01  0.6963E-01  0.7704E-01  0.8529E-01  0.9449E-01  0.1048E+00
  0.1162E+00  0.1290E+00  0.1433E+00  0.1593E+00  0.1771E+00  0.1972E+00
  0.2196E+00  0.2447E+00  0.2728E+00  0.3044E+00  0.3399E+00  0.3798E+00
  0.4247E+00  0.4753E+00  0.5323E+00  0.5967E+00  0.6695E+00  0.7520E+00
  0.8455E+00  0.9519E+00  0.1073E+01  0.1212E+01  0.1370E+01  0.1553E+01
  0.1763E+01  0.2007E+01  0.2290E+01  0.2620E+01  0.3005E+01  0.3451E+01
  0.3961E+01  0.4526E+01  0.5123E+01  0.5712E+01  0.6242E+01  0.6668E+01
  0.6952E+01  0.7078E+01  0.7044E+01  0.6852E+01  0.6494E+01  0.5957E+01
  0.5242E+01  0.4374E+01  0.3198E+01  0.1731E+01  0.1965E+00  0.3382E-15
  0.1273E-01  0.1391E-01  0.1520E-01  0.1663E-01  0.1820E-01  0.1994E-01
  0.2186E-01  0.2398E-01  0.2632E-01  0.2892E-01  0.3180E-01  0.3498E-01
  0.3852E-01  0.4244E-01  0.4679E-01  0.5163E-01  0.5700E-01  0.6298E-01
  0.6963E-01  0.7704E-01  0.8529E-01  0.9449E-01  0.1048E+00  0.1162E+00
  0.1290E+00  0.1433E+00  0.1593E+00  0.1771E+00  0.1972E+00  0.2196E+00
  0.2447E+00  0.2728E+00  0.3044E+00  0.3399E+00  0.3798E+00  0.4247E+00
  0.4753E+00  0.5323E+00  0.5967E+00  0.6695E+00  0.7520E+00  0.8455E+00
  0.9519E+00  0.1073E+01  0.1212E+01  0.1370E+01  0.1553E+01  0.1763E+01
  0.2007E+01  0.2290E+01  0.2620E+01  0.3005E+01  0.3451E+01  0.3961E+01
  0.4526E+01  0.5123E+01  0.5712E+01  0.6242E+01  0.6668E+01  0.6952E+01
  0.7078E+01  0.7044E+01  0.6852E+01  0.6494E+01  0.5957E+01  0.5242E+01
  0.4374E+01  0.3198E+01  0.1731E+01  0.1965E+00  0.3382E-15  0.1273E-01
  0.1391E-01  0.1520E-01  0.1663E-01  0.1820E-01  0.1994E-01  0.2186E-01
  0.2398E-01  0.2632E-01  0.2892E-01  0.3180E-01  0.3498E-01  0.3852E-01
  0.4244E-01  0.4679E-01  0.5163E-01  0.5700E-01  0.6298E-01  0.6963E-01
  0.7704E-01  0.8529E-01  0.9449E-01  0.1048E+00  0.1162E+00  0.1290E+00
  0.1433E+00  0.1593E+00  0.1771E+00  0.1972E+00  0.2196E+00  0.2447E+00
  0.2728E+00  0.3044E+00  0.3399E+00  0.3798E+00  0.4247E+00  0.4753E+00
  0.5323E+00  0.5967E+00  0.6695E+00  0.7520E+00  0.8455E+00  0.9519E+00
  0.1073E+01  0.1212E+01  0.1370E+01  0.1553E+01  0.1763E+01  0.2007E+01
  0.2290E+01  0.2620E+01  0.3005E+01  0.3451E+01  0.3961E+01  0.4526E+01
  0.5123E+01  0.5712E+01  0.6242E+01  0.6668E+01  0.6952E+01  0.7078E+01
  0.7044E+01  0.6852E+01  0.6494E+01  0.5957E+01  0.5242E+01  0.4374E+01
  0.3198E+01  0.1731E+01  0.1965E+00  0.3382E-15  0.1273E-01  0.1391E-01
  0.1520E-01  0.1663E-01  0.1820E-01  0.1994E-01  0.2186E-01  0.2398E-01
  0.2632E-01  0.2892E-01  0.3180E-01  0.3498E-01  0.3852E-01  0.4244E-01
  0.4679E-01  0.5163E-01  0.5700E-01  0.6298E-01  0.6963E-01  0.7704E-01
  0.8529E-01  0.9449E-01  0.1048E+00  0.1162E+00  0.1290E+00  0.1433E+00
  0.1593E+00  0.1771E+00  0.1972E+00  0.2196E+00  0.2447E+00  0.2728E+00
  0.3044E+00  0.3399E+00  0.3798E+00  0.4247E+00  0.4753E+00  0.5323E+00
  0.5967E+00  0.6695E+00  0.7520E+00  0.8455E+00  0.9519E+00  0.1073E+01
  0.1212E+01  0.1370E+01  0.1553E+01  0.1763E+01  0.2007E+01  0.2290E+01
  0.2620E+01  0.3005E+01  0.3451E+01  0.3961E+01  0.4526E+01  0.5123E+01
  0.5712E+01  0.6242E+01  0.6668E+01  0.6952E+01  0.7078E+01  0.7044E+01
  0.6852E+01  0.6494E+01  0.5957E+01  0.5242E+01  0.4374E+01  0.3198E+01
  0.1731E+01  0.1965E+00  0.3381E-15  0.1273E-01  0.1391E-01  0.1520E-01
  0.1663E-01  0.1820E-01  0.1994E-01  0.2186E-01  0.2398E-01  0.2632E-01
  0.2892E-01  0.3180E-01  0.3498E-01  0.3852E-01  0.4244E-01  0.4679E-01
  0.5163E-01  0.5700E-01  0.6298E-01  0.6963E-01  0.7704E-01  0.8529E-01
  0.9449E-01  0.1048E+00  0.1162E+00  0.1290E+00  0.1433E+00  0.1593E+00
  0.1771E+00  0.1972E+00  0.2196E+00  0.2447E+00  0.2728E+00  0.3044E+00
  0.3399E+00  0.3798E+00  0.4247E+00  0.4753E+00  0.5323E+00  0.5967E+00
  0.6695E+00  0.7520E+00  0.8455E+00  0.9519E+00  0.1073E+01  0.1212E+01
  0.1370E+01  0.1553E+01  0.1763E+01  0.2007E+01  0.2290E+01  0.2620E+01
  0.3005E+01  0.3451E+01  0.3961E+01  0.4526E+01  0.5123E+01  0.5712E+01
  0.6242E+01  0.6668E+01  0.6952E+01  0.7078E+01  0.7044E+01  0.6852E+01
  0.6494E+01  0.5957E+01  0.5242E+01  0.4374E+01  0.3198E+01  0.1731E+01
  0.1965E+00  0.3379E-15  0.1273E-01  0.1391E-01  0.1520E-01  0.1663E-01
  0.1820E-01  0.1994E-01  0.2186E-01  0.2398E-01  0.2632E-01  0.2892E-01
  0.3180E-01  0.3498E-01  0.3852E-01  0.4244E-01  0.4679E-01  0.5163E-01
  0.5700E-01  0.6298E-01  0.6963E-01  0.7704E-01  0.8529E-01  0.9449E-01
  0.1048E+00  0.1162E+00  0.1290E+00  0.1433E+00  0.1593E+00  0.1771E+00
  0.1972E+00  0.2196E+00  0.2447E+00  0.2728E+00  0.3044E+00  0.3399E+00
  0.3798E+00  0.4247E+00  0.4753E+00  0.5323E+00  0.5967E+00  0.6695E+00
  0.7520E+00  0.8455E+00  0.9519E+00  0.1073E+01  0.1212E+01  0.1370E+01
  0.1553E+01  0.1763E+01  0.2007E+01  0.2290E+01  0.2620E+01  0.3005E+01
  0.3451E+01  0.3961E+01  0.4526E+01  0.5123E+01  0.5712E+01  0.6242E+01
  0.6668E+01  0.6952E+01  0.7078E+01  0.7044E+01  0.6852E+01  0.6494E+01
  0.5957E+01  0.5242E+01  0.4374E+01  0.3198E+01  0.1731E+01  0.1965E+00
  0.3376E-15  0.1273E-01  0.1391E-01  0.1520E-01  0.1663E-01  0.1820E-01
  0.1994E-01  0.2186E-01  0.2398E-01  0.2632E-01  0.2892E-01  0.3180E-01
  0.3498E-01  0.3852E-01  0.4244E-01  0.4679E-01  0.5163E-01  0.5700E-01
  0.6298E-01  0.6963E-01  0.7704E-01  0.8529E-01  0.9449E-01  0.1048E+00
  0.1162E+00  0.1290E+00  0.1433E+00  0.1593E+00  0.1771E+00  0.1972E+00
  0.2196E+00  0.2447E+00  0.2728E+00  0.3044E+00  0.3399E+00  0.3798E+00
  0.4247E+00  0.4753E+00  0.5323E+00  0.5967E+00  0.6695E+00  0.7520E+00
  0.8455E+00  0.9519E+00  0.1073E+01  0.1212E+01  0.1370E+01  0.1553E+01
  0.1763E+01  0.2007E+01  0.2290E+01  0.2620E+01  0.3005E+01  0.3451E+01
  0.3961E+01  0.4526E+01  0.5123E+01  0.5712E+01  0.6242E+01  0.6668E+01
  0.6952E+01  0.7078E+01  0.7044E+01  0.6852E+01  0.6494E+01  0.5957E+01
  0.5242E+01  0.4374E+01  0.3198E+01  0.1731E+01  0.1965E+00  0.3373E-15
  0.1273E-01  0.1391E-01  0.1520E-01  0.1663E-01  0.1820E-01  0.1994E-01
  0.2186E-01  0.2398E-01  0.2632E-01  0.2892E-01  0.3180E-01  0.3498E-01
  0.3852E-01  0.4244E-01  0.4679E-01  0.5163E-01  0.5700E-01  0.6298E-01
  0.6963E-01  0.7704E-01  0.8529E-01  0.9449E-01  0.1048E+00  0.1162E+00
  0.1290E+00  0.1433E+00  0.1593E+00  0.1771E+00  0.1972E+00  0.2196E+00
  0.2447E+00  0.2728E+00  0.3044E+00  0.3399E+00  0.3798E+00  0.4247E+00
  0.4753E+00  0.5323E+00  0.5967E+00  0.6695E+00  0.7520E+00  0.8455E+00
  0.9519E+00  0.1073E+01  0.1212E+01  0.1370E+01  0.1553E+01  0.1763E+01
  0.2007E+01  0.2290E+01  0.2620E+01  0.3005E+01  0.3451E+01  0.3961E+01
  0.4526E+01  0.5123E+01  0.5712E+01  0.6242E+01  0.6668E+01  0.6952E+01
  0.7078E+01  0.7044E+01  0.6852E+01  0.6494E+01  0.5957E+01  0.5242E+01
  0.4374E+01  0.3198E+01  0.1731E+01  0.1965E+00  0.3369E-15  0.1273E-01
  0.1391E-01  0.1520E-01  0.1663E-01  0.1820E-01  0.1994E-01  0.2186E-01
  0.2398E-01  0.2632E-01  0.2892E-01  0.3180E-01  0.3498E-01  0.3852E-01
  0.4244E-01  0.4679E-01  0.5163E-01  0.5700E-01  0.6298E-01  0.6963E-01
  0.7704E-01  0.8529E-01  0.9449E-01  0.1048E+00  0.1162E+00  0.1290E+00
  0.1433E+00  0.1593E+00  0.1771E+00  0.1972E+00  0.2196E+00  0.2447E+00
  0.2728E+00  0.3044E+00  0.3399E+00  0.3798E+00  0.4247E+00  0.4753E+00
  0.5323E+00  0.5967E+00  0.6695E+00  0.7520E+00  0.8455E+00  0.9519E+00
  0.1073E+01  0.1212E+01  0.1370E+01  0.1553E+01  0.1763E+01  0.2007E+01
  0.2290E+01  0.2620E+01  0.3005E+01  0.3451E+01  0.3961E+01  0.4526E+01
  0.5123E+01  0.5712E+01  0.6242E+01  0.6668E+01  0.6952E+01  0.7078E+01
  0.7044E+01  0.6852E+01  0.6494E+01  0.5957E+01  0.5242E+01  0.4374E+01
  0.3198E+01  0.1731E+01  0.1965E+00  0.3364E-15  0.1273E-01  0.1391E-01
  0.1520E-01  0.1663E-01  0.1820E-01  0.1994E-01  0.2186E-01  0.2398E-01
  0.2632E-01  0.2892E-01  0.3180E-01  0.3498E-01  0.3852E-01  0.4244E-01
  0.4679E-01  0.5163E-01  0.5700E-01  0.6298E-01  0.6963E-01  0.7704E-01
  0.8529E-01  0.9449E-01  0.1048E+00  0.1162E+00  0.1290E+00  0.1433E+00
  0.1593E+00  0.1771E+00  0.1972E+00  0.2196E+00  0.2447E+00  0.2728E+00
  0.3044E+00  0.3399E+00  0.3798E+00  0.4247E+00  0.4753E+00  0.5323E+00
  0.5967E+00  0.6695E+00  0.7520E+00  0.8455E+00  0.9519E+00  0.1073E+01
  0.1212E+01  0.1370E+01  0.1553E+01  0.1763E+01  0.2007E+01  0.2290E+01
  0.2620E+01  0.3005E+01  0.3451E+01  0.3961E+01  0.4526E+01  0.5123E+01
  0.5712E+01  0.6242E+01  0.6668E+01  0.6952E+01  0.7078E+01  0.7044E+01
  0.6852E+01  0.6494E+01  0.5957E+01  0.5242E+01  0.4374E+01  0.3198E+01
  0.1731E+01  0.1965E+00  0.3358E-15  0.1273E-01  0.1391E-01  0.1520E-01
  0.1663E-01  0.1820E-01  0.1994E-01  0.2186E-01  0.2398E-01  0.2632E-01
  0.2892E-01  0.3180E-01  0.3498E-01  0.3852E-01  0.4244E-01  0.4679E-01
  0.5163E-01  0.5700E-01  0.6298E-01  0.6963E-01  0.7704E-01  0.8529E-01
  0.9449E-01  0.1048E+00  0.1162E+00  0.1290E+00  0.1433E+00  0.1593E+00
  0.1771E+00  0.1972E+00  0.2196E+00  0.2447E+00  0.2728E+00  0.3044E+00
  0.3399E+00  0.3798E+00  0.4247E+00  0.4753E+00  0.5323E+00  0.5967E+00
  0.6695E+00  0.7520E+00  0.8455E+00  0.9519E+00  0.1073E+01  0.1212E+01
  0.1370E+01  0.1553E+01  0.1763E+01  0.2007E+01  0.2290E+01  0.2620E+01
  0.3005E+01  0.3451E+01  0.3961E+01  0.4526E+01  0.5123E+01  0.5712E+01
  0.6242E+01  0.6668E+01  0.6952E+01  0.7078E+01  0.7044E+01  0.6852E+01
  0.6494E+01  0.5957E+01  0.5242E+01  0.4374E+01  0.3198E+01  0.1731E+01
  0.1965E+00  0.3352E-15  0.1273E-01  0.1391E-01  0.1520E-01  0.1663E-01
  0.1820E-01  0.1994E-01  0.2186E-01  0.2398E-01  0.2632E-01  0.2892E-01
  0.3180E-01  0.3498E-01  0.3852E-01  0.4244E-01  0.4679E-01  0.5163E-01
  0.5700E-01  0.6298E-01  0.6963E-01  0.7704E-01  0.8529E-01  0.9449E-01
  0.1048E+00  0.1162E+00  0.1290E+00  0.1433E+00  0.1593E+00  0.1771E+00
  0.1972E+00  0.2196E+00  0.2447E+00  0.2728E+00  0.3044E+00  0.3399E+00
  0.3798E+00  0.4247E+00  0.4753E+00  0.5323E+00  0.5967E+00  0.6695E+00
  0.7520E+00  0.8455E+00  0.9519E+00  0.1073E+01  0.1212E+01  0.1370E+01
  0.1553E+01  0.1763E+01  0.2007E+01  0.2290E+01  0.2620E+01  0.3005E+01
  0.3451E+01  0.3961E+01  0.4526E+01  0.5123E+01  0.5712E+01  0.6242E+01
  0.6668E+01  0.6952E+01  0.7078E+01  0.7044E+01  0.6852E+01  0.6494E+01
  0.5957E+01  0.5242E+01  0.4374E+01  0.3198E+01  0.1731E+01  0.1965E+00
  0.3344E-15  0.1273E-01  0.1391E-01  0.1520E-01  0.1663E-01  0.1820E-01
  0.1994E-01  0.2186E-01  0.2398E-01  0.2632E-01  0.2892E-01  0.3180E-01
  0.3498E-01  0.3852E-01  0.4244E-01  0.4679E-01  0.5163E-01  0.5700E-01
  0.6298E-01  0.6963E-01  0.7704E-01  0.8529E-01  0.9449E-01  0.1048E+00
  0.1162E+00  0.1290E+00  0.1433E+00  0.1593E+00  0.1771E+00  0.1972E+00
  0.2196E+00  0.2447E+00  0.2728E+00  0.3044E+00  0.3399E+00  0.3798E+00
  0.4247E+00  0.4753E+00  0.5323E+00  0.5967E+00  0.6695E+00  0.7520E+00
  0.8455E+00  0.9519E+00  0.1073E+01  0.1212E+01  0.1370E+01  0.1553E+01
  0.1763E+01  0.2007E+01  0.2290E+01  0.2620E+01  0.3005E+01  0.3451E+01
  0.3961E+01  0.4526E+01  0.5123E+01  0.5712E+01  0.6242E+01  0.6668E+01
  0.6952E+01  0.7078E+01  0.7044E+01  0.6852E+01  0.6494E+01  0.5957E+01
  0.5242E+01  0.4374E+01  0.3198E+01  0.1731E+01  0.1965E+00  0.3336E-15
  0.1273E-01  0.1391E-01  0.1520E-01  0.1663E-01  0.1820E-01  0.1994E-01
  0.2186E-01  0.2398E-01  0.2632E-01  0.2892E-01  0.3180E-01  0.3498E-01
  0.3852E-01  0.4244E-01  0.4679E-01  0.5163E-01  0.5700E-01  0.6298E-01
  0.6963E-01  0.7704E-01  0.8529E-01  0.9449E-01  0.1048E+00  0.1162E+00
  0.1290E+00  0.1433E+00  0.1593E+00  0.1771E+00  0.1972E+00  0.2196E+00
  0.2447E+00  0.2728E+00  0.3044E+00  0.3399E+00  0.3798E+00  0.4247E+00
  0.4753E+00  0.5323E+00  0.5967E+00  0.6695E+00  0.7520E+00  0.8455E+00
  0.9519E+00  0.1073E+01  0.1212E+01  0.1370E+01  0.1553E+01  0.1763E+01
  0.2007E+01  0.2290E+01  0.2620E+01  0.3005E+01  0.3451E+01  0.3961E+01
  0.4526E+01  0.5123E+01  0.5712E+01  0.6242E+01  0.6668E+01  0.6952E+01
  0.7078E+01  0.7044E+01  0.6852E+01  0.6494E+01  0.5957E+01  0.5242E+01
  0.4374E+01  0.3198E+01  0.1731E+01  0.1965E+00  0.3327E-15  0.1273E-01
  0.1391E-01  0.1520E-01  0.1663E-01  0.1820E-01  0.1994E-01  0.2186E-01
  0.2398E-01  0.2632E-01  0.2892E-01  0.3180E-01  0.3498E-01  0.3852E-01
  0.4244E-01  0.4679E-01  0.5163E-01  0.5700E-01  0.6298E-01  0.6963E-01
  0.7704E-01  0.8529E-01  0.9449E-01  0.1048E+00  0.1162E+00  0.1290E+00
  0.1433E+00  0.1593E+00  0.1771E+00  0.1972E+00  0.2196E+00  0.2447E+00
  0.2728E+00  0.3044E+00  0.3399E+00  0.3798E+00  0.4247E+00  0.4753E+00
  0.5323E+00  0.5967E+00  0.6695E+00  0.7520E+00  0.8455E+00  0.9519E+00
  0.1073E+01  0.1212E+01  0.1370E+01  0.1553E+01  0.1763E+01  0.2007E+01
  0.2290E+01  0.2620E+01  0.3005E+01  0.3451E+01  0.3961E+01  0.4526E+01
  0.5123E+01  0.5712E+01  0.6242E+01  0.6668E+01  0.6952E+01  0.7078E+01
  0.7044E+01  0.6852E+01  0.6494E+01  0.5957E+01  0.5242E+01  0.4374E+01
  0.3198E+01  0.1731E+01  0.1965E+00  0.3318E-15  0.1273E-01  0.1391E-01
  0.1520E-01  0.1663E-01  0.1820E-01  0.1994E-01  0.2186E-01  0.2398E-01
  0.2632E-01  0.2892E-01  0.3180E-01  0.3498E-01  0.3852E-01  0.4244E-01
  0.4679E-01  0.5163E-01  0.5700E-01  0.6298E-01  0.6963E-01  0.7704E-01
  0.8529E-01  0.9449E-01  0.1048E+00  0.1162E+00  0.1290E+00  0.1433E+00
  0.1593E+00  0.1771E+00  0.1972E+00  0.2196E+00  0.2447E+00  0.2728E+00
  0.3044E+00  0.3399E+00  0.3798E+00  0.4247E+00  0.4753E+00  0.5323E+00
  0.5967E+00  0.6695E+00  0.7520E+00  0.8455E+00  0.9519E+00  0.1073E+01
  0.1212E+01  0.1370E+01  0.1553E+01  0.1763E+01  0.2007E+01  0.2290E+01
  0.2620E+01  0.3005E+01  0.3451E+01  0.3961E+01  0.4526E+01  0.5123E+01
  0.5712E+01  0.6242E+01  0.6668E+01  0.6952E+01  0.7078E+01  0.7044E+01
  0.6852E+01  0.6494E+01  0.5957E+01  0.5242E+01  0.4374E+01  0.3198E+01
  0.1731E+01  0.1965E+00  0.3307E-15  0.1273E-01  0.1391E-01  0.1520E-01
  0.1663E-01  0.1820E-01  0.1994E-01  0.2186E-01  0.2398E-01  0.2632E-01
  0.2892E-01  0.3180E-01  0.3498E-01  0.3852E-01  0.4244E-01  0.4679E-01
  0.5163E-01  0.5700E-01  0.6298E-01  0.6963E-01  0.7704E-01  0.8529E-01
  0.9449E-01  0.1048E+00  0.1162E+00  0.1290E+00  0.1433E+00  0.1593E+00
  0.1771E+00  0.1972E+00  0.2196E+00  0.2447E+00  0.2728E+00  0.3044E+00
  0.3399E+00  0.3798E+00  0.4247E+00  0.4753E+00  0.5323E+00  0.5967E+00
  0.6695E+00  0.7520E+00  0.8455E+00  0.9519E+00  0.1073E+01  0.1212E+01
  0.1370E+01  0.1553E+01  0.1763E+01  0.2007E+01  0.2290E+01  0.2620E+01
  0.3005E+01  0.3451E+01  0.3961E+01  0.4526E+01  0.5123E+01  0.5712E+01
  0.6242E+01  0.6668E+01  0.6952E+01  0.7078E+01  0.7044E+01  0.6852E+01
  0.6494E+01  0.5957E+01  0.5242E+01  0.4374E+01  0.3198E+01  0.1731E+01
  0.1965E+00  0.3296E-15  0.1273E-01  0.1391E-01  0.1520E-01  0.1663E-01
  0.1820E-01  0.1994E-01  0.2186E-01  0.2398E-01  0.2632E-01  0.2892E-01
  0.3180E-01  0.3498E-01  0.3852E-01  0.4244E-01  0.4679E-01  0.5163E-01
  0.5700E-01  0.6298E-01  0.6963E-01  0.7704E-01  0.8529E-01  0.9449E-01
  0.1048E+00  0.1162E+00  0.1290E+00  0.1433E+00  0.1593E+00  0.1771E+00
  0.1972E+00  0.2196E+00  0.2447E+00  0.2728E+00  0.3044E+00  0.3399E+00
  0.3798E+00  0.4247E+00  0.4753E+00  0.5323E+00  0.5967E+00  0.6695E+00
  0.7520E+00  0.8455E+00  0.9519E+00  0.1073E+01  0.1212E+01  0.1370E+01
  0.1553E+01  0.1763E+01  0.2007E+01  0.2290E+01  0.2620E+01  0.3005E+01
  0.3451E+01  0.3961E+01  0.4526E+01  0.5123E+01  0.5712E+01  0.6242E+01
  0.6668E+01  0.6952E+01  0.7078E+01  0.7044E+01  0.6852E+01  0.6494E+01
  0.5957E+01  0.5242E+01  0.4374E+01  0.3198E+01  0.1731E+01  0.1965E+00
  0.3284E-15  0.1273E-01  0.1391E-01  0.1520E-01  0.1663E-01  0.1820E-01
  0.1994E-01  0.2186E-01  0.2398E-01  0.2632E-01  0.2892E-01  0.3180E-01
  0.3498E-01  0.3852E-01  0.4244E-01  0.4679E-01  0.5163E-01  0.5700E-01
  0.6298E-01  0.6963E-01  0.7704E-01  0.8529E-01  0.9449E-01  0.1048E+00
  0.1162E+00  0.1290E+00  0.1433E+00  0.1593E+00  0.1771E+00  0.1972E+00
  0.2196E+00  0.2447E+00  0.2728E+00  0.3044E+00  0.3399E+00  0.3798E+00
  0.4247E+00  0.4753E+00  0.5323E+00  0.5967E+00  0.6695E+00  0.7520E+00
  0.8455E+00  0.9519E+00  0.1073E+01  0.1212E+01  0.1370E+01  0.1553E+01
  0.1763E+01  0.2007E+01  0.2290E+01  0.2620E+01  0.3005E+01  0.3451E+01
  0.3961E+01  0.4526E+01  0.5123E+01  0.5712E+01  0.6242E+01  0.6668E+01
  0.6952E+01  0.7078E+01  0.7044E+01  0.6852E+01  0.6494E+01  0.5957E+01
  0.5242E+01  0.4374E+01  0.3198E+01  0.1731E+01  0.1965E+00  0.3271E-15
  0.1273E-01  0.1391E-01  0.1520E-01  0.1663E-01  0.1820E-01  0.1994E-01
  0.2186E-01  0.2398E-01  0.2632E-01  0.2892E-01  0.3180E-01  0.3498E-01
  0.3852E-01  0.4244E-01  0.4679E-01  0.5163E-01  0.5700E-01  0.6298E-01
  0.6963E-01  0.7704E-01  0.8529E-01  0.9449E-01  0.1048E+00  0.1162E+00
  0.1290E+00  0.1433E+00  0.1593E+00  0.1771E+00  0.1972E+00  0.2196E+00
  0.2447E+00  0.2728E+00  0.3044E+00  0.3399E+00  0.3798E+00  0.4247E+00
  0.4753E+00  0.5323E+00  0.5967E+00  0.6695E+00  0.7520E+00  0.8455E+00
  0.9519E+00  0.1073E+01  0.1212E+01  0.1370E+01  0.1553E+01  0.1763E+01
  0.2007E+01  0.2290E+01  0.2620E+01  0.3005E+01  0.3451E+01  0.3961E+01
  0.4526E+01  0.5123E+01  0.5712E+01  0.6242E+01  0.6668E+01  0.6952E+01
  0.7078E+01  0.7044E+01  0.6852E+01  0.6494E+01  0.5957E+01  0.5242E+01
  0.4374E+01  0.3198E+01  0.1731E+01  0.1965E+00  0.3258E-15  0.1273E-01
  0.1391E-01  0.1520E-01  0.1663E-01  0.1820E-01  0.1994E-01  0.2186E-01
  0.2398E-01  0.2632E-01  0.2892E-01  0.3180E-01  0.3498E-01  0.3852E-01
  0.4244E-01  0.4679E-01  0.5163E-01  0.5700E-01  0.6298E-01  0.6963E-01
  0.7704E-01  0.8529E-01  0.9449E-01  0.1048E+00  0.1162E+00  0.1290E+00
  0.1433E+00  0.1593E+00  0.1771E+00  0.1972E+00  0.2196E+00  0.2447E+00
  0.2728E+00  0.3044E+00  0.3399E+00  0.3798E+00  0.4247E+00  0.4753E+00
  0.5323E+00  0.5967E+00  0.6695E+00  0.7520E+00  0.8455E+00  0.9519E+00
  0.1073E+01  0.1212E+01  0.1370E+01  0.1553E+01  0.1763E+01  0.2007E+01
  0.2290E+01  0.2620E+01  0.3005E+01  0.3451E+01  0.3961E+01  0.4526E+01
  0.5123E+01  0.5712E+01  0.6242E+01  0.6668E+01  0.6952E+01  0.7078E+01
  0.7044E+01  0.6852E+01  0.6494E+01  0.5957E+01  0.5242E+01  0.4374E+01
  0.3198E+01  0.1731E+01  0.1965E+00  0.3243E-15  0.1273E-01  0.1391E-01
  0.1520E-01  0.1663E-01  0.1820E-01  0.1994E-01  0.2186E-01  0.2398E-01
  0.2632E-01  0.2892E-01  0.3180E-01  0.3498E-01  0.3852E-01  0.4244E-01
  0.4679E-01  0.5163E-01  0.5700E-01  0.6298E-01  0.6963E-01  0.7704E-01
  0.8529E-01  0.9449E-01  0.1048E+00  0.1162E+00  0.1290E+00  0.1433E+00
  0.1593E+00  0.1771E+00  0.1972E+00  0.2196E+00  0.2447E+00  0.2728E+00
  0.3044E+00  0.3399E+00  0.3798E+00  0.4247E+00  0.4753E+00  0.5323E+00
  0.5967E+00  0.6695E+00  0.7520E+00  0.8455E+00  0.9519E+00  0.1073E+01
  0.1212E+01  0.1370E+01  0.1553E+01  0.1763E+01  0.2007E+01  0.2290E+01
  0.2620E+01  0.3005E+01  0.3451E+01  0.3961E+01  0.4526E+01  0.5123E+01
  0.5712E+01  0.6242E+01  0.6668E+01  0.6952E+01  0.7078E+01  0.7044E+01
  0.6852E+01  0.6494E+01  0.5957E+01  0.5242E+01  0.4374E+01  0.3198E+01
  0.1731E+01  0.1965E+00  0.3228E-15  0.1273E-01  0.1391E-01  0.1520E-01
  0.1663E-01  0.1820E-01  0.1994E-01  0.2186E-01  0.2398E-01  0.2632E-01
  0.2892E-01  0.3180E-01  0.3498E-01  0.3852E-01  0.4244E-01  0.4679E-01
  0.5163E-01  0.5700E-01  0.6298E-01  0.6963E-01  0.7704E-01  0.8529E-01
  0.9449E-01  0.1048E+00  0.1162E+00  0.1290E+00  0.1433E+00  0.1593E+00
  0.1771E+00  0.1972E+00  0.2196E+00  0.2447E+00  0.2728E+00  0.3044E+00
  0.3399E+00  0.3798E+00  0.4247E+00  0.4753E+00  0.5323E+00  0.5967E+00
  0.6695E+00  0.7520E+00  0.8455E+00  0.9519E+00  0.1073E+01  0.1212E+01
  0.1370E+01  0.1553E+01  0.1763E+01  0.2007E+01  0.2290E+01  0.2620E+01
  0.3005E+01  0.3451E+01  0.3961E+01  0.4526E+01  0.5123E+01  0.5712E+01
  0.6242E+01  0.6668E+01  0.6952E+01  0.7078E+01  0.7044E+01  0.6852E+01
  0.6494E+01  0.5957E+01  0.5242E+01  0.4374E+01  0.3198E+01  0.1731E+01
  0.1965E+00  0.3212E-15  0.1273E-01  0.1391E-01  0.1520E-01  0.1663E-01
  0.1820E-01  0.1994E-01  0.2186E-01  0.2398E-01  0.2632E-01  0.2892E-01
  0.3180E-01  0.3498E-01  0.3852E-01  0.4244E-01  0.4679E-01  0.5163E-01
  0.5700E-01  0.6298E-01  0.6963E-01  0.7704E-01  0.8529E-01  0.9449E-01
  0.1048E+00  0.1162E+00  0.1290E+00  0.1433E+00  0.1593E+00  0.1771E+00
  0.1972E+00  0.2196E+00  0.2447E+00  0.2728E+00  0.3044E+00  0.3399E+00
  0.3798E+00  0.4247E+00  0.4753E+00  0.5323E+00  0.5967E+00  0.6695E+00
  0.7520E+00  0.8455E+00  0.9519E+00  0.1073E+01  0.1212E+01  0.1370E+01
  0.1553E+01  0.1763E+01  0.2007E+01  0.2290E+01  0.2620E+01  0.3005E+01
  0.3451E+01  0.3961E+01  0.4526E+01  0.5123E+01  0.5712E+01  0.6242E+01
  0.6668E+01  0.6952E+01  0.7078E+01  0.7044E+01  0.6852E+01  0.6494E+01
  0.5957E+01  0.5242E+01  0.4374E+01  0.3198E+01  0.1731E+01  0.1965E+00
  0.3195E-15  0.1273E-01  0.1391E-01  0.1520E-01  0.1663E-01  0.1820E-01
  0.1994E-01  0.2186E-01  0.2398E-01  0.2632E-01  0.2892E-01  0.3180E-01
  0.3498E-01  0.3852E-01  0.4244E-01  0.4679E-01  0.5163E-01  0.5700E-01
  0.6298E-01  0.6963E-01  0.7704E-01  0.8529E-01  0.9449E-01  0.1048E+00
  0.1162E+00  0.1290E+00  0.1433E+00  0.1593E+00  0.1771E+00  0.1972E+00
  0.2196E+00  0.2447E+00  0.2728E+00  0.3044E+00  0.3399E+00  0.3798E+00
  0.4247E+00  0.4753E+00  0.5323E+00  0.5967E+00  0.6695E+00  0.7520E+00
  0.8455E+00  0.9519E+00  0.1073E+01  0.1212E+01  0.1370E+01  0.1553E+01
  0.1763E+01  0.2007E+01  0.2290E+01  0.2620E+01  0.3005E+01  0.3451E+01
  0.3961E+01  0.4526E+01  0.5123E+01  0.5712E+01  0.6242E+01  0.6668E+01
  0.6952E+01  0.7078E+01  0.7044E+01  0.6852E+01  0.6494E+01  0.5957E+01
  0.5242E+01  0.4374E+01  0.3198E+01  0.1731E+01  0.1965E+00  0.3178E-15
  0.1273E-01  0.1391E-01  0.1520E-01  0.1663E-01  0.1820E-01  0.1994E-01
  0.2186E-01  0.2398E-01  0.2632E-01  0.2892E-01  0.3180E-01  0.3498E-01
  0.3852E-01  0.4244E-01  0.4679E-01  0.5163E-01  0.5700E-01  0.6298E-01
  0.6963E-01  0.7704E-01  0.8529E-01  0.9449E-01  0.1048E+00  0.1162E+00
  0.1290E+00  0.1433E+00  0.1593E+00  0.1771E+00  0.1972E+00  0.2196E+00
  0.2447E+00  0.2728E+00  0.3044E+00  0.3399E+00  0.3798E+00  0.4247E+00
  0.4753E+00  0.5323E+00  0.5967E+00  0.6695E+00  0.7520E+00  0.8455E+00
  0.9519E+00  0.1073E+01  0.1212E+01  0.1370E+01  0.1553E+01  0.1763E+01
  0.2007E+01  0.2290E+01  0.2620E+01  0.3005E+01  0.3451E+01  0.3961E+01
  0.4526E+01  0.5123E+01  0.5712E+01  0.6242E+01  0.6668E+01  0.6952E+01
  0.7078E+01  0.7044E+01  0.6852E+01  0.6494E+01  0.5957E+01  0.5242E+01
  0.4374E+01  0.3198E+01  0.1731E+01  0.1965E+00  0.3159E-15  0.1273E-01
  0.1391E-01  0.1520E-01  0.1663E-01  0.1820E-01  0.1994E-01  0.2186E-01
  0.2398E-01  0.2632E-01  0.2892E-01  0.3180E-01  0.3498E-01  0.3852E-01
  0.4244E-01  0.4679E-01  0.5163E-01  0.5700E-01  0.6298E-01  0.6963E-01
  0.7704E-01  0.8529E-01  0.9449E-01  0.1048E+00  0.1162E+00  0.1290E+00
  0.1433E+00  0.1593E+00  0.1771E+00  0.1972E+00  0.2196E+00  0.2447E+00
  0.2728E+00  0.3044E+00  0.3399E+00  0.3798E+00  0.4247E+00  0.4753E+00
  0.5323E+00  0.5967E+00  0.6695E+00  0.7520E+00  0.8455E+00  0.9519E+00
  0.1073E+01  0.1212E+01  0.1370E+01  0.1553E+01  0.1763E+01  0.2007E+01
  0.2290E+01  0.2620E+01  0.3005E+01  0.3451E+01  0.3961E+01  0.4526E+01
  0.5123E+01  0.5712E+01  0.6242E+01  0.6668E+01  0.6952E+01  0.7078E+01
  0.7044E+01  0.6852E+01  0.6494E+01  0.5957E+01  0.5242E+01  0.4374E+01
  0.3198E+01  0.1731E+01  0.1965E+00  0.3140E-15  0.1273E-01  0.1391E-01
  0.1520E-01  0.1663E-01  0.1820E-01  0.1994E-01  0.2186E-01  0.2398E-01
  0.2632E-01  0.2892E-01  0.3180E-01  0.3498E-01  0.3852E-01  0.4244E-01
  0.4679E-01  0.5163E-01  0.5700E-01  0.6298E-01  0.6963E-01  0.7704E-01
  0.8529E-01  0.9449E-01  0.1048E+00  0.1162E+00  0.1290E+00  0.1433E+00
  0.1593E+00  0.1771E+00  0.1972E+00  0.2196E+00  0.2447E+00  0.2728E+00
  0.3044E+00  0.3399E+00  0.3798E+00  0.4247E+00  0.4753E+00  0.5323E+00
  0.5967E+00  0.6695E+00  0.7520E+00  0.8455E+00  0.9519E+00  0.1073E+01
  0.1212E+01  0.1370E+01  0.1553E+01  0.1763E+01  0.2007E+01  0.2290E+01
  0.2620E+01  0.3005E+01  0.3451E+01  0.3961E+01  0.4526E+01  0.5123E+01
  0.5712E+01  0.6242E+01  0.6668E+01  0.6952E+01  0.7078E+01  0.7044E+01
  0.6852E+01  0.6494E+01  0.5957E+01  0.5242E+01  0.4374E+01  0.3198E+01
  0.1731E+01  0.1965E+00  0.3120E-15  0.1273E-01  0.1391E-01  0.1520E-01
  0.1663E-01  0.1820E-01  0.1994E-01  0.2186E-01  0.2398E-01  0.2632E-01
  0.2892E-01  0.3180E-01  0.3498E-01  0.3852E-01  0.4244E-01  0.4679E-01
  0.5163E-01  0.5700E-01  0.6298E-01  0.6963E-01  0.7704E-01  0.8529E-01
  0.9449E-01  0.1048E+00  0.1162E+00  0.1290E+00  0.1433E+00  0.1593E+00
  0.1771E+00  0.1972E+00  0.2196E+00  0.2447E+00  0.2728E+00  0.3044E+00
  0.3399E+00  0.3798E+00  0.4247E+00  0.4753E+00  0.5323E+00  0.5967E+00
  0.6695E+00  0.7520E+00  0.8455E+00  0.9519E+00  0.1073E+01  0.1212E+01
  0.1370E+01  0.1553E+01  0.1763E+01  0.2007E+01  0.2290E+01  0.2620E+01
  0.3005E+01  0.3451E+01  0.3961E+01  0.4526E+01  0.5123E+01  0.5712E+01
  0.6242E+01  0.6668E+01  0.6952E+01  0.7078E+01  0.7044E+01  0.6852E+01
  0.6494E+01  0.5957E+01  0.5242E+01  0.4374E+01  0.3198E+01  0.1731E+01
  0.1965E+00  0.3100E-15  0.1273E-01  0.1391E-01  0.1520E-01  0.1663E-01
  0.1820E-01  0.1994E-01  0.2186E-01  0.2398E-01  0.2632E-01  0.2892E-01
  0.3180E-01  0.3498E-01  0.3852E-01  0.4244E-01  0.4679E-01  0.5163E-01
  0.5700E-01  0.6298E-01  0.6963E-01  0.7704E-01  0.8529E-01  0.9449E-01
  0.1048E+00  0.1162E+00  0.1290E+00  0.1433E+00  0.1593E+00  0.1771E+00
  0.1972E+00  0.2196E+00  0.2447E+00  0.2728E+00  0.3044E+00  0.3399E+00
  0.3798E+00  0.4247E+00  0.4753E+00  0.5323E+00  0.5967E+00  0.6695E+00
  0.7520E+00  0.8455E+00  0.9519E+00  0.1073E+01  0.1212E+01  0.1370E+01
  0.1553E+01  0.1763E+01  0.2007E+01  0.2290E+01  0.2620E+01  0.3005E+01
  0.3451E+01  0.3961E+01  0.4526E+01  0.5123E+01  0.5712E+01  0.6242E+01
  0.6668E+01  0.6952E+01  0.7078E+01  0.7044E+01  0.6852E+01  0.6494E+01
  0.5957E+01  0.5242E+01  0.4374E+01  0.3198E+01  0.1731E+01  0.1965E+00
  0.3079E-15  0.1273E-01  0.1391E-01  0.1520E-01  0.1663E-01  0.1820E-01
  0.1994E-01  0.2186E-01  0.2398E-01  0.2632E-01  0.2892E-01  0.3180E-01
  0.3498E-01  0.3852E-01  0.4244E-01  0.4679E-01  0.5163E-01  0.5700E-01
  0.6298E-01  0.6963E-01  0.7704E-01  0.8529E-01  0.9449E-01  0.1048E+00
  0.1162E+00  0.1290E+00  0.1433E+00  0.1593E+00  0.1771E+00  0.1972E+00
  0.2196E+00  0.2447E+00  0.2728E+00  0.3044E+00  0.3399E+00  0.3798E+00
  0.4247E+00  0.4753E+00  0.5323E+00  0.5967E+00  0.6695E+00  0.7520E+00
  0.8455E+00  0.9519E+00  0.1073E+01  0.1212E+01  0.1370E+01  0.1553E+01
  0.1763E+01  0.2007E+01  0.2290E+01  0.2620E+01  0.3005E+01  0.3451E+01
  0.3961E+01  0.4526E+01  0.5123E+01  0.5712E+01  0.6242E+01  0.6668E+01
  0.6952E+01  0.7078E+01  0.7044E+01  0.6852E+01  0.6494E+01  0.5957E+01
  0.5242E+01  0.4374E+01  0.3198E+01  0.1731E+01  0.1965E+00  0.3056E-15
  0.1273E-01  0.1391E-01  0.1520E-01  0.1663E-01  0.1820E-01  0.1994E-01
  0.2186E-01  0.2398E-01  0.2632E-01  0.2892E-01  0.3180E-01  0.3498E-01
  0.3852E-01  0.4244E-01  0.4679E-01  0.5163E-01  0.5700E-01  0.6298E-01
  0.6963E-01  0.7704E-01  0.8529E-01  0.9449E-01  0.1048E+00  0.1162E+00
  0.1290E+00  0.1433E+00  0.1593E+00  0.1771E+00  0.1972E+00  0.2196E+00
  0.2447E+00  0.2728E+00  0.3044E+00  0.3399E+00  0.3798E+00  0.4247E+00
  0.4753E+00  0.5323E+00  0.5967E+00  0.6695E+00  0.7520E+00  0.8455E+00
  0.9519E+00  0.1073E+01  0.1212E+01  0.1370E+01  0.1553E+01  0.1763E+01
  0.2007E+01  0.2290E+01  0.2620E+01  0.3005E+01  0.3451E+01  0.3961E+01
  0.4526E+01  0.5123E+01  0.5712E+01  0.6242E+01  0.6668E+01  0.6952E+01
  0.7078E+01  0.7044E+01  0.6852E+01  0.6494E+01  0.5957E+01  0.5242E+01
  0.4374E+01  0.3198E+01  0.1731E+01  0.1965E+00  0.3034E-15  0.1273E-01
  0.1391E-01  0.1520E-01  0.1663E-01  0.1820E-01  0.1994E-01  0.2186E-01
  0.2398E-01  0.2632E-01  0.2892E-01  0.3180E-01  0.3498E-01  0.3852E-01
  0.4244E-01  0.4679E-01  0.5163E-01  0.5700E-01  0.6298E-01  0.6963E-01
  0.7704E-01  0.8529E-01  0.9449E-01  0.1048E+00  0.1162E+00  0.1290E+00
  0.1433E+00  0.1593E+00  0.1771E+00  0.1972E+00  0.2196E+00  0.2447E+00
  0.2728E+00  0.3044E+00  0.3399E+00  0.3798E+00  0.4247E+00  0.4753E+00
  0.5323E+00  0.5967E+00  0.6695E+00  0.7520E+00  0.8455E+00  0.9519E+00
  0.1073E+01  0.1212E+01  0.1370E+01  0.1553E+01  0.1763E+01  0.2007E+01
  0.2290E+01  0.2620E+01  0.3005E+01  0.3451E+01  0.3961E+01  0.4526E+01
  0.5123E+01  0.5712E+01  0.6242E+01  0.6668E+01  0.6952E+01  0.7078E+01
  0.7044E+01  0.6852E+01  0.6494E+01  0.5957E+01  0.5242E+01  0.4374E+01
  0.3198E+01  0.1731E+01  0.1965E+00  0.3010E-15  0.1273E-01  0.1391E-01
  0.1520E-01  0.1663E-01  0.1820E-01  0.1994E-01  0.2186E-01  0.2398E-01
  0.2632E-01  0.2892E-01  0.3180E-01  0.3498E-01  0.3852E-01  0.4244E-01
  0.4679E-01  0.5163E-01  0.5700E-01  0.6298E-01  0.6963E-01  0.7704E-01
  0.8529E-01  0.9449E-01  0.1048E+00  0.1162E+00  0.1290E+00  0.1433E+00
  0.1593E+00  0.1771E+00  0.1972E+00  0.2196E+00  0.2447E+00  0.2728E+00
  0.3044E+00  0.3399E+00  0.3798E+00  0.4247E+00  0.4753E+00  0.5323E+00
  0.5967E+00  0.6695E+00  0.7520E+00  0.8455E+00  0.9519E+00  0.1073E+01
  0.1212E+01  0.1370E+01  0.1553E+01  0.1763E+01  0.2007E+01  0.2290E+01
  0.2620E+01  0.3005E+01  0.3451E+01  0.3961E+01  0.4526E+01  0.5123E+01
  0.5712E+01  0.6242E+01  0.6668E+01  0.6952E+01  0.7078E+01  0.7044E+01
  0.6852E+01  0.6494E+01  0.5957E+01  0.5242E+01  0.4374E+01  0.3198E+01
  0.1731E+01  0.1965E+00  0.2986E-15  0.1273E-01  0.1391E-01  0.1520E-01
  0.1663E-01  0.1820E-01  0.1994E-01  0.2186E-01  0.2398E-01  0.2632E-01
  0.2892E-01  0.3180E-01  0.3498E-01  0.3852E-01  0.4244E-01  0.4679E-01
  0.5163E-01  0.5700E-01  0.6298E-01  0.6963E-01  0.7704E-01  0.8529E-01
  0.9449E-01  0.1048E+00  0.1162E+00  0.1290E+00  0.1433E+00  0.1593E+00
  0.1771E+00  0.1972E+00  0.2196E+00  0.2447E+00  0.2728E+00  0.3044E+00
  0.3399E+00  0.3798E+00  0.4247E+00  0.4753E+00  0.5323E+00  0.5967E+00
  0.6695E+00  0.7520E+00  0.8455E+00  0.9519E+00  0.1073E+01  0.1212E+01
  0.1370E+01  0.1553E+01  0.1763E+01  0.2007E+01  0.2290E+01  0.2620E+01
  0.3005E+01  0.3451E+01  0.3961E+01  0.4526E+01  0.5123E+01  0.5712E+01
  0.6243E+01  0.6668E+01  0.6952E+01  0.7078E+01  0.7044E+01  0.6852E+01
  0.6494E+01  0.5957E+01  0.5242E+01  0.4374E+01  0.3198E+01  0.1731E+01
  0.1965E+00  0.2961E-15  0.1273E-01  0.1391E-01  0.1520E-01  0.1663E-01
  0.1820E-01  0.1994E-01  0.2186E-01  0.2398E-01  0.2632E-01  0.2892E-01
  0.3180E-01  0.3498E-01  0.3852E-01  0.4244E-01  0.4679E-01  0.5163E-01
  0.5700E-01  0.6298E-01  0.6963E-01  0.7704E-01  0.8529E-01  0.9449E-01
  0.1048E+00  0.1162E+00  0.1290E+00  0.1433E+00  0.1593E+00  0.1771E+00
  0.1972E+00  0.2196E+00  0.2447E+00  0.2728E+00  0.3044E+00  0.3399E+00
  0.3798E+00  0.4247E+00  0.4753E+00  0.5323E+00  0.5967E+00  0.6695E+00
  0.7520E+00  0.8455E+00  0.9519E+00  0.1073E+01  0.1212E+01  0.1370E+01
  0.1553E+01  0.1763E+01  0.2007E+01  0.2290E+01  0.2620E+01  0.3005E+01
  0.3451E+01  0.3961E+01  0.4526E+01  0.5123E+01  0.5712E+01  0.6242E+01
  0.6668E+01  0.6952E+01  0.7078E+01  0.7044E+01  0.6852E+01  0.6494E+01
  0.5957E+01  0.5242E+01  0.4374E+01  0.3198E+01  0.1731E+01  0.1965E+00
  0.2935E-15  0.1273E-01  0.1391E-01  0.1520E-01  0.1663E-01  0.1820E-01
  0.1994E-01  0.2186E-01  0.2398E-01  0.2632E-01  0.2892E-01  0.3180E-01
  0.3498E-01  0.3852E-01  0.4244E-01  0.4679E-01  0.5163E-01  0.5700E-01
  0.6298E-01  0.6963E-01  0.7704E-01  0.8529E-01  0.9449E-01  0.1048E+00
  0.1162E+00  0.1290E+00  0.1433E+00  0.1593E+00  0.1771E+00  0.1972E+00
  0.2196E+00  0.2447E+00  0.2728E+00  0.3044E+00  0.3399E+00  0.3798E+00
  0.4247E+00  0.4753E+00  0.5323E+00  0.5967E+00  0.6695E+00  0.7520E+00
  0.8455E+00  0.9519E+00  0.1073E+01  0.1212E+01  0.1370E+01  0.1553E+01
  0.1763E+01  0.2007E+01  0.2290E+01  0.2620E+01  0.3005E+01  0.3451E+01
  0.3961E+01  0.4526E+01  0.5123E+01  0.5712E+01  0.6242E+01  0.6668E+01
  0.6952E+01  0.7078E+01  0.7044E+01  0.6852E+01  0.6494E+01  0.5957E+01
  0.5242E+01  0.4374E+01  0.3198E+01  0.1731E+01  0.1965E+00  0.2909E-15
  0.1273E-01  0.1391E-01  0.1520E-01  0.1663E-01  0.1820E-01  0.1994E-01
  0.2186E-01  0.2398E-01  0.2632E-01  0.2892E-01  0.3180E-01  0.3498E-01
  0.3852E-01  0.4244E-01  0.4679E-01  0.5163E-01  0.5700E-01  0.6298E-01
  0.6963E-01  0.7704E-01  0.8529E-01  0.9449E-01  0.1048E+00  0.1162E+00
  0.1290E+00  0.1433E+00  0.1593E+00  0.1771E+00  0.1972E+00  0.2196E+00
  0.2447E+00  0.2728E+00  0.3044E+00  0.3399E+00  0.3798E+00  0.4247E+00
  0.4753E+00  0.5323E+00  0.5967E+00  0.6695E+00  0.7520E+00  0.8455E+00
  0.9519E+00  0.1073E+01  0.1212E+01  0.1370E+01  0.1553E+01  0.1763E+01
  0.2007E+01  0.2290E+01  0.2620E+01  0.3005E+01  0.3451E+01  0.3961E+01
  0.4526E+01  0.5123E+01  0.5711E+01  0.6242E+01  0.6668E+01  0.6952E+01
  0.7078E+01  0.7044E+01  0.6852E+01  0.6493E+01  0.5957E+01  0.5242E+01
  0.4374E+01  0.3198E+01  0.1731E+01  0.1965E+00  0.2882E-15  0.1273E-01
  0.1391E-01  0.1520E-01  0.1663E-01  0.1820E-01  0.1994E-01  0.2186E-01
  0.2398E-01  0.2632E-01  0.2892E-01  0.3180E-01  0.3498E-01  0.3852E-01
  0.4244E-01  0.4679E-01  0.5163E-01  0.5700E-01  0.6298E-01  0.6963E-01
  0.7704E-01  0.8529E-01  0.9449E-01  0.1048E+00  0.1162E+00  0.1290E+00
  0.1433E+00  0.1593E+00  0.1772E+00  0.1972E+00  0.2196E+00  0.2447E+00
  0.2728E+00  0.3044E+00  0.3399E+00  0.3798E+00  0.4247E+00  0.4753E+00
  0.5323E+00  0.5967E+00  0.6695E+00  0.7520E+00  0.8455E+00  0.9519E+00
  0.1073E+01  0.1212E+01  0.1370E+01  0.1553E+01  0.1763E+01  0.2007E+01
  0.2290E+01  0.2620E+01  0.3004E+01  0.3451E+01  0.3961E+01  0.4526E+01
  0.5123E+01  0.5711E+01  0.6242E+01  0.6667E+01  0.6952E+01  0.7078E+01
  0.7044E+01  0.6852E+01  0.6493E+01  0.5957E+01  0.5242E+01  0.4374E+01
  0.3198E+01  0.1731E+01  0.1965E+00  0.2854E-15  0.1273E-01  0.1391E-01
  0.1520E-01  0.1663E-01  0.1820E-01  0.1994E-01  0.2186E-01  0.2398E-01
  0.2632E-01  0.2892E-01  0.3180E-01  0.3498E-01  0.3852E-01  0.4244E-01
  0.4679E-01  0.5163E-01  0.5700E-01  0.6298E-01  0.6963E-01  0.7704E-01
  0.8529E-01  0.9449E-01  0.1048E+00  0.1162E+00  0.1290E+00  0.1433E+00
  0.1593E+00  0.1772E+00  0.1972E+00  0.2196E+00  0.2447E+00  0.2728E+00
  0.3044E+00  0.3399E+00  0.3798E+00  0.4247E+00  0.4753E+00  0.5323E+00
  0.5967E+00  0.6695E+00  0.7519E+00  0.8455E+00  0.9518E+00  0.1073E+01
  0.1211E+01  0.1370E+01  0.1553E+01  0.1763E+01  0.2007E+01  0.2290E+01
  0.2620E+01  0.3004E+01  0.3451E+01  0.3960E+01  0.4526E+01  0.5123E+01
  0.5711E+01  0.6242E+01  0.6668E+01  0.6952E+01  0.7078E+01  0.7044E+01
  0.6852E+01  0.6494E+01  0.5957E+01  0.5242E+01  0.4374E+01  0.3199E+01
  0.1731E+01  0.1965E+00  0.2825E-15  0.1273E-01  0.1391E-01  0.1520E-01
  0.1663E-01  0.1820E-01  0.1994E-01  0.2186E-01  0.2398E-01  0.2632E-01
  0.2892E-01  0.3180E-01  0.3498E-01  0.3852E-01  0.4244E-01  0.4679E-01
  0.5163E-01  0.5700E-01  0.6298E-01  0.6963E-01  0.7704E-01  0.8529E-01
  0.9449E-01  0.1048E+00  0.1162E+00  0.1290E+00  0.1433E+00  0.1593E+00
  0.1772E+00  0.1972E+00  0.2196E+00  0.2447E+00  0.2728E+00  0.3044E+00
  0.3399E+00  0.3798E+00  0.4247E+00  0.4752E+00  0.5322E+00  0.5966E+00
  0.6694E+00  0.7518E+00  0.8454E+00  0.9517E+00  0.1073E+01  0.1211E+01
  0.1370E+01  0.1552E+01  0.1763E+01  0.2007E+01  0.2290E+01  0.2620E+01
  0.3005E+01  0.3451E+01  0.3961E+01  0.4527E+01  0.5124E+01  0.5712E+01
  0.6243E+01  0.6669E+01  0.6953E+01  0.7079E+01  0.7045E+01  0.6853E+01
  0.6495E+01  0.5958E+01  0.5242E+01  0.4375E+01  0.3199E+01  0.1731E+01
  0.1964E+00  0.2796E-15  0.1273E-01  0.1391E-01  0.1520E-01  0.1663E-01
  0.1820E-01  0.1994E-01  0.2186E-01  0.2398E-01  0.2632E-01  0.2892E-01
  0.3180E-01  0.3498E-01  0.3852E-01  0.4244E-01  0.4679E-01  0.5163E-01
  0.5700E-01  0.6298E-01  0.6963E-01  0.7704E-01  0.8529E-01  0.9449E-01
  0.1048E+00  0.1162E+00  0.1290E+00  0.1433E+00  0.1593E+00  0.1771E+00
  0.1971E+00  0.2195E+00  0.2446E+00  0.2728E+00  0.3044E+00  0.3399E+00
  0.3797E+00  0.4246E+00  0.4752E+00  0.5322E+00  0.5966E+00  0.6693E+00
  0.7518E+00  0.8454E+00  0.9517E+00  0.1073E+01  0.1211E+01  0.1370E+01
  0.1553E+01  0.1763E+01  0.2007E+01  0.2290E+01  0.2621E+01  0.3006E+01
  0.3453E+01  0.3963E+01  0.4529E+01  0.5126E+01  0.5715E+01  0.6245E+01
  0.6671E+01  0.6955E+01  0.7081E+01  0.7046E+01  0.6854E+01  0.6495E+01
  0.5958E+01  0.5243E+01  0.4375E+01  0.3199E+01  0.1731E+01  0.1962E+00
  0.2766E-15  0.1273E-01  0.1391E-01  0.1520E-01  0.1663E-01  0.1820E-01
  0.1994E-01  0.2186E-01  0.2398E-01  0.2632E-01  0.2892E-01  0.3180E-01
  0.3498E-01  0.3852E-01  0.4244E-01  0.4679E-01  0.5163E-01  0.5700E-01
  0.6298E-01  0.6963E-01  0.7704E-01  0.8529E-01  0.9449E-01  0.1047E+00
  0.1162E+00  0.1290E+00  0.1433E+00  0.1593E+00  0.1771E+00  0.1971E+00
  0.2195E+00  0.2446E+00  0.2727E+00  0.3043E+00  0.3398E+00  0.3797E+00
  0.4246E+00  0.4752E+00  0.5322E+00  0.5966E+00  0.6694E+00  0.7519E+00
  0.8455E+00  0.9520E+00  0.1073E+01  0.1212E+01  0.1371E+01  0.1554E+01
  0.1764E+01  0.2008E+01  0.2292E+01  0.2623E+01  0.3008E+01  0.3455E+01
  0.3966E+01  0.4532E+01  0.5129E+01  0.5718E+01  0.6248E+01  0.6673E+01
  0.6957E+01  0.7082E+01  0.7047E+01  0.6854E+01  0.6495E+01  0.5958E+01
  0.5243E+01  0.4375E+01  0.3199E+01  0.1731E+01  0.1961E+00  0.2734E-15
  0.1273E-01  0.1391E-01  0.1520E-01  0.1663E-01  0.1820E-01  0.1994E-01
  0.2186E-01  0.2398E-01  0.2633E-01  0.2892E-01  0.3180E-01  0.3498E-01
  0.3852E-01  0.4244E-01  0.4679E-01  0.5162E-01  0.5700E-01  0.6297E-01
  0.6962E-01  0.7703E-01  0.8528E-01  0.9447E-01  0.1047E+00  0.1162E+00
  0.1290E+00  0.1433E+00  0.1592E+00  0.1771E+00  0.1971E+00  0.2195E+00
  0.2446E+00  0.2727E+00  0.3043E+00  0.3399E+00  0.3798E+00  0.4247E+00
  0.4753E+00  0.5324E+00  0.5969E+00  0.6699E+00  0.7525E+00  0.8463E+00
  0.9529E+00  0.1074E+01  0.1213E+01  0.1373E+01  0.1556E+01  0.1767E+01
  0.2011E+01  0.2295E+01  0.2627E+01  0.3013E+01  0.3461E+01  0.3972E+01
  0.4538E+01  0.5136E+01  0.5724E+01  0.6254E+01  0.6677E+01  0.6959E+01
  0.7083E+01  0.7048E+01  0.6855E+01  0.6496E+01  0.5958E+01  0.5243E+01
  0.4375E+01  0.3199E+01  0.1731E+01  0.1961E+00  0.2702E-15  0.1273E-01
  0.1391E-01  0.1520E-01  0.1663E-01  0.1820E-01  0.1994E-01  0.2186E-01
  0.2398E-01  0.2632E-01  0.2892E-01  0.3180E-01  0.3498E-01  0.3851E-01
  0.4243E-01  0.4678E-01  0.5161E-01  0.5699E-01  0.6296E-01  0.6961E-01
  0.7701E-01  0.8526E-01  0.9445E-01  0.1047E+00  0.1162E+00  0.1290E+00
  0.1433E+00  0.1592E+00  0.1771E+00  0.1972E+00  0.2196E+00  0.2447E+00
  0.2730E+00  0.3046E+00  0.3402E+00  0.3803E+00  0.4253E+00  0.4761E+00
  0.5334E+00  0.5981E+00  0.6713E+00  0.7542E+00  0.8483E+00  0.9553E+00
  0.1077E+01  0.1217E+01  0.1376E+01  0.1560E+01  0.1772E+01  0.2017E+01
  0.2302E+01  0.2634E+01  0.3021E+01  0.3470E+01  0.3982E+01  0.4549E+01
  0.5146E+01  0.5733E+01  0.6260E+01  0.6682E+01  0.6962E+01  0.7085E+01
  0.7049E+01  0.6855E+01  0.6496E+01  0.5959E+01  0.5243E+01  0.4375E+01
  0.3199E+01  0.1731E+01  0.1965E+00  0.2667E-15  0.1273E-01  0.1391E-01
  0.1520E-01  0.1663E-01  0.1820E-01  0.1994E-01  0.2186E-01  0.2398E-01
  0.2632E-01  0.2892E-01  0.3179E-01  0.3498E-01  0.3851E-01  0.4242E-01
  0.4677E-01  0.5160E-01  0.5698E-01  0.6295E-01  0.6961E-01  0.7702E-01
  0.8528E-01  0.9449E-01  0.1048E+00  0.1163E+00  0.1291E+00  0.1434E+00
  0.1595E+00  0.1775E+00  0.1976E+00  0.2201E+00  0.2454E+00  0.2737E+00
  0.3056E+00  0.3414E+00  0.3816E+00  0.4269E+00  0.4779E+00  0.5355E+00
  0.6004E+00  0.6739E+00  0.7572E+00  0.8516E+00  0.9590E+00  0.1081E+01
  0.1221E+01  0.1381E+01  0.1565E+01  0.1777E+01  0.2023E+01  0.2308E+01
  0.2640E+01  0.3027E+01  0.3475E+01  0.3985E+01  0.4550E+01  0.5145E+01
  0.5729E+01  0.6255E+01  0.6676E+01  0.6956E+01  0.7080E+01  0.7045E+01
  0.6853E+01  0.6495E+01  0.5958E+01  0.5242E+01  0.4374E+01  0.3198E+01
  0.1730E+01  0.1962E+00  0.2631E-15  0.1273E-01  0.1391E-01  0.1520E-01
  0.1663E-01  0.1820E-01  0.1994E-01  0.2185E-01  0.2397E-01  0.2632E-01
  0.2891E-01  0.3179E-01  0.3497E-01  0.3851E-01  0.4243E-01  0.4679E-01
  0.5164E-01  0.5703E-01  0.6303E-01  0.6972E-01  0.7717E-01  0.8548E-01
  0.9475E-01  0.1051E+00  0.1167E+00  0.1296E+00  0.1440E+00  0.1602E+00
  0.1783E+00  0.1985E+00  0.2212E+00  0.2466E+00  0.2751E+00  0.3071E+00
  0.3430E+00  0.3834E+00  0.4287E+00  0.4798E+00  0.5374E+00  0.6024E+00
  0.6758E+00  0.7588E+00  0.8530E+00  0.9599E+00  0.1082E+01  0.1220E+01
  0.1379E+01  0.1562E+01  0.1772E+01  0.2015E+01  0.2296E+01  0.2624E+01
  0.3006E+01  0.3448E+01  0.3953E+01  0.4513E+01  0.5104E+01  0.5688E+01
  0.6216E+01  0.6643E+01  0.6930E+01  0.7059E+01  0.7029E+01  0.6840E+01
  0.6485E+01  0.5950E+01  0.5237E+01  0.4369E+01  0.3195E+01  0.1729E+01
  0.1975E+00  0.2592E-15  0.1273E-01  0.1391E-01  0.1520E-01  0.1663E-01
  0.1820E-01  0.1994E-01  0.2186E-01  0.2398E-01  0.2633E-01  0.2893E-01
  0.3182E-01  0.3503E-01  0.3859E-01  0.4254E-01  0.4694E-01  0.5183E-01
  0.5728E-01  0.6334E-01  0.7008E-01  0.7760E-01  0.8598E-01  0.9533E-01
  0.1058E+00  0.1174E+00  0.1304E+00  0.1449E+00  0.1611E+00  0.1792E+00
  0.1994E+00  0.2221E+00  0.2474E+00  0.2758E+00  0.3076E+00  0.3432E+00
  0.3832E+00  0.4281E+00  0.4785E+00  0.5353E+00  0.5993E+00  0.6715E+00
  0.7530E+00  0.8453E+00  0.9500E+00  0.1069E+01  0.1205E+01  0.1360E+01
  0.1537E+01  0.1742E+01  0.1978E+01  0.2252E+01  0.2571E+01  0.2942E+01
  0.3373E+01  0.3867E+01  0.4419E+01  0.5007E+01  0.5595E+01  0.6134E+01
  0.6575E+01  0.6878E+01  0.7021E+01  0.7000E+01  0.6817E+01  0.6466E+01
  0.5936E+01  0.5226E+01  0.4361E+01  0.3190E+01  0.1727E+01  0.2005E+00
  0.2549E-15  0.1273E-01  0.1391E-01  0.1520E-01  0.1663E-01  0.1821E-01
  0.1996E-01  0.2190E-01  0.2405E-01  0.2643E-01  0.2907E-01  0.3200E-01
  0.3525E-01  0.3886E-01  0.4286E-01  0.4731E-01  0.5224E-01  0.5773E-01
  0.6382E-01  0.7059E-01  0.7812E-01  0.8650E-01  0.9581E-01  0.1062E+00
  0.1177E+00  0.1306E+00  0.1449E+00  0.1609E+00  0.1787E+00  0.1985E+00
  0.2207E+00  0.2455E+00  0.2731E+00  0.3041E+00  0.3387E+00  0.3776E+00
  0.4211E+00  0.4699E+00  0.5248E+00  0.5866E+00  0.6562E+00  0.7347E+00
  0.8236E+00  0.9242E+00  0.1039E+01  0.1169E+01  0.1317E+01  0.1488E+01
  0.1684E+01  0.1910E+01  0.2173E+01  0.2479E+01  0.2835E+01  0.3251E+01
  0.3730E+01  0.4270E+01  0.4856E+01  0.5451E+01  0.6008E+01  0.6474E+01
  0.6802E+01  0.6966E+01  0.6961E+01  0.6787E+01  0.6442E+01  0.5918E+01
  0.5213E+01  0.4351E+01  0.3184E+01  0.1724E+01  0.2035E+00  0.2499E-15
  0.1273E-01  0.1392E-01  0.1523E-01  0.1669E-01  0.1831E-01  0.2010E-01
  0.2208E-01  0.2426E-01  0.2668E-01  0.2935E-01  0.3230E-01  0.3555E-01
  0.3915E-01  0.4313E-01  0.4752E-01  0.5239E-01  0.5776E-01  0.6372E-01
  0.7031E-01  0.7761E-01  0.8570E-01  0.9468E-01  0.1046E+00  0.1157E+00
  0.1280E+00  0.1417E+00  0.1569E+00  0.1738E+00  0.1926E+00  0.2136E+00
  0.2369E+00  0.2630E+00  0.2922E+00  0.3248E+00  0.3612E+00  0.4020E+00
  0.4477E+00  0.4991E+00  0.5568E+00  0.6217E+00  0.6950E+00  0.7777E+00
  0.8713E+00  0.9776E+00  0.1099E+01  0.1237E+01  0.1395E+01  0.1576E+01
  0.1786E+01  0.2029E+01  0.2312E+01  0.2643E+01  0.3030E+01  0.3481E+01
  0.3998E+01  0.4572E+01  0.5174E+01  0.5758E+01  0.6266E+01  0.6644E+01
  0.6854E+01  0.6882E+01  0.6730E+01  0.6399E+01  0.5885E+01  0.5190E+01
  0.4333E+01  0.3172E+01  0.1719E+01  0.2058E+00  0.2436E-15  0.1272E-01
  0.1395E-01  0.1530E-01  0.1678E-01  0.1839E-01  0.2015E-01  0.2207E-01
  0.2416E-01  0.2645E-01  0.2896E-01  0.3170E-01  0.3471E-01  0.3802E-01
  0.4165E-01  0.4565E-01  0.5005E-01  0.5490E-01  0.6025E-01  0.6615E-01
  0.7267E-01  0.7987E-01  0.8784E-01  0.9666E-01  0.1064E+00  0.1173E+00
  0.1293E+00  0.1426E+00  0.1574E+00  0.1738E+00  0.1921E+00  0.2125E+00
  0.2352E+00  0.2605E+00  0.2887E+00  0.3202E+00  0.3554E+00  0.3948E+00
  0.4390E+00  0.4885E+00  0.5442E+00  0.6070E+00  0.6777E+00  0.7577E+00
  0.8484E+00  0.9514E+00  0.1069E+01  0.1203E+01  0.1358E+01  0.1535E+01
  0.1741E+01  0.1981E+01  0.2262E+01  0.2593E+01  0.2983E+01  0.3440E+01
  0.3970E+01  0.4559E+01  0.5176E+01  0.5761E+01  0.6245E+01  0.6566E+01
  0.6686E+01  0.6596E+01  0.6301E+01  0.5811E+01  0.5134E+01  0.4288E+01
  0.3144E+01  0.1708E+01  0.2086E+00  0.2350E-15  0.1250E-01  0.1342E-01
  0.1441E-01  0.1550E-01  0.1669E-01  0.1799E-01  0.1942E-01  0.2098E-01
  0.2269E-01  0.2457E-01  0.2664E-01  0.2891E-01  0.3140E-01  0.3415E-01
  0.3717E-01  0.4050E-01  0.4418E-01  0.4823E-01  0.5270E-01  0.5765E-01
  0.6312E-01  0.6916E-01  0.7586E-01  0.8327E-01  0.9149E-01  0.1006E+00
  0.1107E+00  0.1220E+00  0.1345E+00  0.1484E+00  0.1639E+00  0.1811E+00
  0.2003E+00  0.2218E+00  0.2457E+00  0.2725E+00  0.3025E+00  0.3362E+00
  0.3739E+00  0.4164E+00  0.4642E+00  0.5181E+00  0.5792E+00  0.6484E+00
  0.7270E+00  0.8167E+00  0.9194E+00  0.1037E+01  0.1173E+01  0.1331E+01
  0.1515E+01  0.1730E+01  0.1984E+01  0.2286E+01  0.2647E+01  0.3079E+01
  0.3591E+01  0.4180E+01  0.4813E+01  0.5425E+01  0.5927E+01  0.6236E+01
  0.6303E+01  0.6115E+01  0.5688E+01  0.5047E+01  0.4225E+01  0.3149E+01
  0.1759E+01  0.4299E+00  0.2210E-15  0.6193E-02  0.6744E-02  0.7349E-02
  0.8014E-02  0.8746E-02  0.9553E-02  0.1044E-01  0.1142E-01  0.1250E-01
  0.1369E-01  0.1501E-01  0.1647E-01  0.1808E-01  0.1986E-01  0.2184E-01
  0.2403E-01  0.2646E-01  0.2915E-01  0.3214E-01  0.3546E-01  0.3915E-01
  0.4326E-01  0.4783E-01  0.5291E-01  0.5858E-01  0.6489E-01  0.7193E-01
  0.7979E-01  0.8856E-01  0.9837E-01  0.1093E+00  0.1216E+00  0.1353E+00
  0.1507E+00  0.1679E+00  0.1872E+00  0.2090E+00  0.2334E+00  0.2609E+00
  0.2919E+00  0.3269E+00  0.3665E+00  0.4114E+00  0.4624E+00  0.5205E+00
  0.5868E+00  0.6627E+00  0.7500E+00  0.8507E+00  0.9675E+00  0.1104E+01
  0.1263E+01  0.1451E+01  0.1674E+01  0.1941E+01  0.2263E+01  0.2655E+01
  0.3131E+01  0.3699E+01  0.4339E+01  0.4981E+01  0.5511E+01  0.5811E+01
  0.5808E+01  0.5481E+01  0.4859E+01  0.3991E+01  0.2927E+01  0.1617E+01
  0.1360E-01
