  0.2210E-15  0.6193E-02  0.6744E-02  0.7349E-02  0.8014E-02  0.8746E-02
  0.9553E-02  0.1044E-01  0.1142E-01  0.1250E-01  0.1369E-01  0.1501E-01
  0.1647E-01  0.1808E-01  0.1986E-01  0.2184E-01  0.2403E-01  0.2645E-01
  0.2915E-01  0.3214E-01  0.3546E-01  0.3915E-01  0.4326E-01  0.4783E-01
  0.5291E-01  0.5858E-01  0.6489E-01  0.7193E-01  0.7979E-01  0.8856E-01
  0.9837E-01  0.1093E+00  0.1216E+00  0.1353E+00  0.1507E+00  0.1679E+00
  0.1872E+00  0.2090E+00  0.2334E+00  0.2609E+00  0.2919E+00  0.3269E+00
  0.3665E+00  0.4114E+00  0.4624E+00  0.5205E+00  0.5868E+00  0.6627E+00
  0.7500E+00  0.8507E+00  0.9675E+00  0.1104E+01  0.1263E+01  0.1451E+01
  0.1677E+01  0.1956E+01  0.2334E+01  0.2951E+01  0.4223E+01  0.7132E+01
  0.1313E+02  0.2268E+02  0.3346E+02  0.4160E+02  0.4460E+02  0.4225E+02
  0.3576E+02  0.2669E+02  0.1651E+02  0.6962E+01  0.1410E-01  0.2350E-15
  0.1250E-01  0.1342E-01  0.1441E-01  0.1550E-01  0.1669E-01  0.1799E-01
  0.1942E-01  0.2098E-01  0.2269E-01  0.2457E-01  0.2664E-01  0.2891E-01
  0.3140E-01  0.3415E-01  0.3717E-01  0.4050E-01  0.4418E-01  0.4823E-01
  0.5270E-01  0.5765E-01  0.6312E-01  0.6916E-01  0.7586E-01  0.8327E-01
  0.9149E-01  0.1006E+00  0.1107E+00  0.1220E+00  0.1345E+00  0.1484E+00
  0.1639E+00  0.1811E+00  0.2003E+00  0.2218E+00  0.2457E+00  0.2725E+00
  0.3025E+00  0.3362E+00  0.3739E+00  0.4164E+00  0.4642E+00  0.5181E+00
  0.5792E+00  0.6484E+00  0.7270E+00  0.8167E+00  0.9194E+00  0.1037E+01
  0.1173E+01  0.1331E+01  0.1516E+01  0.1736E+01  0.2008E+01  0.2375E+01
  0.2952E+01  0.4043E+01  0.6325E+01  0.1092E+02  0.1878E+02  0.2937E+02
  0.4018E+02  0.4823E+02  0.5176E+02  0.5064E+02  0.4564E+02  0.3789E+02
  0.2836E+02  0.1844E+02  0.8839E+01  0.2063E+01  0.2436E-15  0.1272E-01
  0.1395E-01  0.1530E-01  0.1678E-01  0.1839E-01  0.2015E-01  0.2207E-01
  0.2416E-01  0.2645E-01  0.2896E-01  0.3170E-01  0.3471E-01  0.3802E-01
  0.4165E-01  0.4565E-01  0.5005E-01  0.5490E-01  0.6025E-01  0.6615E-01
  0.7267E-01  0.7987E-01  0.8784E-01  0.9666E-01  0.1064E+00  0.1173E+00
  0.1293E+00  0.1426E+00  0.1574E+00  0.1738E+00  0.1921E+00  0.2125E+00
  0.2352E+00  0.2605E+00  0.2887E+00  0.3202E+00  0.3554E+00  0.3948E+00
  0.4390E+00  0.4885E+00  0.5442E+00  0.6070E+00  0.6777E+00  0.7577E+00
  0.8484E+00  0.9515E+00  0.1069E+01  0.1203E+01  0.1358E+01  0.1539E+01
  0.1753E+01  0.2019E+01  0.2378E+01  0.2934E+01  0.3922E+01  0.5840E+01
  0.9538E+01  0.1600E+02  0.2555E+02  0.3692E+02  0.4764E+02  0.5532E+02
  0.5871E+02  0.5768E+02  0.5312E+02  0.4641E+02  0.3835E+02  0.2879E+02
  0.1841E+02  0.8752E+01  0.1106E+00  0.2499E-15  0.1273E-01  0.1392E-01
  0.1523E-01  0.1669E-01  0.1831E-01  0.2010E-01  0.2208E-01  0.2426E-01
  0.2668E-01  0.2935E-01  0.3230E-01  0.3555E-01  0.3915E-01  0.4313E-01
  0.4752E-01  0.5239E-01  0.5776E-01  0.6372E-01  0.7031E-01  0.7761E-01
  0.8570E-01  0.9468E-01  0.1046E+00  0.1157E+00  0.1280E+00  0.1417E+00
  0.1569E+00  0.1738E+00  0.1926E+00  0.2136E+00  0.2369E+00  0.2630E+00
  0.2922E+00  0.3248E+00  0.3612E+00  0.4020E+00  0.4477E+00  0.4991E+00
  0.5568E+00  0.6217E+00  0.6950E+00  0.7777E+00  0.8713E+00  0.9777E+00
  0.1099E+01  0.1237E+01  0.1397E+01  0.1583E+01  0.1808E+01  0.2094E+01
  0.2497E+01  0.3139E+01  0.4291E+01  0.6469E+01  0.1049E+02  0.1723E+02
  0.2691E+02  0.3840E+02  0.4948E+02  0.5796E+02  0.6257E+02  0.6303E+02
  0.5996E+02  0.5453E+02  0.4757E+02  0.3904E+02  0.2887E+02  0.1831E+02
  0.8828E+01  0.3292E-01  0.2549E-15  0.1273E-01  0.1391E-01  0.1520E-01
  0.1663E-01  0.1821E-01  0.1996E-01  0.2190E-01  0.2405E-01  0.2643E-01
  0.2907E-01  0.3200E-01  0.3525E-01  0.3886E-01  0.4286E-01  0.4731E-01
  0.5224E-01  0.5773E-01  0.6382E-01  0.7059E-01  0.7812E-01  0.8650E-01
  0.9581E-01  0.1062E+00  0.1177E+00  0.1306E+00  0.1449E+00  0.1609E+00
  0.1787E+00  0.1985E+00  0.2207E+00  0.2455E+00  0.2731E+00  0.3041E+00
  0.3387E+00  0.3776E+00  0.4211E+00  0.4699E+00  0.5248E+00  0.5866E+00
  0.6562E+00  0.7347E+00  0.8236E+00  0.9243E+00  0.1039E+01  0.1169E+01
  0.1319E+01  0.1493E+01  0.1700E+01  0.1958E+01  0.2306E+01  0.2834E+01
  0.3739E+01  0.5409E+01  0.8513E+01  0.1392E+02  0.2226E+02  0.3312E+02
  0.4480E+02  0.5505E+02  0.6213E+02  0.6526E+02  0.6453E+02  0.6082E+02
  0.5517E+02  0.4801E+02  0.3915E+02  0.2877E+02  0.1908E+02  0.8062E+01
  0.1509E+00  0.2592E-15  0.1273E-01  0.1391E-01  0.1520E-01  0.1663E-01
  0.1820E-01  0.1994E-01  0.2186E-01  0.2398E-01  0.2633E-01  0.2893E-01
  0.3182E-01  0.3503E-01  0.3859E-01  0.4254E-01  0.4694E-01  0.5183E-01
  0.5728E-01  0.6334E-01  0.7008E-01  0.7760E-01  0.8598E-01  0.9533E-01
  0.1058E+00  0.1174E+00  0.1304E+00  0.1449E+00  0.1611E+00  0.1792E+00
  0.1994E+00  0.2221E+00  0.2474E+00  0.2758E+00  0.3076E+00  0.3432E+00
  0.3832E+00  0.4281E+00  0.4785E+00  0.5353E+00  0.5993E+00  0.6715E+00
  0.7530E+00  0.8454E+00  0.9501E+00  0.1069E+01  0.1205E+01  0.1362E+01
  0.1545E+01  0.1766E+01  0.2048E+01  0.2443E+01  0.3069E+01  0.4170E+01
  0.6214E+01  0.9939E+01  0.1619E+02  0.2536E+02  0.3668E+02  0.4824E+02
  0.5789E+02  0.6417E+02  0.6653E+02  0.6525E+02  0.6126E+02  0.5549E+02
  0.4818E+02  0.3915E+02  0.2871E+02  0.1900E+02  0.7998E+01  0.1868E+00
  0.2631E-15  0.1273E-01  0.1391E-01  0.1520E-01  0.1663E-01  0.1820E-01
  0.1994E-01  0.2185E-01  0.2397E-01  0.2632E-01  0.2891E-01  0.3179E-01
  0.3497E-01  0.3851E-01  0.4243E-01  0.4679E-01  0.5164E-01  0.5703E-01
  0.6303E-01  0.6972E-01  0.7717E-01  0.8548E-01  0.9475E-01  0.1051E+00
  0.1167E+00  0.1296E+00  0.1440E+00  0.1602E+00  0.1783E+00  0.1985E+00
  0.2212E+00  0.2466E+00  0.2751E+00  0.3071E+00  0.3430E+00  0.3834E+00
  0.4287E+00  0.4798E+00  0.5374E+00  0.6024E+00  0.6758E+00  0.7588E+00
  0.8530E+00  0.9599E+00  0.1082E+01  0.1221E+01  0.1382E+01  0.1571E+01
  0.1801E+01  0.2100E+01  0.2528E+01  0.3223E+01  0.4469E+01  0.6784E+01
  0.1096E+02  0.1780E+02  0.2754E+02  0.3916E+02  0.5064E+02  0.5991E+02
  0.6568E+02  0.6754E+02  0.6591E+02  0.6173E+02  0.5583E+02  0.4837E+02
  0.3919E+02  0.2869E+02  0.1899E+02  0.8015E+01  0.1947E+00  0.2667E-15
  0.1273E-01  0.1391E-01  0.1520E-01  0.1663E-01  0.1820E-01  0.1994E-01
  0.2186E-01  0.2398E-01  0.2632E-01  0.2892E-01  0.3179E-01  0.3498E-01
  0.3851E-01  0.4242E-01  0.4677E-01  0.5160E-01  0.5698E-01  0.6295E-01
  0.6961E-01  0.7702E-01  0.8528E-01  0.9449E-01  0.1048E+00  0.1163E+00
  0.1291E+00  0.1434E+00  0.1595E+00  0.1775E+00  0.1976E+00  0.2201E+00
  0.2454E+00  0.2737E+00  0.3056E+00  0.3414E+00  0.3816E+00  0.4269E+00
  0.4779E+00  0.5355E+00  0.6004E+00  0.6739E+00  0.7572E+00  0.8516E+00
  0.9591E+00  0.1082E+01  0.1222E+01  0.1384E+01  0.1575E+01  0.1808E+01
  0.2112E+01  0.2551E+01  0.3273E+01  0.4574E+01  0.7003E+01  0.1137E+02
  0.1850E+02  0.2853E+02  0.4035E+02  0.5185E+02  0.6099E+02  0.6653E+02
  0.6816E+02  0.6635E+02  0.6207E+02  0.5609E+02  0.4853E+02  0.3926E+02
  0.2870E+02  0.1899E+02  0.8019E+01  0.1998E+00  0.2702E-15  0.1273E-01
  0.1391E-01  0.1520E-01  0.1663E-01  0.1820E-01  0.1994E-01  0.2186E-01
  0.2398E-01  0.2632E-01  0.2892E-01  0.3180E-01  0.3498E-01  0.3851E-01
  0.4243E-01  0.4678E-01  0.5161E-01  0.5699E-01  0.6296E-01  0.6961E-01
  0.7701E-01  0.8526E-01  0.9445E-01  0.1047E+00  0.1162E+00  0.1290E+00
  0.1433E+00  0.1592E+00  0.1771E+00  0.1972E+00  0.2196E+00  0.2447E+00
  0.2730E+00  0.3046E+00  0.3402E+00  0.3803E+00  0.4253E+00  0.4761E+00
  0.5334E+00  0.5981E+00  0.6713E+00  0.7542E+00  0.8483E+00  0.9553E+00
  0.1077E+01  0.1218E+01  0.1379E+01  0.1570E+01  0.1802E+01  0.2104E+01
  0.2540E+01  0.3256E+01  0.4551E+01  0.6974E+01  0.1135E+02  0.1850E+02
  0.2859E+02  0.4048E+02  0.5205E+02  0.6122E+02  0.6676E+02  0.6835E+02
  0.6649E+02  0.6217E+02  0.5617E+02  0.4858E+02  0.3928E+02  0.2871E+02
  0.1899E+02  0.8019E+01  0.2007E+00  0.2734E-15  0.1273E-01  0.1391E-01
  0.1520E-01  0.1663E-01  0.1820E-01  0.1994E-01  0.2186E-01  0.2398E-01
  0.2633E-01  0.2892E-01  0.3180E-01  0.3498E-01  0.3852E-01  0.4244E-01
  0.4679E-01  0.5162E-01  0.5700E-01  0.6297E-01  0.6962E-01  0.7703E-01
  0.8528E-01  0.9447E-01  0.1047E+00  0.1162E+00  0.1290E+00  0.1433E+00
  0.1592E+00  0.1771E+00  0.1971E+00  0.2195E+00  0.2446E+00  0.2727E+00
  0.3043E+00  0.3399E+00  0.3798E+00  0.4247E+00  0.4753E+00  0.5324E+00
  0.5969E+00  0.6699E+00  0.7525E+00  0.8463E+00  0.9530E+00  0.1075E+01
  0.1214E+01  0.1375E+01  0.1565E+01  0.1796E+01  0.2095E+01  0.2527E+01
  0.3234E+01  0.4509E+01  0.6898E+01  0.1122E+02  0.1832E+02  0.2837E+02
  0.4026E+02  0.5188E+02  0.6112E+02  0.6672E+02  0.6835E+02  0.6651E+02
  0.6218E+02  0.5616E+02  0.4856E+02  0.3927E+02  0.2870E+02  0.1899E+02
  0.8018E+01  0.2007E+00  0.2766E-15  0.1273E-01  0.1391E-01  0.1520E-01
  0.1663E-01  0.1820E-01  0.1994E-01  0.2186E-01  0.2398E-01  0.2632E-01
  0.2892E-01  0.3180E-01  0.3498E-01  0.3852E-01  0.4244E-01  0.4679E-01
  0.5163E-01  0.5700E-01  0.6298E-01  0.6963E-01  0.7704E-01  0.8529E-01
  0.9449E-01  0.1047E+00  0.1162E+00  0.1290E+00  0.1433E+00  0.1593E+00
  0.1771E+00  0.1971E+00  0.2195E+00  0.2446E+00  0.2727E+00  0.3043E+00
  0.3398E+00  0.3797E+00  0.4246E+00  0.4752E+00  0.5322E+00  0.5966E+00
  0.6694E+00  0.7519E+00  0.8456E+00  0.9521E+00  0.1074E+01  0.1213E+01
  0.1374E+01  0.1563E+01  0.1793E+01  0.2091E+01  0.2521E+01  0.3222E+01
  0.4486E+01  0.6855E+01  0.1115E+02  0.1821E+02  0.2822E+02  0.4011E+02
  0.5174E+02  0.6102E+02  0.6666E+02  0.6833E+02  0.6651E+02  0.6219E+02
  0.5617E+02  0.4857E+02  0.3927E+02  0.2870E+02  0.1899E+02  0.8017E+01
  0.2000E+00  0.2796E-15  0.1273E-01  0.1391E-01  0.1520E-01  0.1663E-01
  0.1820E-01  0.1994E-01  0.2186E-01  0.2398E-01  0.2632E-01  0.2892E-01
  0.3180E-01  0.3498E-01  0.3852E-01  0.4244E-01  0.4679E-01  0.5163E-01
  0.5700E-01  0.6298E-01  0.6963E-01  0.7704E-01  0.8529E-01  0.9449E-01
  0.1048E+00  0.1162E+00  0.1290E+00  0.1433E+00  0.1593E+00  0.1771E+00
  0.1971E+00  0.2195E+00  0.2446E+00  0.2728E+00  0.3044E+00  0.3399E+00
  0.3797E+00  0.4246E+00  0.4752E+00  0.5322E+00  0.5966E+00  0.6694E+00
  0.7518E+00  0.8454E+00  0.9518E+00  0.1073E+01  0.1212E+01  0.1373E+01
  0.1562E+01  0.1792E+01  0.2089E+01  0.2518E+01  0.3216E+01  0.4475E+01
  0.6835E+01  0.1111E+02  0.1815E+02  0.2815E+02  0.4003E+02  0.5166E+02
  0.6096E+02  0.6662E+02  0.6831E+02  0.6651E+02  0.6220E+02  0.5618E+02
  0.4858E+02  0.3928E+02  0.2870E+02  0.1899E+02  0.8017E+01  0.1996E+00
  0.2825E-15  0.1273E-01  0.1391E-01  0.1520E-01  0.1663E-01  0.1820E-01
  0.1994E-01  0.2186E-01  0.2398E-01  0.2632E-01  0.2892E-01  0.3180E-01
  0.3498E-01  0.3852E-01  0.4244E-01  0.4679E-01  0.5163E-01  0.5700E-01
  0.6298E-01  0.6963E-01  0.7704E-01  0.8529E-01  0.9449E-01  0.1048E+00
  0.1162E+00  0.1290E+00  0.1433E+00  0.1593E+00  0.1772E+00  0.1972E+00
  0.2196E+00  0.2447E+00  0.2728E+00  0.3044E+00  0.3399E+00  0.3798E+00
  0.4247E+00  0.4752E+00  0.5322E+00  0.5966E+00  0.6694E+00  0.7518E+00
  0.8454E+00  0.9518E+00  0.1073E+01  0.1212E+01  0.1373E+01  0.1562E+01
  0.1791E+01  0.2088E+01  0.2516E+01  0.3213E+01  0.4470E+01  0.6823E+01
  0.1109E+02  0.1812E+02  0.2810E+02  0.3997E+02  0.5161E+02  0.6091E+02
  0.6658E+02  0.6829E+02  0.6649E+02  0.6219E+02  0.5618E+02  0.4858E+02
  0.3928E+02  0.2871E+02  0.1900E+02  0.8017E+01  0.1993E+00  0.2854E-15
  0.1273E-01  0.1391E-01  0.1520E-01  0.1663E-01  0.1820E-01  0.1994E-01
  0.2186E-01  0.2398E-01  0.2632E-01  0.2892E-01  0.3180E-01  0.3498E-01
  0.3852E-01  0.4244E-01  0.4679E-01  0.5163E-01  0.5700E-01  0.6298E-01
  0.6963E-01  0.7704E-01  0.8529E-01  0.9449E-01  0.1048E+00  0.1162E+00
  0.1290E+00  0.1433E+00  0.1593E+00  0.1772E+00  0.1972E+00  0.2196E+00
  0.2447E+00  0.2728E+00  0.3044E+00  0.3399E+00  0.3798E+00  0.4247E+00
  0.4753E+00  0.5323E+00  0.5967E+00  0.6695E+00  0.7519E+00  0.8455E+00
  0.9519E+00  0.1073E+01  0.1212E+01  0.1373E+01  0.1562E+01  0.1791E+01
  0.2088E+01  0.2516E+01  0.3212E+01  0.4468E+01  0.6819E+01  0.1108E+02
  0.1810E+02  0.2807E+02  0.3993E+02  0.5157E+02  0.6087E+02  0.6655E+02
  0.6825E+02  0.6646E+02  0.6216E+02  0.5616E+02  0.4857E+02  0.3928E+02
  0.2871E+02  0.1899E+02  0.8017E+01  0.1995E+00  0.2882E-15  0.1273E-01
  0.1391E-01  0.1520E-01  0.1663E-01  0.1820E-01  0.1994E-01  0.2186E-01
  0.2398E-01  0.2632E-01  0.2892E-01  0.3180E-01  0.3498E-01  0.3852E-01
  0.4244E-01  0.4679E-01  0.5163E-01  0.5700E-01  0.6298E-01  0.6963E-01
  0.7704E-01  0.8529E-01  0.9449E-01  0.1048E+00  0.1162E+00  0.1290E+00
  0.1433E+00  0.1593E+00  0.1772E+00  0.1972E+00  0.2196E+00  0.2447E+00
  0.2728E+00  0.3044E+00  0.3399E+00  0.3798E+00  0.4247E+00  0.4753E+00
  0.5323E+00  0.5967E+00  0.6695E+00  0.7520E+00  0.8455E+00  0.9520E+00
  0.1073E+01  0.1212E+01  0.1373E+01  0.1562E+01  0.1791E+01  0.2089E+01
  0.2516E+01  0.3213E+01  0.4468E+01  0.6820E+01  0.1108E+02  0.1810E+02
  0.2807E+02  0.3993E+02  0.5155E+02  0.6085E+02  0.6653E+02  0.6824E+02
  0.6645E+02  0.6215E+02  0.5615E+02  0.4856E+02  0.3927E+02  0.2870E+02
  0.1899E+02  0.8016E+01  0.1997E+00  0.2909E-15  0.1273E-01  0.1391E-01
  0.1520E-01  0.1663E-01  0.1820E-01  0.1994E-01  0.2186E-01  0.2398E-01
  0.2632E-01  0.2892E-01  0.3180E-01  0.3498E-01  0.3852E-01  0.4244E-01
  0.4679E-01  0.5163E-01  0.5700E-01  0.6298E-01  0.6963E-01  0.7704E-01
  0.8529E-01  0.9449E-01  0.1048E+00  0.1162E+00  0.1290E+00  0.1433E+00
  0.1593E+00  0.1771E+00  0.1972E+00  0.2196E+00  0.2447E+00  0.2728E+00
  0.3044E+00  0.3399E+00  0.3798E+00  0.4247E+00  0.4753E+00  0.5323E+00
  0.5967E+00  0.6695E+00  0.7520E+00  0.8456E+00  0.9520E+00  0.1073E+01
  0.1213E+01  0.1373E+01  0.1562E+01  0.1791E+01  0.2089E+01  0.2517E+01
  0.3214E+01  0.4469E+01  0.6822E+01  0.1109E+02  0.1810E+02  0.2808E+02
  0.3993E+02  0.5156E+02  0.6086E+02  0.6653E+02  0.6824E+02  0.6644E+02
  0.6215E+02  0.5614E+02  0.4856E+02  0.3927E+02  0.2870E+02  0.1899E+02
  0.8016E+01  0.1998E+00  0.2935E-15  0.1273E-01  0.1391E-01  0.1520E-01
  0.1663E-01  0.1820E-01  0.1994E-01  0.2186E-01  0.2398E-01  0.2632E-01
  0.2892E-01  0.3180E-01  0.3498E-01  0.3852E-01  0.4244E-01  0.4679E-01
  0.5163E-01  0.5700E-01  0.6298E-01  0.6963E-01  0.7704E-01  0.8529E-01
  0.9449E-01  0.1048E+00  0.1162E+00  0.1290E+00  0.1433E+00  0.1593E+00
  0.1771E+00  0.1972E+00  0.2196E+00  0.2447E+00  0.2728E+00  0.3044E+00
  0.3399E+00  0.3798E+00  0.4247E+00  0.4753E+00  0.5323E+00  0.5967E+00
  0.6695E+00  0.7520E+00  0.8456E+00  0.9520E+00  0.1073E+01  0.1213E+01
  0.1373E+01  0.1562E+01  0.1791E+01  0.2089E+01  0.2517E+01  0.3214E+01
  0.4470E+01  0.6823E+01  0.1109E+02  0.1811E+02  0.2808E+02  0.3994E+02
  0.5157E+02  0.6086E+02  0.6654E+02  0.6824E+02  0.6645E+02  0.6215E+02
  0.5615E+02  0.4856E+02  0.3927E+02  0.2870E+02  0.1899E+02  0.8016E+01
  0.1997E+00  0.2961E-15  0.1273E-01  0.1391E-01  0.1520E-01  0.1663E-01
  0.1820E-01  0.1994E-01  0.2186E-01  0.2398E-01  0.2632E-01  0.2892E-01
  0.3180E-01  0.3498E-01  0.3852E-01  0.4244E-01  0.4679E-01  0.5163E-01
  0.5700E-01  0.6298E-01  0.6963E-01  0.7704E-01  0.8529E-01  0.9449E-01
  0.1048E+00  0.1162E+00  0.1290E+00  0.1433E+00  0.1593E+00  0.1771E+00
  0.1972E+00  0.2196E+00  0.2447E+00  0.2728E+00  0.3044E+00  0.3399E+00
  0.3798E+00  0.4247E+00  0.4753E+00  0.5323E+00  0.5967E+00  0.6695E+00
  0.7520E+00  0.8456E+00  0.9520E+00  0.1073E+01  0.1213E+01  0.1373E+01
  0.1562E+01  0.1791E+01  0.2089E+01  0.2517E+01  0.3214E+01  0.4470E+01
  0.6823E+01  0.1109E+02  0.1811E+02  0.2808E+02  0.3994E+02  0.5157E+02
  0.6087E+02  0.6654E+02  0.6825E+02  0.6645E+02  0.6215E+02  0.5615E+02
  0.4856E+02  0.3927E+02  0.2870E+02  0.1899E+02  0.8016E+01  0.1997E+00
  0.2986E-15  0.1273E-01  0.1391E-01  0.1520E-01  0.1663E-01  0.1820E-01
  0.1994E-01  0.2186E-01  0.2398E-01  0.2632E-01  0.2892E-01  0.3180E-01
  0.3498E-01  0.3852E-01  0.4244E-01  0.4679E-01  0.5163E-01  0.5700E-01
  0.6298E-01  0.6963E-01  0.7704E-01  0.8529E-01  0.9449E-01  0.1048E+00
  0.1162E+00  0.1290E+00  0.1433E+00  0.1593E+00  0.1771E+00  0.1972E+00
  0.2196E+00  0.2447E+00  0.2728E+00  0.3044E+00  0.3399E+00  0.3798E+00
  0.4247E+00  0.4753E+00  0.5323E+00  0.5967E+00  0.6695E+00  0.7520E+00
  0.8456E+00  0.9520E+00  0.1073E+01  0.1213E+01  0.1373E+01  0.1562E+01
  0.1791E+01  0.2089E+01  0.2517E+01  0.3214E+01  0.4470E+01  0.6823E+01
  0.1109E+02  0.1811E+02  0.2808E+02  0.3994E+02  0.5157E+02  0.6087E+02
  0.6654E+02  0.6825E+02  0.6645E+02  0.6215E+02  0.5615E+02  0.4856E+02
  0.3927E+02  0.2870E+02  0.1899E+02  0.8016E+01  0.1997E+00  0.3010E-15
  0.1273E-01  0.1391E-01  0.1520E-01  0.1663E-01  0.1820E-01  0.1994E-01
  0.2186E-01  0.2398E-01  0.2632E-01  0.2892E-01  0.3180E-01  0.3498E-01
  0.3852E-01  0.4244E-01  0.4679E-01  0.5163E-01  0.5700E-01  0.6298E-01
  0.6963E-01  0.7704E-01  0.8529E-01  0.9449E-01  0.1048E+00  0.1162E+00
  0.1290E+00  0.1433E+00  0.1593E+00  0.1771E+00  0.1972E+00  0.2196E+00
  0.2447E+00  0.2728E+00  0.3044E+00  0.3399E+00  0.3798E+00  0.4247E+00
  0.4753E+00  0.5323E+00  0.5967E+00  0.6695E+00  0.7520E+00  0.8456E+00
  0.9520E+00  0.1073E+01  0.1213E+01  0.1373E+01  0.1562E+01  0.1791E+01
  0.2089E+01  0.2517E+01  0.3214E+01  0.4470E+01  0.6823E+01  0.1109E+02
  0.1811E+02  0.2808E+02  0.3994E+02  0.5157E+02  0.6087E+02  0.6654E+02
  0.6825E+02  0.6645E+02  0.6215E+02  0.5615E+02  0.4856E+02  0.3927E+02
  0.2870E+02  0.1899E+02  0.8016E+01  0.1997E+00  0.3034E-15  0.1273E-01
  0.1391E-01  0.1520E-01  0.1663E-01  0.1820E-01  0.1994E-01  0.2186E-01
  0.2398E-01  0.2632E-01  0.2892E-01  0.3180E-01  0.3498E-01  0.3852E-01
  0.4244E-01  0.4679E-01  0.5163E-01  0.5700E-01  0.6298E-01  0.6963E-01
  0.7704E-01  0.8529E-01  0.9449E-01  0.1048E+00  0.1162E+00  0.1290E+00
  0.1433E+00  0.1593E+00  0.1771E+00  0.1972E+00  0.2196E+00  0.2447E+00
  0.2728E+00  0.3044E+00  0.3399E+00  0.3798E+00  0.4247E+00  0.4753E+00
  0.5323E+00  0.5967E+00  0.6695E+00  0.7520E+00  0.8456E+00  0.9520E+00
  0.1073E+01  0.1213E+01  0.1373E+01  0.1562E+01  0.1791E+01  0.2089E+01
  0.2517E+01  0.3214E+01  0.4470E+01  0.6823E+01  0.1109E+02  0.1811E+02
  0.2808E+02  0.3994E+02  0.5157E+02  0.6087E+02  0.6654E+02  0.6825E+02
  0.6645E+02  0.6215E+02  0.5615E+02  0.4856E+02  0.3927E+02  0.2870E+02
  0.1899E+02  0.8016E+01  0.1997E+00  0.3056E-15  0.1273E-01  0.1391E-01
  0.1520E-01  0.1663E-01  0.1820E-01  0.1994E-01  0.2186E-01  0.2398E-01
  0.2632E-01  0.2892E-01  0.3180E-01  0.3498E-01  0.3852E-01  0.4244E-01
  0.4679E-01  0.5163E-01  0.5700E-01  0.6298E-01  0.6963E-01  0.7704E-01
  0.8529E-01  0.9449E-01  0.1048E+00  0.1162E+00  0.1290E+00  0.1433E+00
  0.1593E+00  0.1771E+00  0.1972E+00  0.2196E+00  0.2447E+00  0.2728E+00
  0.3044E+00  0.3399E+00  0.3798E+00  0.4247E+00  0.4753E+00  0.5323E+00
  0.5967E+00  0.6695E+00  0.7520E+00  0.8456E+00  0.9520E+00  0.1073E+01
  0.1213E+01  0.1373E+01  0.1562E+01  0.1791E+01  0.2089E+01  0.2517E+01
  0.3214E+01  0.4470E+01  0.6823E+01  0.1109E+02  0.1811E+02  0.2808E+02
  0.3994E+02  0.5157E+02  0.6087E+02  0.6654E+02  0.6825E+02  0.6645E+02
  0.6215E+02  0.5615E+02  0.4856E+02  0.3927E+02  0.2870E+02  0.1899E+02
  0.8016E+01  0.1997E+00  0.3079E-15  0.1273E-01  0.1391E-01  0.1520E-01
  0.1663E-01  0.1820E-01  0.1994E-01  0.2186E-01  0.2398E-01  0.2632E-01
  0.2892E-01  0.3180E-01  0.3498E-01  0.3852E-01  0.4244E-01  0.4679E-01
  0.5163E-01  0.5700E-01  0.6298E-01  0.6963E-01  0.7704E-01  0.8529E-01
  0.9449E-01  0.1048E+00  0.1162E+00  0.1290E+00  0.1433E+00  0.1593E+00
  0.1771E+00  0.1972E+00  0.2196E+00  0.2447E+00  0.2728E+00  0.3044E+00
  0.3399E+00  0.3798E+00  0.4247E+00  0.4753E+00  0.5323E+00  0.5967E+00
  0.6695E+00  0.7520E+00  0.8456E+00  0.9520E+00  0.1073E+01  0.1213E+01
  0.1373E+01  0.1562E+01  0.1791E+01  0.2089E+01  0.2517E+01  0.3214E+01
  0.4470E+01  0.6823E+01  0.1109E+02  0.1811E+02  0.2808E+02  0.3994E+02
  0.5157E+02  0.6087E+02  0.6654E+02  0.6825E+02  0.6645E+02  0.6215E+02
  0.5615E+02  0.4856E+02  0.3927E+02  0.2870E+02  0.1899E+02  0.8016E+01
  0.1997E+00  0.3100E-15  0.1273E-01  0.1391E-01  0.1520E-01  0.1663E-01
  0.1820E-01  0.1994E-01  0.2186E-01  0.2398E-01  0.2632E-01  0.2892E-01
  0.3180E-01  0.3498E-01  0.3852E-01  0.4244E-01  0.4679E-01  0.5163E-01
  0.5700E-01  0.6298E-01  0.6963E-01  0.7704E-01  0.8529E-01  0.9449E-01
  0.1048E+00  0.1162E+00  0.1290E+00  0.1433E+00  0.1593E+00  0.1771E+00
  0.1972E+00  0.2196E+00  0.2447E+00  0.2728E+00  0.3044E+00  0.3399E+00
  0.3798E+00  0.4247E+00  0.4753E+00  0.5323E+00  0.5967E+00  0.6695E+00
  0.7520E+00  0.8456E+00  0.9520E+00  0.1073E+01  0.1213E+01  0.1373E+01
  0.1562E+01  0.1791E+01  0.2089E+01  0.2517E+01  0.3214E+01  0.4470E+01
  0.6823E+01  0.1109E+02  0.1811E+02  0.2808E+02  0.3994E+02  0.5157E+02
  0.6087E+02  0.6654E+02  0.6825E+02  0.6645E+02  0.6215E+02  0.5615E+02
  0.4856E+02  0.3927E+02  0.2870E+02  0.1899E+02  0.8016E+01  0.1997E+00
  0.3120E-15  0.1273E-01  0.1391E-01  0.1520E-01  0.1663E-01  0.1820E-01
  0.1994E-01  0.2186E-01  0.2398E-01  0.2632E-01  0.2892E-01  0.3180E-01
  0.3498E-01  0.3852E-01  0.4244E-01  0.4679E-01  0.5163E-01  0.5700E-01
  0.6298E-01  0.6963E-01  0.7704E-01  0.8529E-01  0.9449E-01  0.1048E+00
  0.1162E+00  0.1290E+00  0.1433E+00  0.1593E+00  0.1771E+00  0.1972E+00
  0.2196E+00  0.2447E+00  0.2728E+00  0.3044E+00  0.3399E+00  0.3798E+00
  0.4247E+00  0.4753E+00  0.5323E+00  0.5967E+00  0.6695E+00  0.7520E+00
  0.8456E+00  0.9520E+00  0.1073E+01  0.1213E+01  0.1373E+01  0.1562E+01
  0.1791E+01  0.2089E+01  0.2517E+01  0.3214E+01  0.4470E+01  0.6823E+01
  0.1109E+02  0.1811E+02  0.2808E+02  0.3994E+02  0.5157E+02  0.6087E+02
  0.6654E+02  0.6825E+02  0.6645E+02  0.6215E+02  0.5615E+02  0.4856E+02
  0.3927E+02  0.2870E+02  0.1899E+02  0.8016E+01  0.1997E+00  0.3140E-15
  0.1273E-01  0.1391E-01  0.1520E-01  0.1663E-01  0.1820E-01  0.1994E-01
  0.2186E-01  0.2398E-01  0.2632E-01  0.2892E-01  0.3180E-01  0.3498E-01
  0.3852E-01  0.4244E-01  0.4679E-01  0.5163E-01  0.5700E-01  0.6298E-01
  0.6963E-01  0.7704E-01  0.8529E-01  0.9449E-01  0.1048E+00  0.1162E+00
  0.1290E+00  0.1433E+00  0.1593E+00  0.1771E+00  0.1972E+00  0.2196E+00
  0.2447E+00  0.2728E+00  0.3044E+00  0.3399E+00  0.3798E+00  0.4247E+00
  0.4753E+00  0.5323E+00  0.5967E+00  0.6695E+00  0.7520E+00  0.8456E+00
  0.9520E+00  0.1073E+01  0.1213E+01  0.1373E+01  0.1562E+01  0.1791E+01
  0.2089E+01  0.2517E+01  0.3214E+01  0.4470E+01  0.6823E+01  0.1109E+02
  0.1811E+02  0.2808E+02  0.3994E+02  0.5157E+02  0.6087E+02  0.6654E+02
  0.6825E+02  0.6645E+02  0.6215E+02  0.5615E+02  0.4856E+02  0.3927E+02
  0.2870E+02  0.1899E+02  0.8016E+01  0.1997E+00  0.3159E-15  0.1273E-01
  0.1391E-01  0.1520E-01  0.1663E-01  0.1820E-01  0.1994E-01  0.2186E-01
  0.2398E-01  0.2632E-01  0.2892E-01  0.3180E-01  0.3498E-01  0.3852E-01
  0.4244E-01  0.4679E-01  0.5163E-01  0.5700E-01  0.6298E-01  0.6963E-01
  0.7704E-01  0.8529E-01  0.9449E-01  0.1048E+00  0.1162E+00  0.1290E+00
  0.1433E+00  0.1593E+00  0.1771E+00  0.1972E+00  0.2196E+00  0.2447E+00
  0.2728E+00  0.3044E+00  0.3399E+00  0.3798E+00  0.4247E+00  0.4753E+00
  0.5323E+00  0.5967E+00  0.6695E+00  0.7520E+00  0.8456E+00  0.9520E+00
  0.1073E+01  0.1213E+01  0.1373E+01  0.1562E+01  0.1791E+01  0.2089E+01
  0.2517E+01  0.3214E+01  0.4470E+01  0.6823E+01  0.1109E+02  0.1811E+02
  0.2808E+02  0.3994E+02  0.5157E+02  0.6087E+02  0.6654E+02  0.6825E+02
  0.6645E+02  0.6215E+02  0.5615E+02  0.4856E+02  0.3927E+02  0.2870E+02
  0.1899E+02  0.8016E+01  0.1997E+00  0.3178E-15  0.1273E-01  0.1391E-01
  0.1520E-01  0.1663E-01  0.1820E-01  0.1994E-01  0.2186E-01  0.2398E-01
  0.2632E-01  0.2892E-01  0.3180E-01  0.3498E-01  0.3852E-01  0.4244E-01
  0.4679E-01  0.5163E-01  0.5700E-01  0.6298E-01  0.6963E-01  0.7704E-01
  0.8529E-01  0.9449E-01  0.1048E+00  0.1162E+00  0.1290E+00  0.1433E+00
  0.1593E+00  0.1771E+00  0.1972E+00  0.2196E+00  0.2447E+00  0.2728E+00
  0.3044E+00  0.3399E+00  0.3798E+00  0.4247E+00  0.4753E+00  0.5323E+00
  0.5967E+00  0.6695E+00  0.7520E+00  0.8456E+00  0.9520E+00  0.1073E+01
  0.1213E+01  0.1373E+01  0.1562E+01  0.1791E+01  0.2089E+01  0.2517E+01
  0.3214E+01  0.4470E+01  0.6823E+01  0.1109E+02  0.1811E+02  0.2808E+02
  0.3994E+02  0.5157E+02  0.6087E+02  0.6654E+02  0.6825E+02  0.6645E+02
  0.6215E+02  0.5615E+02  0.4856E+02  0.3927E+02  0.2870E+02  0.1899E+02
  0.8016E+01  0.1997E+00  0.3195E-15  0.1273E-01  0.1391E-01  0.1520E-01
  0.1663E-01  0.1820E-01  0.1994E-01  0.2186E-01  0.2398E-01  0.2632E-01
  0.2892E-01  0.3180E-01  0.3498E-01  0.3852E-01  0.4244E-01  0.4679E-01
  0.5163E-01  0.5700E-01  0.6298E-01  0.6963E-01  0.7704E-01  0.8529E-01
  0.9449E-01  0.1048E+00  0.1162E+00  0.1290E+00  0.1433E+00  0.1593E+00
  0.1771E+00  0.1972E+00  0.2196E+00  0.2447E+00  0.2728E+00  0.3044E+00
  0.3399E+00  0.3798E+00  0.4247E+00  0.4753E+00  0.5323E+00  0.5967E+00
  0.6695E+00  0.7520E+00  0.8456E+00  0.9520E+00  0.1073E+01  0.1213E+01
  0.1373E+01  0.1562E+01  0.1791E+01  0.2089E+01  0.2517E+01  0.3214E+01
  0.4470E+01  0.6823E+01  0.1109E+02  0.1811E+02  0.2808E+02  0.3994E+02
  0.5157E+02  0.6087E+02  0.6654E+02  0.6825E+02  0.6645E+02  0.6215E+02
  0.5615E+02  0.4856E+02  0.3927E+02  0.2870E+02  0.1899E+02  0.8016E+01
  0.1997E+00  0.3212E-15  0.1273E-01  0.1391E-01  0.1520E-01  0.1663E-01
  0.1820E-01  0.1994E-01  0.2186E-01  0.2398E-01  0.2632E-01  0.2892E-01
  0.3180E-01  0.3498E-01  0.3852E-01  0.4244E-01  0.4679E-01  0.5163E-01
  0.5700E-01  0.6298E-01  0.6963E-01  0.7704E-01  0.8529E-01  0.9449E-01
  0.1048E+00  0.1162E+00  0.1290E+00  0.1433E+00  0.1593E+00  0.1771E+00
  0.1972E+00  0.2196E+00  0.2447E+00  0.2728E+00  0.3044E+00  0.3399E+00
  0.3798E+00  0.4247E+00  0.4753E+00  0.5323E+00  0.5967E+00  0.6695E+00
  0.7520E+00  0.8456E+00  0.9520E+00  0.1073E+01  0.1213E+01  0.1373E+01
  0.1562E+01  0.1791E+01  0.2089E+01  0.2517E+01  0.3214E+01  0.4470E+01
  0.6823E+01  0.1109E+02  0.1811E+02  0.2808E+02  0.3994E+02  0.5157E+02
  0.6087E+02  0.6654E+02  0.6825E+02  0.6645E+02  0.6215E+02  0.5615E+02
  0.4856E+02  0.3927E+02  0.2870E+02  0.1899E+02  0.8016E+01  0.1997E+00
  0.3228E-15  0.1273E-01  0.1391E-01  0.1520E-01  0.1663E-01  0.1820E-01
  0.1994E-01  0.2186E-01  0.2398E-01  0.2632E-01  0.2892E-01  0.3180E-01
  0.3498E-01  0.3852E-01  0.4244E-01  0.4679E-01  0.5163E-01  0.5700E-01
  0.6298E-01  0.6963E-01  0.7704E-01  0.8529E-01  0.9449E-01  0.1048E+00
  0.1162E+00  0.1290E+00  0.1433E+00  0.1593E+00  0.1771E+00  0.1972E+00
  0.2196E+00  0.2447E+00  0.2728E+00  0.3044E+00  0.3399E+00  0.3798E+00
  0.4247E+00  0.4753E+00  0.5323E+00  0.5967E+00  0.6695E+00  0.7520E+00
  0.8456E+00  0.9520E+00  0.1073E+01  0.1213E+01  0.1373E+01  0.1562E+01
  0.1791E+01  0.2089E+01  0.2517E+01  0.3214E+01  0.4470E+01  0.6823E+01
  0.1109E+02  0.1811E+02  0.2808E+02  0.3994E+02  0.5157E+02  0.6087E+02
  0.6654E+02  0.6825E+02  0.6645E+02  0.6215E+02  0.5615E+02  0.4856E+02
  0.3927E+02  0.2870E+02  0.1899E+02  0.8016E+01  0.1997E+00  0.3243E-15
  0.1273E-01  0.1391E-01  0.1520E-01  0.1663E-01  0.1820E-01  0.1994E-01
  0.2186E-01  0.2398E-01  0.2632E-01  0.2892E-01  0.3180E-01  0.3498E-01
  0.3852E-01  0.4244E-01  0.4679E-01  0.5163E-01  0.5700E-01  0.6298E-01
  0.6963E-01  0.7704E-01  0.8529E-01  0.9449E-01  0.1048E+00  0.1162E+00
  0.1290E+00  0.1433E+00  0.1593E+00  0.1771E+00  0.1972E+00  0.2196E+00
  0.2447E+00  0.2728E+00  0.3044E+00  0.3399E+00  0.3798E+00  0.4247E+00
  0.4753E+00  0.5323E+00  0.5967E+00  0.6695E+00  0.7520E+00  0.8456E+00
  0.9520E+00  0.1073E+01  0.1213E+01  0.1373E+01  0.1562E+01  0.1791E+01
  0.2089E+01  0.2517E+01  0.3214E+01  0.4470E+01  0.6823E+01  0.1109E+02
  0.1811E+02  0.2808E+02  0.3994E+02  0.5157E+02  0.6087E+02  0.6654E+02
  0.6825E+02  0.6645E+02  0.6215E+02  0.5615E+02  0.4856E+02  0.3927E+02
  0.2870E+02  0.1899E+02  0.8016E+01  0.1997E+00  0.3258E-15  0.1273E-01
  0.1391E-01  0.1520E-01  0.1663E-01  0.1820E-01  0.1994E-01  0.2186E-01
  0.2398E-01  0.2632E-01  0.2892E-01  0.3180E-01  0.3498E-01  0.3852E-01
  0.4244E-01  0.4679E-01  0.5163E-01  0.5700E-01  0.6298E-01  0.6963E-01
  0.7704E-01  0.8529E-01  0.9449E-01  0.1048E+00  0.1162E+00  0.1290E+00
  0.1433E+00  0.1593E+00  0.1771E+00  0.1972E+00  0.2196E+00  0.2447E+00
  0.2728E+00  0.3044E+00  0.3399E+00  0.3798E+00  0.4247E+00  0.4753E+00
  0.5323E+00  0.5967E+00  0.6695E+00  0.7520E+00  0.8456E+00  0.9520E+00
  0.1073E+01  0.1213E+01  0.1373E+01  0.1562E+01  0.1791E+01  0.2089E+01
  0.2517E+01  0.3214E+01  0.4470E+01  0.6823E+01  0.1109E+02  0.1811E+02
  0.2808E+02  0.3994E+02  0.5157E+02  0.6087E+02  0.6654E+02  0.6825E+02
  0.6645E+02  0.6215E+02  0.5615E+02  0.4856E+02  0.3927E+02  0.2870E+02
  0.1899E+02  0.8016E+01  0.1997E+00  0.3271E-15  0.1273E-01  0.1391E-01
  0.1520E-01  0.1663E-01  0.1820E-01  0.1994E-01  0.2186E-01  0.2398E-01
  0.2632E-01  0.2892E-01  0.3180E-01  0.3498E-01  0.3852E-01  0.4244E-01
  0.4679E-01  0.5163E-01  0.5700E-01  0.6298E-01  0.6963E-01  0.7704E-01
  0.8529E-01  0.9449E-01  0.1048E+00  0.1162E+00  0.1290E+00  0.1433E+00
  0.1593E+00  0.1771E+00  0.1972E+00  0.2196E+00  0.2447E+00  0.2728E+00
  0.3044E+00  0.3399E+00  0.3798E+00  0.4247E+00  0.4753E+00  0.5323E+00
  0.5967E+00  0.6695E+00  0.7520E+00  0.8456E+00  0.9520E+00  0.1073E+01
  0.1213E+01  0.1373E+01  0.1562E+01  0.1791E+01  0.2089E+01  0.2517E+01
  0.3214E+01  0.4470E+01  0.6823E+01  0.1109E+02  0.1811E+02  0.2808E+02
  0.3994E+02  0.5157E+02  0.6087E+02  0.6654E+02  0.6825E+02  0.6645E+02
  0.6215E+02  0.5615E+02  0.4856E+02  0.3927E+02  0.2870E+02  0.1899E+02
  0.8016E+01  0.1997E+00  0.3284E-15  0.1273E-01  0.1391E-01  0.1520E-01
  0.1663E-01  0.1820E-01  0.1994E-01  0.2186E-01  0.2398E-01  0.2632E-01
  0.2892E-01  0.3180E-01  0.3498E-01  0.3852E-01  0.4244E-01  0.4679E-01
  0.5163E-01  0.5700E-01  0.6298E-01  0.6963E-01  0.7704E-01  0.8529E-01
  0.9449E-01  0.1048E+00  0.1162E+00  0.1290E+00  0.1433E+00  0.1593E+00
  0.1771E+00  0.1972E+00  0.2196E+00  0.2447E+00  0.2728E+00  0.3044E+00
  0.3399E+00  0.3798E+00  0.4247E+00  0.4753E+00  0.5323E+00  0.5967E+00
  0.6695E+00  0.7520E+00  0.8456E+00  0.9520E+00  0.1073E+01  0.1213E+01
  0.1373E+01  0.1562E+01  0.1791E+01  0.2089E+01  0.2517E+01  0.3214E+01
  0.4470E+01  0.6823E+01  0.1109E+02  0.1811E+02  0.2808E+02  0.3994E+02
  0.5157E+02  0.6087E+02  0.6654E+02  0.6825E+02  0.6645E+02  0.6215E+02
  0.5615E+02  0.4856E+02  0.3927E+02  0.2870E+02  0.1899E+02  0.8016E+01
  0.1997E+00  0.3296E-15  0.1273E-01  0.1391E-01  0.1520E-01  0.1663E-01
  0.1820E-01  0.1994E-01  0.2186E-01  0.2398E-01  0.2632E-01  0.2892E-01
  0.3180E-01  0.3498E-01  0.3852E-01  0.4244E-01  0.4679E-01  0.5163E-01
  0.5700E-01  0.6298E-01  0.6963E-01  0.7704E-01  0.8529E-01  0.9449E-01
  0.1048E+00  0.1162E+00  0.1290E+00  0.1433E+00  0.1593E+00  0.1771E+00
  0.1972E+00  0.2196E+00  0.2447E+00  0.2728E+00  0.3044E+00  0.3399E+00
  0.3798E+00  0.4247E+00  0.4753E+00  0.5323E+00  0.5967E+00  0.6695E+00
  0.7520E+00  0.8456E+00  0.9520E+00  0.1073E+01  0.1213E+01  0.1373E+01
  0.1562E+01  0.1791E+01  0.2089E+01  0.2517E+01  0.3214E+01  0.4470E+01
  0.6823E+01  0.1109E+02  0.1811E+02  0.2808E+02  0.3994E+02  0.5157E+02
  0.6087E+02  0.6654E+02  0.6825E+02  0.6645E+02  0.6215E+02  0.5615E+02
  0.4856E+02  0.3927E+02  0.2870E+02  0.1899E+02  0.8016E+01  0.1997E+00
  0.3307E-15  0.1273E-01  0.1391E-01  0.1520E-01  0.1663E-01  0.1820E-01
  0.1994E-01  0.2186E-01  0.2398E-01  0.2632E-01  0.2892E-01  0.3180E-01
  0.3498E-01  0.3852E-01  0.4244E-01  0.4679E-01  0.5163E-01  0.5700E-01
  0.6298E-01  0.6963E-01  0.7704E-01  0.8529E-01  0.9449E-01  0.1048E+00
  0.1162E+00  0.1290E+00  0.1433E+00  0.1593E+00  0.1771E+00  0.1972E+00
  0.2196E+00  0.2447E+00  0.2728E+00  0.3044E+00  0.3399E+00  0.3798E+00
  0.4247E+00  0.4753E+00  0.5323E+00  0.5967E+00  0.6695E+00  0.7520E+00
  0.8456E+00  0.9520E+00  0.1073E+01  0.1213E+01  0.1373E+01  0.1562E+01
  0.1791E+01  0.2089E+01  0.2517E+01  0.3214E+01  0.4470E+01  0.6823E+01
  0.1109E+02  0.1811E+02  0.2808E+02  0.3994E+02  0.5157E+02  0.6087E+02
  0.6654E+02  0.6825E+02  0.6645E+02  0.6215E+02  0.5615E+02  0.4856E+02
  0.3927E+02  0.2870E+02  0.1899E+02  0.8016E+01  0.1997E+00  0.3318E-15
  0.1273E-01  0.1391E-01  0.1520E-01  0.1663E-01  0.1820E-01  0.1994E-01
  0.2186E-01  0.2398E-01  0.2632E-01  0.2892E-01  0.3180E-01  0.3498E-01
  0.3852E-01  0.4244E-01  0.4679E-01  0.5163E-01  0.5700E-01  0.6298E-01
  0.6963E-01  0.7704E-01  0.8529E-01  0.9449E-01  0.1048E+00  0.1162E+00
  0.1290E+00  0.1433E+00  0.1593E+00  0.1771E+00  0.1972E+00  0.2196E+00
  0.2447E+00  0.2728E+00  0.3044E+00  0.3399E+00  0.3798E+00  0.4247E+00
  0.4753E+00  0.5323E+00  0.5967E+00  0.6695E+00  0.7520E+00  0.8456E+00
  0.9520E+00  0.1073E+01  0.1213E+01  0.1373E+01  0.1562E+01  0.1791E+01
  0.2089E+01  0.2517E+01  0.3214E+01  0.4470E+01  0.6823E+01  0.1109E+02
  0.1811E+02  0.2808E+02  0.3994E+02  0.5157E+02  0.6087E+02  0.6654E+02
  0.6825E+02  0.6645E+02  0.6215E+02  0.5615E+02  0.4856E+02  0.3927E+02
  0.2870E+02  0.1899E+02  0.8016E+01  0.1997E+00  0.3327E-15  0.1273E-01
  0.1391E-01  0.1520E-01  0.1663E-01  0.1820E-01  0.1994E-01  0.2186E-01
  0.2398E-01  0.2632E-01  0.2892E-01  0.3180E-01  0.3498E-01  0.3852E-01
  0.4244E-01  0.4679E-01  0.5163E-01  0.5700E-01  0.6298E-01  0.6963E-01
  0.7704E-01  0.8529E-01  0.9449E-01  0.1048E+00  0.1162E+00  0.1290E+00
  0.1433E+00  0.1593E+00  0.1771E+00  0.1972E+00  0.2196E+00  0.2447E+00
  0.2728E+00  0.3044E+00  0.3399E+00  0.3798E+00  0.4247E+00  0.4753E+00
  0.5323E+00  0.5967E+00  0.6695E+00  0.7520E+00  0.8456E+00  0.9520E+00
  0.1073E+01  0.1213E+01  0.1373E+01  0.1562E+01  0.1791E+01  0.2089E+01
  0.2517E+01  0.3214E+01  0.4470E+01  0.6823E+01  0.1109E+02  0.1811E+02
  0.2808E+02  0.3994E+02  0.5157E+02  0.6087E+02  0.6654E+02  0.6825E+02
  0.6645E+02  0.6215E+02  0.5615E+02  0.4856E+02  0.3927E+02  0.2870E+02
  0.1899E+02  0.8016E+01  0.1997E+00  0.3336E-15  0.1273E-01  0.1391E-01
  0.1520E-01  0.1663E-01  0.1820E-01  0.1994E-01  0.2186E-01  0.2398E-01
  0.2632E-01  0.2892E-01  0.3180E-01  0.3498E-01  0.3852E-01  0.4244E-01
  0.4679E-01  0.5163E-01  0.5700E-01  0.6298E-01  0.6963E-01  0.7704E-01
  0.8529E-01  0.9449E-01  0.1048E+00  0.1162E+00  0.1290E+00  0.1433E+00
  0.1593E+00  0.1771E+00  0.1972E+00  0.2196E+00  0.2447E+00  0.2728E+00
  0.3044E+00  0.3399E+00  0.3798E+00  0.4247E+00  0.4753E+00  0.5323E+00
  0.5967E+00  0.6695E+00  0.7520E+00  0.8456E+00  0.9520E+00  0.1073E+01
  0.1213E+01  0.1373E+01  0.1562E+01  0.1791E+01  0.2089E+01  0.2517E+01
  0.3214E+01  0.4470E+01  0.6823E+01  0.1109E+02  0.1811E+02  0.2808E+02
  0.3994E+02  0.5157E+02  0.6087E+02  0.6654E+02  0.6825E+02  0.6645E+02
  0.6215E+02  0.5615E+02  0.4856E+02  0.3927E+02  0.2870E+02  0.1899E+02
  0.8016E+01  0.1997E+00  0.3344E-15  0.1273E-01  0.1391E-01  0.1520E-01
  0.1663E-01  0.1820E-01  0.1994E-01  0.2186E-01  0.2398E-01  0.2632E-01
  0.2892E-01  0.3180E-01  0.3498E-01  0.3852E-01  0.4244E-01  0.4679E-01
  0.5163E-01  0.5700E-01  0.6298E-01  0.6963E-01  0.7704E-01  0.8529E-01
  0.9449E-01  0.1048E+00  0.1162E+00  0.1290E+00  0.1433E+00  0.1593E+00
  0.1771E+00  0.1972E+00  0.2196E+00  0.2447E+00  0.2728E+00  0.3044E+00
  0.3399E+00  0.3798E+00  0.4247E+00  0.4753E+00  0.5323E+00  0.5967E+00
  0.6695E+00  0.7520E+00  0.8456E+00  0.9520E+00  0.1073E+01  0.1213E+01
  0.1373E+01  0.1562E+01  0.1791E+01  0.2089E+01  0.2517E+01  0.3214E+01
  0.4470E+01  0.6823E+01  0.1109E+02  0.1811E+02  0.2808E+02  0.3994E+02
  0.5157E+02  0.6087E+02  0.6654E+02  0.6825E+02  0.6645E+02  0.6215E+02
  0.5615E+02  0.4856E+02  0.3927E+02  0.2870E+02  0.1899E+02  0.8016E+01
  0.1997E+00  0.3352E-15  0.1273E-01  0.1391E-01  0.1520E-01  0.1663E-01
  0.1820E-01  0.1994E-01  0.2186E-01  0.2398E-01  0.2632E-01  0.2892E-01
  0.3180E-01  0.3498E-01  0.3852E-01  0.4244E-01  0.4679E-01  0.5163E-01
  0.5700E-01  0.6298E-01  0.6963E-01  0.7704E-01  0.8529E-01  0.9449E-01
  0.1048E+00  0.1162E+00  0.1290E+00  0.1433E+00  0.1593E+00  0.1771E+00
  0.1972E+00  0.2196E+00  0.2447E+00  0.2728E+00  0.3044E+00  0.3399E+00
  0.3798E+00  0.4247E+00  0.4753E+00  0.5323E+00  0.5967E+00  0.6695E+00
  0.7520E+00  0.8456E+00  0.9520E+00  0.1073E+01  0.1213E+01  0.1373E+01
  0.1562E+01  0.1791E+01  0.2089E+01  0.2517E+01  0.3214E+01  0.4470E+01
  0.6823E+01  0.1109E+02  0.1811E+02  0.2808E+02  0.3994E+02  0.5157E+02
  0.6087E+02  0.6654E+02  0.6825E+02  0.6645E+02  0.6215E+02  0.5615E+02
  0.4856E+02  0.3927E+02  0.2870E+02  0.1899E+02  0.8016E+01  0.1997E+00
  0.3358E-15  0.1273E-01  0.1391E-01  0.1520E-01  0.1663E-01  0.1820E-01
  0.1994E-01  0.2186E-01  0.2398E-01  0.2632E-01  0.2892E-01  0.3180E-01
  0.3498E-01  0.3852E-01  0.4244E-01  0.4679E-01  0.5163E-01  0.5700E-01
  0.6298E-01  0.6963E-01  0.7704E-01  0.8529E-01  0.9449E-01  0.1048E+00
  0.1162E+00  0.1290E+00  0.1433E+00  0.1593E+00  0.1771E+00  0.1972E+00
  0.2196E+00  0.2447E+00  0.2728E+00  0.3044E+00  0.3399E+00  0.3798E+00
  0.4247E+00  0.4753E+00  0.5323E+00  0.5967E+00  0.6695E+00  0.7520E+00
  0.8456E+00  0.9520E+00  0.1073E+01  0.1213E+01  0.1373E+01  0.1562E+01
  0.1791E+01  0.2089E+01  0.2517E+01  0.3214E+01  0.4470E+01  0.6823E+01
  0.1109E+02  0.1811E+02  0.2808E+02  0.3994E+02  0.5157E+02  0.6087E+02
  0.6654E+02  0.6825E+02  0.6645E+02  0.6215E+02  0.5615E+02  0.4856E+02
  0.3927E+02  0.2870E+02  0.1899E+02  0.8016E+01  0.1997E+00  0.3364E-15
  0.1273E-01  0.1391E-01  0.1520E-01  0.1663E-01  0.1820E-01  0.1994E-01
  0.2186E-01  0.2398E-01  0.2632E-01  0.2892E-01  0.3180E-01  0.3498E-01
  0.3852E-01  0.4244E-01  0.4679E-01  0.5163E-01  0.5700E-01  0.6298E-01
  0.6963E-01  0.7704E-01  0.8529E-01  0.9449E-01  0.1048E+00  0.1162E+00
  0.1290E+00  0.1433E+00  0.1593E+00  0.1771E+00  0.1972E+00  0.2196E+00
  0.2447E+00  0.2728E+00  0.3044E+00  0.3399E+00  0.3798E+00  0.4247E+00
  0.4753E+00  0.5323E+00  0.5967E+00  0.6695E+00  0.7520E+00  0.8456E+00
  0.9520E+00  0.1073E+01  0.1213E+01  0.1373E+01  0.1562E+01  0.1791E+01
  0.2089E+01  0.2517E+01  0.3214E+01  0.4470E+01  0.6823E+01  0.1109E+02
  0.1811E+02  0.2808E+02  0.3994E+02  0.5157E+02  0.6087E+02  0.6654E+02
  0.6825E+02  0.6645E+02  0.6215E+02  0.5615E+02  0.4856E+02  0.3927E+02
  0.2870E+02  0.1899E+02  0.8016E+01  0.1997E+00  0.3369E-15  0.1273E-01
  0.1391E-01  0.1520E-01  0.1663E-01  0.1820E-01  0.1994E-01  0.2186E-01
  0.2398E-01  0.2632E-01  0.2892E-01  0.3180E-01  0.3498E-01  0.3852E-01
  0.4244E-01  0.4679E-01  0.5163E-01  0.5700E-01  0.6298E-01  0.6963E-01
  0.7704E-01  0.8529E-01  0.9449E-01  0.1048E+00  0.1162E+00  0.1290E+00
  0.1433E+00  0.1593E+00  0.1771E+00  0.1972E+00  0.2196E+00  0.2447E+00
  0.2728E+00  0.3044E+00  0.3399E+00  0.3798E+00  0.4247E+00  0.4753E+00
  0.5323E+00  0.5967E+00  0.6695E+00  0.7520E+00  0.8456E+00  0.9520E+00
  0.1073E+01  0.1213E+01  0.1373E+01  0.1562E+01  0.1791E+01  0.2089E+01
  0.2517E+01  0.3214E+01  0.4470E+01  0.6823E+01  0.1109E+02  0.1811E+02
  0.2808E+02  0.3994E+02  0.5157E+02  0.6087E+02  0.6654E+02  0.6825E+02
  0.6645E+02  0.6215E+02  0.5615E+02  0.4856E+02  0.3927E+02  0.2870E+02
  0.1899E+02  0.8016E+01  0.1997E+00  0.3373E-15  0.1273E-01  0.1391E-01
  0.1520E-01  0.1663E-01  0.1820E-01  0.1994E-01  0.2186E-01  0.2398E-01
  0.2632E-01  0.2892E-01  0.3180E-01  0.3498E-01  0.3852E-01  0.4244E-01
  0.4679E-01  0.5163E-01  0.5700E-01  0.6298E-01  0.6963E-01  0.7704E-01
  0.8529E-01  0.9449E-01  0.1048E+00  0.1162E+00  0.1290E+00  0.1433E+00
  0.1593E+00  0.1771E+00  0.1972E+00  0.2196E+00  0.2447E+00  0.2728E+00
  0.3044E+00  0.3399E+00  0.3798E+00  0.4247E+00  0.4753E+00  0.5323E+00
  0.5967E+00  0.6695E+00  0.7520E+00  0.8456E+00  0.9520E+00  0.1073E+01
  0.1213E+01  0.1373E+01  0.1562E+01  0.1791E+01  0.2089E+01  0.2517E+01
  0.3214E+01  0.4470E+01  0.6823E+01  0.1109E+02  0.1811E+02  0.2808E+02
  0.3994E+02  0.5157E+02  0.6087E+02  0.6654E+02  0.6825E+02  0.6645E+02
  0.6215E+02  0.5615E+02  0.4856E+02  0.3927E+02  0.2870E+02  0.1899E+02
  0.8016E+01  0.1997E+00  0.3376E-15  0.1273E-01  0.1391E-01  0.1520E-01
  0.1663E-01  0.1820E-01  0.1994E-01  0.2186E-01  0.2398E-01  0.2632E-01
  0.2892E-01  0.3180E-01  0.3498E-01  0.3852E-01  0.4244E-01  0.4679E-01
  0.5163E-01  0.5700E-01  0.6298E-01  0.6963E-01  0.7704E-01  0.8529E-01
  0.9449E-01  0.1048E+00  0.1162E+00  0.1290E+00  0.1433E+00  0.1593E+00
  0.1771E+00  0.1972E+00  0.2196E+00  0.2447E+00  0.2728E+00  0.3044E+00
  0.3399E+00  0.3798E+00  0.4247E+00  0.4753E+00  0.5323E+00  0.5967E+00
  0.6695E+00  0.7520E+00  0.8456E+00  0.9520E+00  0.1073E+01  0.1213E+01
  0.1373E+01  0.1562E+01  0.1791E+01  0.2089E+01  0.2517E+01  0.3214E+01
  0.4470E+01  0.6823E+01  0.1109E+02  0.1811E+02  0.2808E+02  0.3994E+02
  0.5157E+02  0.6087E+02  0.6654E+02  0.6825E+02  0.6645E+02  0.6215E+02
  0.5615E+02  0.4856E+02  0.3927E+02  0.2870E+02  0.1899E+02  0.8016E+01
  0.1997E+00  0.3379E-15  0.1273E-01  0.1391E-01  0.1520E-01  0.1663E-01
  0.1820E-01  0.1994E-01  0.2186E-01  0.2398E-01  0.2632E-01  0.2892E-01
  0.3180E-01  0.3498E-01  0.3852E-01  0.4244E-01  0.4679E-01  0.5163E-01
  0.5700E-01  0.6298E-01  0.6963E-01  0.7704E-01  0.8529E-01  0.9449E-01
  0.1048E+00  0.1162E+00  0.1290E+00  0.1433E+00  0.1593E+00  0.1771E+00
  0.1972E+00  0.2196E+00  0.2447E+00  0.2728E+00  0.3044E+00  0.3399E+00
  0.3798E+00  0.4247E+00  0.4753E+00  0.5323E+00  0.5967E+00  0.6695E+00
  0.7520E+00  0.8456E+00  0.9520E+00  0.1073E+01  0.1213E+01  0.1373E+01
  0.1562E+01  0.1791E+01  0.2089E+01  0.2517E+01  0.3214E+01  0.4470E+01
  0.6823E+01  0.1109E+02  0.1811E+02  0.2808E+02  0.3994E+02  0.5157E+02
  0.6087E+02  0.6654E+02  0.6825E+02  0.6645E+02  0.6215E+02  0.5615E+02
  0.4856E+02  0.3927E+02  0.2870E+02  0.1899E+02  0.8016E+01  0.1997E+00
  0.3381E-15  0.1273E-01  0.1391E-01  0.1520E-01  0.1663E-01  0.1820E-01
  0.1994E-01  0.2186E-01  0.2398E-01  0.2632E-01  0.2892E-01  0.3180E-01
  0.3498E-01  0.3852E-01  0.4244E-01  0.4679E-01  0.5163E-01  0.5700E-01
  0.6298E-01  0.6963E-01  0.7704E-01  0.8529E-01  0.9449E-01  0.1048E+00
  0.1162E+00  0.1290E+00  0.1433E+00  0.1593E+00  0.1771E+00  0.1972E+00
  0.2196E+00  0.2447E+00  0.2728E+00  0.3044E+00  0.3399E+00  0.3798E+00
  0.4247E+00  0.4753E+00  0.5323E+00  0.5967E+00  0.6695E+00  0.7520E+00
  0.8456E+00  0.9520E+00  0.1073E+01  0.1213E+01  0.1373E+01  0.1562E+01
  0.1791E+01  0.2089E+01  0.2517E+01  0.3214E+01  0.4470E+01  0.6823E+01
  0.1109E+02  0.1811E+02  0.2808E+02  0.3994E+02  0.5157E+02  0.6087E+02
  0.6654E+02  0.6825E+02  0.6645E+02  0.6215E+02  0.5615E+02  0.4856E+02
  0.3927E+02  0.2870E+02  0.1899E+02  0.8016E+01  0.1997E+00  0.3382E-15
  0.1273E-01  0.1391E-01  0.1520E-01  0.1663E-01  0.1820E-01  0.1994E-01
  0.2186E-01  0.2398E-01  0.2632E-01  0.2892E-01  0.3180E-01  0.3498E-01
  0.3852E-01  0.4244E-01  0.4679E-01  0.5163E-01  0.5700E-01  0.6298E-01
  0.6963E-01  0.7704E-01  0.8529E-01  0.9449E-01  0.1048E+00  0.1162E+00
  0.1290E+00  0.1433E+00  0.1593E+00  0.1771E+00  0.1972E+00  0.2196E+00
  0.2447E+00  0.2728E+00  0.3044E+00  0.3399E+00  0.3798E+00  0.4247E+00
  0.4753E+00  0.5323E+00  0.5967E+00  0.6695E+00  0.7520E+00  0.8456E+00
  0.9520E+00  0.1073E+01  0.1213E+01  0.1373E+01  0.1562E+01  0.1791E+01
  0.2089E+01  0.2517E+01  0.3214E+01  0.4470E+01  0.6823E+01  0.1109E+02
  0.1811E+02  0.2808E+02  0.3994E+02  0.5157E+02  0.6087E+02  0.6654E+02
  0.6825E+02  0.6645E+02  0.6215E+02  0.5615E+02  0.4856E+02  0.3927E+02
  0.2870E+02  0.1899E+02  0.8016E+01  0.1997E+00  0.3382E-15  0.1273E-01
  0.1391E-01  0.1520E-01  0.1663E-01  0.1820E-01  0.1994E-01  0.2186E-01
  0.2398E-01  0.2632E-01  0.2892E-01  0.3180E-01  0.3498E-01  0.3852E-01
  0.4244E-01  0.4679E-01  0.5163E-01  0.5700E-01  0.6298E-01  0.6963E-01
  0.7704E-01  0.8529E-01  0.9449E-01  0.1048E+00  0.1162E+00  0.1290E+00
  0.1433E+00  0.1593E+00  0.1771E+00  0.1972E+00  0.2196E+00  0.2447E+00
  0.2728E+00  0.3044E+00  0.3399E+00  0.3798E+00  0.4247E+00  0.4753E+00
  0.5323E+00  0.5967E+00  0.6695E+00  0.7520E+00  0.8456E+00  0.9520E+00
  0.1073E+01  0.1213E+01  0.1373E+01  0.1562E+01  0.1791E+01  0.2089E+01
  0.2517E+01  0.3214E+01  0.4470E+01  0.6823E+01  0.1109E+02  0.1811E+02
  0.2808E+02  0.3994E+02  0.5157E+02  0.6087E+02  0.6654E+02  0.6825E+02
  0.6645E+02  0.6215E+02  0.5615E+02  0.4856E+02  0.3927E+02  0.2870E+02
  0.1899E+02  0.8016E+01  0.1997E+00  0.3382E-15  0.1273E-01  0.1391E-01
  0.1520E-01  0.1663E-01  0.1820E-01  0.1994E-01  0.2186E-01  0.2398E-01
  0.2632E-01  0.2892E-01  0.3180E-01  0.3498E-01  0.3852E-01  0.4244E-01
  0.4679E-01  0.5163E-01  0.5700E-01  0.6298E-01  0.6963E-01  0.7704E-01
  0.8529E-01  0.9449E-01  0.1048E+00  0.1162E+00  0.1290E+00  0.1433E+00
  0.1593E+00  0.1771E+00  0.1972E+00  0.2196E+00  0.2447E+00  0.2728E+00
  0.3044E+00  0.3399E+00  0.3798E+00  0.4247E+00  0.4753E+00  0.5323E+00
  0.5967E+00  0.6695E+00  0.7520E+00  0.8456E+00  0.9520E+00  0.1073E+01
  0.1213E+01  0.1373E+01  0.1562E+01  0.1791E+01  0.2089E+01  0.2517E+01
  0.3214E+01  0.4470E+01  0.6823E+01  0.1109E+02  0.1811E+02  0.2808E+02
  0.3994E+02  0.5157E+02  0.6087E+02  0.6654E+02  0.6825E+02  0.6645E+02
  0.6215E+02  0.5615E+02  0.4856E+02  0.3927E+02  0.2870E+02  0.1899E+02
  0.8016E+01  0.1997E+00  0.3381E-15  0.1273E-01  0.1391E-01  0.1520E-01
  0.1663E-01  0.1820E-01  0.1994E-01  0.2186E-01  0.2398E-01  0.2632E-01
  0.2892E-01  0.3180E-01  0.3498E-01  0.3852E-01  0.4244E-01  0.4679E-01
  0.5163E-01  0.5700E-01  0.6298E-01  0.6963E-01  0.7704E-01  0.8529E-01
  0.9449E-01  0.1048E+00  0.1162E+00  0.1290E+00  0.1433E+00  0.1593E+00
  0.1771E+00  0.1972E+00  0.2196E+00  0.2447E+00  0.2728E+00  0.3044E+00
  0.3399E+00  0.3798E+00  0.4247E+00  0.4753E+00  0.5323E+00  0.5967E+00
  0.6695E+00  0.7520E+00  0.8456E+00  0.9520E+00  0.1073E+01  0.1213E+01
  0.1373E+01  0.1562E+01  0.1791E+01  0.2089E+01  0.2517E+01  0.3214E+01
  0.4470E+01  0.6823E+01  0.1109E+02  0.1811E+02  0.2808E+02  0.3994E+02
  0.5157E+02  0.6087E+02  0.6654E+02  0.6825E+02  0.6645E+02  0.6215E+02
  0.5615E+02  0.4856E+02  0.3927E+02  0.2870E+02  0.1899E+02  0.8016E+01
  0.1997E+00  0.3379E-15  0.1273E-01  0.1391E-01  0.1520E-01  0.1663E-01
  0.1820E-01  0.1994E-01  0.2186E-01  0.2398E-01  0.2632E-01  0.2892E-01
  0.3180E-01  0.3498E-01  0.3852E-01  0.4244E-01  0.4679E-01  0.5163E-01
  0.5700E-01  0.6298E-01  0.6963E-01  0.7704E-01  0.8529E-01  0.9449E-01
  0.1048E+00  0.1162E+00  0.1290E+00  0.1433E+00  0.1593E+00  0.1771E+00
  0.1972E+00  0.2196E+00  0.2447E+00  0.2728E+00  0.3044E+00  0.3399E+00
  0.3798E+00  0.4247E+00  0.4753E+00  0.5323E+00  0.5967E+00  0.6695E+00
  0.7520E+00  0.8456E+00  0.9520E+00  0.1073E+01  0.1213E+01  0.1373E+01
  0.1562E+01  0.1791E+01  0.2089E+01  0.2517E+01  0.3214E+01  0.4470E+01
  0.6823E+01  0.1109E+02  0.1811E+02  0.2808E+02  0.3994E+02  0.5157E+02
  0.6087E+02  0.6654E+02  0.6825E+02  0.6645E+02  0.6215E+02  0.5615E+02
  0.4856E+02  0.3927E+02  0.2870E+02  0.1899E+02  0.8016E+01  0.1997E+00
  0.3376E-15  0.1273E-01  0.1391E-01  0.1520E-01  0.1663E-01  0.1820E-01
  0.1994E-01  0.2186E-01  0.2398E-01  0.2632E-01  0.2892E-01  0.3180E-01
  0.3498E-01  0.3852E-01  0.4244E-01  0.4679E-01  0.5163E-01  0.5700E-01
  0.6298E-01  0.6963E-01  0.7704E-01  0.8529E-01  0.9449E-01  0.1048E+00
  0.1162E+00  0.1290E+00  0.1433E+00  0.1593E+00  0.1771E+00  0.1972E+00
  0.2196E+00  0.2447E+00  0.2728E+00  0.3044E+00  0.3399E+00  0.3798E+00
  0.4247E+00  0.4753E+00  0.5323E+00  0.5967E+00  0.6695E+00  0.7520E+00
  0.8456E+00  0.9520E+00  0.1073E+01  0.1213E+01  0.1373E+01  0.1562E+01
  0.1791E+01  0.2089E+01  0.2517E+01  0.3214E+01  0.4470E+01  0.6823E+01
  0.1109E+02  0.1811E+02  0.2808E+02  0.3994E+02  0.5157E+02  0.6087E+02
  0.6654E+02  0.6825E+02  0.6645E+02  0.6215E+02  0.5615E+02  0.4856E+02
  0.3927E+02  0.2870E+02  0.1899E+02  0.8016E+01  0.1997E+00  0.3373E-15
  0.1273E-01  0.1391E-01  0.1520E-01  0.1663E-01  0.1820E-01  0.1994E-01
  0.2186E-01  0.2398E-01  0.2632E-01  0.2892E-01  0.3180E-01  0.3498E-01
  0.3852E-01  0.4244E-01  0.4679E-01  0.5163E-01  0.5700E-01  0.6298E-01
  0.6963E-01  0.7704E-01  0.8529E-01  0.9449E-01  0.1048E+00  0.1162E+00
  0.1290E+00  0.1433E+00  0.1593E+00  0.1771E+00  0.1972E+00  0.2196E+00
  0.2447E+00  0.2728E+00  0.3044E+00  0.3399E+00  0.3798E+00  0.4247E+00
  0.4753E+00  0.5323E+00  0.5967E+00  0.6695E+00  0.7520E+00  0.8456E+00
  0.9520E+00  0.1073E+01  0.1213E+01  0.1373E+01  0.1562E+01  0.1791E+01
  0.2089E+01  0.2517E+01  0.3214E+01  0.4470E+01  0.6823E+01  0.1109E+02
  0.1811E+02  0.2808E+02  0.3994E+02  0.5157E+02  0.6087E+02  0.6654E+02
  0.6825E+02  0.6645E+02  0.6215E+02  0.5615E+02  0.4856E+02  0.3927E+02
  0.2870E+02  0.1899E+02  0.8016E+01  0.1997E+00  0.3369E-15  0.1273E-01
  0.1391E-01  0.1520E-01  0.1663E-01  0.1820E-01  0.1994E-01  0.2186E-01
  0.2398E-01  0.2632E-01  0.2892E-01  0.3180E-01  0.3498E-01  0.3852E-01
  0.4244E-01  0.4679E-01  0.5163E-01  0.5700E-01  0.6298E-01  0.6963E-01
  0.7704E-01  0.8529E-01  0.9449E-01  0.1048E+00  0.1162E+00  0.1290E+00
  0.1433E+00  0.1593E+00  0.1771E+00  0.1972E+00  0.2196E+00  0.2447E+00
  0.2728E+00  0.3044E+00  0.3399E+00  0.3798E+00  0.4247E+00  0.4753E+00
  0.5323E+00  0.5967E+00  0.6695E+00  0.7520E+00  0.8456E+00  0.9520E+00
  0.1073E+01  0.1213E+01  0.1373E+01  0.1562E+01  0.1791E+01  0.2089E+01
  0.2517E+01  0.3214E+01  0.4470E+01  0.6823E+01  0.1109E+02  0.1811E+02
  0.2808E+02  0.3994E+02  0.5157E+02  0.6087E+02  0.6654E+02  0.6825E+02
  0.6645E+02  0.6215E+02  0.5615E+02  0.4856E+02  0.3927E+02  0.2870E+02
  0.1899E+02  0.8016E+01  0.1997E+00  0.3364E-15  0.1273E-01  0.1391E-01
  0.1520E-01  0.1663E-01  0.1820E-01  0.1994E-01  0.2186E-01  0.2398E-01
  0.2632E-01  0.2892E-01  0.3180E-01  0.3498E-01  0.3852E-01  0.4244E-01
  0.4679E-01  0.5163E-01  0.5700E-01  0.6298E-01  0.6963E-01  0.7704E-01
  0.8529E-01  0.9449E-01  0.1048E+00  0.1162E+00  0.1290E+00  0.1433E+00
  0.1593E+00  0.1771E+00  0.1972E+00  0.2196E+00  0.2447E+00  0.2728E+00
  0.3044E+00  0.3399E+00  0.3798E+00  0.4247E+00  0.4753E+00  0.5323E+00
  0.5967E+00  0.6695E+00  0.7520E+00  0.8456E+00  0.9520E+00  0.1073E+01
  0.1213E+01  0.1373E+01  0.1562E+01  0.1791E+01  0.2089E+01  0.2517E+01
  0.3214E+01  0.4470E+01  0.6823E+01  0.1109E+02  0.1811E+02  0.2808E+02
  0.3994E+02  0.5157E+02  0.6087E+02  0.6654E+02  0.6825E+02  0.6645E+02
  0.6215E+02  0.5615E+02  0.4856E+02  0.3927E+02  0.2870E+02  0.1899E+02
  0.8016E+01  0.1997E+00  0.3358E-15  0.1273E-01  0.1391E-01  0.1520E-01
  0.1663E-01  0.1820E-01  0.1994E-01  0.2186E-01  0.2398E-01  0.2632E-01
  0.2892E-01  0.3180E-01  0.3498E-01  0.3852E-01  0.4244E-01  0.4679E-01
  0.5163E-01  0.5700E-01  0.6298E-01  0.6963E-01  0.7704E-01  0.8529E-01
  0.9449E-01  0.1048E+00  0.1162E+00  0.1290E+00  0.1433E+00  0.1593E+00
  0.1771E+00  0.1972E+00  0.2196E+00  0.2447E+00  0.2728E+00  0.3044E+00
  0.3399E+00  0.3798E+00  0.4247E+00  0.4753E+00  0.5323E+00  0.5967E+00
  0.6695E+00  0.7520E+00  0.8456E+00  0.9520E+00  0.1073E+01  0.1213E+01
  0.1373E+01  0.1562E+01  0.1791E+01  0.2089E+01  0.2517E+01  0.3214E+01
  0.4470E+01  0.6823E+01  0.1109E+02  0.1811E+02  0.2808E+02  0.3994E+02
  0.5157E+02  0.6087E+02  0.6654E+02  0.6825E+02  0.6645E+02  0.6215E+02
  0.5615E+02  0.4856E+02  0.3927E+02  0.2870E+02  0.1899E+02  0.8016E+01
  0.1997E+00  0.3352E-15  0.1273E-01  0.1391E-01  0.1520E-01  0.1663E-01
  0.1820E-01  0.1994E-01  0.2186E-01  0.2398E-01  0.2632E-01  0.2892E-01
  0.3180E-01  0.3498E-01  0.3852E-01  0.4244E-01  0.4679E-01  0.5163E-01
  0.5700E-01  0.6298E-01  0.6963E-01  0.7704E-01  0.8529E-01  0.9449E-01
  0.1048E+00  0.1162E+00  0.1290E+00  0.1433E+00  0.1593E+00  0.1771E+00
  0.1972E+00  0.2196E+00  0.2447E+00  0.2728E+00  0.3044E+00  0.3399E+00
  0.3798E+00  0.4247E+00  0.4753E+00  0.5323E+00  0.5967E+00  0.6695E+00
  0.7520E+00  0.8456E+00  0.9520E+00  0.1073E+01  0.1213E+01  0.1373E+01
  0.1562E+01  0.1791E+01  0.2089E+01  0.2517E+01  0.3214E+01  0.4470E+01
  0.6823E+01  0.1109E+02  0.1811E+02  0.2808E+02  0.3994E+02  0.5157E+02
  0.6087E+02  0.6654E+02  0.6825E+02  0.6645E+02  0.6215E+02  0.5615E+02
  0.4856E+02  0.3927E+02  0.2870E+02  0.1899E+02  0.8016E+01  0.1997E+00
  0.3344E-15  0.1273E-01  0.1391E-01  0.1520E-01  0.1663E-01  0.1820E-01
  0.1994E-01  0.2186E-01  0.2398E-01  0.2632E-01  0.2892E-01  0.3180E-01
  0.3498E-01  0.3852E-01  0.4244E-01  0.4679E-01  0.5163E-01  0.5700E-01
  0.6298E-01  0.6963E-01  0.7704E-01  0.8529E-01  0.9449E-01  0.1048E+00
  0.1162E+00  0.1290E+00  0.1433E+00  0.1593E+00  0.1771E+00  0.1972E+00
  0.2196E+00  0.2447E+00  0.2728E+00  0.3044E+00  0.3399E+00  0.3798E+00
  0.4247E+00  0.4753E+00  0.5323E+00  0.5967E+00  0.6695E+00  0.7520E+00
  0.8456E+00  0.9520E+00  0.1073E+01  0.1213E+01  0.1373E+01  0.1562E+01
  0.1791E+01  0.2089E+01  0.2517E+01  0.3214E+01  0.4470E+01  0.6823E+01
  0.1109E+02  0.1811E+02  0.2808E+02  0.3994E+02  0.5157E+02  0.6087E+02
  0.6654E+02  0.6825E+02  0.6645E+02  0.6215E+02  0.5615E+02  0.4856E+02
  0.3927E+02  0.2870E+02  0.1899E+02  0.8016E+01  0.1997E+00  0.3336E-15
  0.1273E-01  0.1391E-01  0.1520E-01  0.1663E-01  0.1820E-01  0.1994E-01
  0.2186E-01  0.2398E-01  0.2632E-01  0.2892E-01  0.3180E-01  0.3498E-01
  0.3852E-01  0.4244E-01  0.4679E-01  0.5163E-01  0.5700E-01  0.6298E-01
  0.6963E-01  0.7704E-01  0.8529E-01  0.9449E-01  0.1048E+00  0.1162E+00
  0.1290E+00  0.1433E+00  0.1593E+00  0.1771E+00  0.1972E+00  0.2196E+00
  0.2447E+00  0.2728E+00  0.3044E+00  0.3399E+00  0.3798E+00  0.4247E+00
  0.4753E+00  0.5323E+00  0.5967E+00  0.6695E+00  0.7520E+00  0.8456E+00
  0.9520E+00  0.1073E+01  0.1213E+01  0.1373E+01  0.1562E+01  0.1791E+01
  0.2089E+01  0.2517E+01  0.3214E+01  0.4470E+01  0.6823E+01  0.1109E+02
  0.1811E+02  0.2808E+02  0.3994E+02  0.5157E+02  0.6087E+02  0.6654E+02
  0.6825E+02  0.6645E+02  0.6215E+02  0.5615E+02  0.4856E+02  0.3927E+02
  0.2870E+02  0.1899E+02  0.8016E+01  0.1997E+00  0.3327E-15  0.1273E-01
  0.1391E-01  0.1520E-01  0.1663E-01  0.1820E-01  0.1994E-01  0.2186E-01
  0.2398E-01  0.2632E-01  0.2892E-01  0.3180E-01  0.3498E-01  0.3852E-01
  0.4244E-01  0.4679E-01  0.5163E-01  0.5700E-01  0.6298E-01  0.6963E-01
  0.7704E-01  0.8529E-01  0.9449E-01  0.1048E+00  0.1162E+00  0.1290E+00
  0.1433E+00  0.1593E+00  0.1771E+00  0.1972E+00  0.2196E+00  0.2447E+00
  0.2728E+00  0.3044E+00  0.3399E+00  0.3798E+00  0.4247E+00  0.4753E+00
  0.5323E+00  0.5967E+00  0.6695E+00  0.7520E+00  0.8456E+00  0.9520E+00
  0.1073E+01  0.1213E+01  0.1373E+01  0.1562E+01  0.1791E+01  0.2089E+01
  0.2517E+01  0.3214E+01  0.4470E+01  0.6823E+01  0.1109E+02  0.1811E+02
  0.2808E+02  0.3994E+02  0.5157E+02  0.6087E+02  0.6654E+02  0.6825E+02
  0.6645E+02  0.6215E+02  0.5615E+02  0.4856E+02  0.3927E+02  0.2870E+02
  0.1899E+02  0.8016E+01  0.1997E+00  0.3318E-15  0.1273E-01  0.1391E-01
  0.1520E-01  0.1663E-01  0.1820E-01  0.1994E-01  0.2186E-01  0.2398E-01
  0.2632E-01  0.2892E-01  0.3180E-01  0.3498E-01  0.3852E-01  0.4244E-01
  0.4679E-01  0.5163E-01  0.5700E-01  0.6298E-01  0.6963E-01  0.7704E-01
  0.8529E-01  0.9449E-01  0.1048E+00  0.1162E+00  0.1290E+00  0.1433E+00
  0.1593E+00  0.1771E+00  0.1972E+00  0.2196E+00  0.2447E+00  0.2728E+00
  0.3044E+00  0.3399E+00  0.3798E+00  0.4247E+00  0.4753E+00  0.5323E+00
  0.5967E+00  0.6695E+00  0.7520E+00  0.8456E+00  0.9520E+00  0.1073E+01
  0.1213E+01  0.1373E+01  0.1562E+01  0.1791E+01  0.2089E+01  0.2517E+01
  0.3214E+01  0.4470E+01  0.6823E+01  0.1109E+02  0.1811E+02  0.2808E+02
  0.3994E+02  0.5157E+02  0.6087E+02  0.6654E+02  0.6825E+02  0.6645E+02
  0.6215E+02  0.5615E+02  0.4856E+02  0.3927E+02  0.2870E+02  0.1899E+02
  0.8016E+01  0.1997E+00  0.3307E-15  0.1273E-01  0.1391E-01  0.1520E-01
  0.1663E-01  0.1820E-01  0.1994E-01  0.2186E-01  0.2398E-01  0.2632E-01
  0.2892E-01  0.3180E-01  0.3498E-01  0.3852E-01  0.4244E-01  0.4679E-01
  0.5163E-01  0.5700E-01  0.6298E-01  0.6963E-01  0.7704E-01  0.8529E-01
  0.9449E-01  0.1048E+00  0.1162E+00  0.1290E+00  0.1433E+00  0.1593E+00
  0.1771E+00  0.1972E+00  0.2196E+00  0.2447E+00  0.2728E+00  0.3044E+00
  0.3399E+00  0.3798E+00  0.4247E+00  0.4753E+00  0.5323E+00  0.5967E+00
  0.6695E+00  0.7520E+00  0.8456E+00  0.9520E+00  0.1073E+01  0.1213E+01
  0.1373E+01  0.1562E+01  0.1791E+01  0.2089E+01  0.2517E+01  0.3214E+01
  0.4470E+01  0.6823E+01  0.1109E+02  0.1811E+02  0.2808E+02  0.3994E+02
  0.5157E+02  0.6087E+02  0.6654E+02  0.6825E+02  0.6645E+02  0.6215E+02
  0.5615E+02  0.4856E+02  0.3927E+02  0.2870E+02  0.1899E+02  0.8016E+01
  0.1997E+00  0.3296E-15  0.1273E-01  0.1391E-01  0.1520E-01  0.1663E-01
  0.1820E-01  0.1994E-01  0.2186E-01  0.2398E-01  0.2632E-01  0.2892E-01
  0.3180E-01  0.3498E-01  0.3852E-01  0.4244E-01  0.4679E-01  0.5163E-01
  0.5700E-01  0.6298E-01  0.6963E-01  0.7704E-01  0.8529E-01  0.9449E-01
  0.1048E+00  0.1162E+00  0.1290E+00  0.1433E+00  0.1593E+00  0.1771E+00
  0.1972E+00  0.2196E+00  0.2447E+00  0.2728E+00  0.3044E+00  0.3399E+00
  0.3798E+00  0.4247E+00  0.4753E+00  0.5323E+00  0.5967E+00  0.6695E+00
  0.7520E+00  0.8456E+00  0.9520E+00  0.1073E+01  0.1213E+01  0.1373E+01
  0.1562E+01  0.1791E+01  0.2089E+01  0.2517E+01  0.3214E+01  0.4470E+01
  0.6823E+01  0.1109E+02  0.1811E+02  0.2808E+02  0.3994E+02  0.5157E+02
  0.6087E+02  0.6654E+02  0.6825E+02  0.6645E+02  0.6215E+02  0.5615E+02
  0.4856E+02  0.3927E+02  0.2870E+02  0.1899E+02  0.8016E+01  0.1997E+00
  0.3284E-15  0.1273E-01  0.1391E-01  0.1520E-01  0.1663E-01  0.1820E-01
  0.1994E-01  0.2186E-01  0.2398E-01  0.2632E-01  0.2892E-01  0.3180E-01
  0.3498E-01  0.3852E-01  0.4244E-01  0.4679E-01  0.5163E-01  0.5700E-01
  0.6298E-01  0.6963E-01  0.7704E-01  0.8529E-01  0.9449E-01  0.1048E+00
  0.1162E+00  0.1290E+00  0.1433E+00  0.1593E+00  0.1771E+00  0.1972E+00
  0.2196E+00  0.2447E+00  0.2728E+00  0.3044E+00  0.3399E+00  0.3798E+00
  0.4247E+00  0.4753E+00  0.5323E+00  0.5967E+00  0.6695E+00  0.7520E+00
  0.8456E+00  0.9520E+00  0.1073E+01  0.1213E+01  0.1373E+01  0.1562E+01
  0.1791E+01  0.2089E+01  0.2517E+01  0.3214E+01  0.4470E+01  0.6823E+01
  0.1109E+02  0.1811E+02  0.2808E+02  0.3994E+02  0.5157E+02  0.6087E+02
  0.6654E+02  0.6825E+02  0.6645E+02  0.6215E+02  0.5615E+02  0.4856E+02
  0.3927E+02  0.2870E+02  0.1899E+02  0.8016E+01  0.1997E+00  0.3271E-15
  0.1273E-01  0.1391E-01  0.1520E-01  0.1663E-01  0.1820E-01  0.1994E-01
  0.2186E-01  0.2398E-01  0.2632E-01  0.2892E-01  0.3180E-01  0.3498E-01
  0.3852E-01  0.4244E-01  0.4679E-01  0.5163E-01  0.5700E-01  0.6298E-01
  0.6963E-01  0.7704E-01  0.8529E-01  0.9449E-01  0.1048E+00  0.1162E+00
  0.1290E+00  0.1433E+00  0.1593E+00  0.1771E+00  0.1972E+00  0.2196E+00
  0.2447E+00  0.2728E+00  0.3044E+00  0.3399E+00  0.3798E+00  0.4247E+00
  0.4753E+00  0.5323E+00  0.5967E+00  0.6695E+00  0.7520E+00  0.8456E+00
  0.9520E+00  0.1073E+01  0.1213E+01  0.1373E+01  0.1562E+01  0.1791E+01
  0.2089E+01  0.2517E+01  0.3214E+01  0.4470E+01  0.6823E+01  0.1109E+02
  0.1811E+02  0.2808E+02  0.3994E+02  0.5157E+02  0.6087E+02  0.6654E+02
  0.6825E+02  0.6645E+02  0.6215E+02  0.5615E+02  0.4856E+02  0.3927E+02
  0.2870E+02  0.1899E+02  0.8016E+01  0.1997E+00  0.3258E-15  0.1273E-01
  0.1391E-01  0.1520E-01  0.1663E-01  0.1820E-01  0.1994E-01  0.2186E-01
  0.2398E-01  0.2632E-01  0.2892E-01  0.3180E-01  0.3498E-01  0.3852E-01
  0.4244E-01  0.4679E-01  0.5163E-01  0.5700E-01  0.6298E-01  0.6963E-01
  0.7704E-01  0.8529E-01  0.9449E-01  0.1048E+00  0.1162E+00  0.1290E+00
  0.1433E+00  0.1593E+00  0.1771E+00  0.1972E+00  0.2196E+00  0.2447E+00
  0.2728E+00  0.3044E+00  0.3399E+00  0.3798E+00  0.4247E+00  0.4753E+00
  0.5323E+00  0.5967E+00  0.6695E+00  0.7520E+00  0.8456E+00  0.9520E+00
  0.1073E+01  0.1213E+01  0.1373E+01  0.1562E+01  0.1791E+01  0.2089E+01
  0.2517E+01  0.3214E+01  0.4470E+01  0.6823E+01  0.1109E+02  0.1811E+02
  0.2808E+02  0.3994E+02  0.5157E+02  0.6087E+02  0.6654E+02  0.6825E+02
  0.6645E+02  0.6215E+02  0.5615E+02  0.4856E+02  0.3927E+02  0.2870E+02
  0.1899E+02  0.8016E+01  0.1997E+00  0.3243E-15  0.1273E-01  0.1391E-01
  0.1520E-01  0.1663E-01  0.1820E-01  0.1994E-01  0.2186E-01  0.2398E-01
  0.2632E-01  0.2892E-01  0.3180E-01  0.3498E-01  0.3852E-01  0.4244E-01
  0.4679E-01  0.5163E-01  0.5700E-01  0.6298E-01  0.6963E-01  0.7704E-01
  0.8529E-01  0.9449E-01  0.1048E+00  0.1162E+00  0.1290E+00  0.1433E+00
  0.1593E+00  0.1771E+00  0.1972E+00  0.2196E+00  0.2447E+00  0.2728E+00
  0.3044E+00  0.3399E+00  0.3798E+00  0.4247E+00  0.4753E+00  0.5323E+00
  0.5967E+00  0.6695E+00  0.7520E+00  0.8456E+00  0.9520E+00  0.1073E+01
  0.1213E+01  0.1373E+01  0.1562E+01  0.1791E+01  0.2089E+01  0.2517E+01
  0.3214E+01  0.4470E+01  0.6823E+01  0.1109E+02  0.1811E+02  0.2808E+02
  0.3994E+02  0.5157E+02  0.6087E+02  0.6654E+02  0.6825E+02  0.6645E+02
  0.6215E+02  0.5615E+02  0.4856E+02  0.3927E+02  0.2870E+02  0.1899E+02
  0.8016E+01  0.1997E+00  0.3228E-15  0.1273E-01  0.1391E-01  0.1520E-01
  0.1663E-01  0.1820E-01  0.1994E-01  0.2186E-01  0.2398E-01  0.2632E-01
  0.2892E-01  0.3180E-01  0.3498E-01  0.3852E-01  0.4244E-01  0.4679E-01
  0.5163E-01  0.5700E-01  0.6298E-01  0.6963E-01  0.7704E-01  0.8529E-01
  0.9449E-01  0.1048E+00  0.1162E+00  0.1290E+00  0.1433E+00  0.1593E+00
  0.1771E+00  0.1972E+00  0.2196E+00  0.2447E+00  0.2728E+00  0.3044E+00
  0.3399E+00  0.3798E+00  0.4247E+00  0.4753E+00  0.5323E+00  0.5967E+00
  0.6695E+00  0.7520E+00  0.8456E+00  0.9520E+00  0.1073E+01  0.1213E+01
  0.1373E+01  0.1562E+01  0.1791E+01  0.2089E+01  0.2517E+01  0.3214E+01
  0.4470E+01  0.6823E+01  0.1109E+02  0.1811E+02  0.2808E+02  0.3994E+02
  0.5157E+02  0.6087E+02  0.6654E+02  0.6825E+02  0.6645E+02  0.6215E+02
  0.5615E+02  0.4856E+02  0.3927E+02  0.2870E+02  0.1899E+02  0.8016E+01
  0.1997E+00  0.3212E-15  0.1273E-01  0.1391E-01  0.1520E-01  0.1663E-01
  0.1820E-01  0.1994E-01  0.2186E-01  0.2398E-01  0.2632E-01  0.2892E-01
  0.3180E-01  0.3498E-01  0.3852E-01  0.4244E-01  0.4679E-01  0.5163E-01
  0.5700E-01  0.6298E-01  0.6963E-01  0.7704E-01  0.8529E-01  0.9449E-01
  0.1048E+00  0.1162E+00  0.1290E+00  0.1433E+00  0.1593E+00  0.1771E+00
  0.1972E+00  0.2196E+00  0.2447E+00  0.2728E+00  0.3044E+00  0.3399E+00
  0.3798E+00  0.4247E+00  0.4753E+00  0.5323E+00  0.5967E+00  0.6695E+00
  0.7520E+00  0.8456E+00  0.9520E+00  0.1073E+01  0.1213E+01  0.1373E+01
  0.1562E+01  0.1791E+01  0.2089E+01  0.2517E+01  0.3214E+01  0.4470E+01
  0.6823E+01  0.1109E+02  0.1811E+02  0.2808E+02  0.3994E+02  0.5157E+02
  0.6087E+02  0.6654E+02  0.6825E+02  0.6645E+02  0.6215E+02  0.5615E+02
  0.4856E+02  0.3927E+02  0.2870E+02  0.1899E+02  0.8016E+01  0.1997E+00
  0.3195E-15  0.1273E-01  0.1391E-01  0.1520E-01  0.1663E-01  0.1820E-01
  0.1994E-01  0.2186E-01  0.2398E-01  0.2632E-01  0.2892E-01  0.3180E-01
  0.3498E-01  0.3852E-01  0.4244E-01  0.4679E-01  0.5163E-01  0.5700E-01
  0.6298E-01  0.6963E-01  0.7704E-01  0.8529E-01  0.9449E-01  0.1048E+00
  0.1162E+00  0.1290E+00  0.1433E+00  0.1593E+00  0.1771E+00  0.1972E+00
  0.2196E+00  0.2447E+00  0.2728E+00  0.3044E+00  0.3399E+00  0.3798E+00
  0.4247E+00  0.4753E+00  0.5323E+00  0.5967E+00  0.6695E+00  0.7520E+00
  0.8456E+00  0.9520E+00  0.1073E+01  0.1213E+01  0.1373E+01  0.1562E+01
  0.1791E+01  0.2089E+01  0.2517E+01  0.3214E+01  0.4470E+01  0.6823E+01
  0.1109E+02  0.1811E+02  0.2808E+02  0.3994E+02  0.5157E+02  0.6087E+02
  0.6654E+02  0.6825E+02  0.6645E+02  0.6215E+02  0.5615E+02  0.4856E+02
  0.3927E+02  0.2870E+02  0.1899E+02  0.8016E+01  0.1997E+00  0.3178E-15
  0.1273E-01  0.1391E-01  0.1520E-01  0.1663E-01  0.1820E-01  0.1994E-01
  0.2186E-01  0.2398E-01  0.2632E-01  0.2892E-01  0.3180E-01  0.3498E-01
  0.3852E-01  0.4244E-01  0.4679E-01  0.5163E-01  0.5700E-01  0.6298E-01
  0.6963E-01  0.7704E-01  0.8529E-01  0.9449E-01  0.1048E+00  0.1162E+00
  0.1290E+00  0.1433E+00  0.1593E+00  0.1771E+00  0.1972E+00  0.2196E+00
  0.2447E+00  0.2728E+00  0.3044E+00  0.3399E+00  0.3798E+00  0.4247E+00
  0.4753E+00  0.5323E+00  0.5967E+00  0.6695E+00  0.7520E+00  0.8456E+00
  0.9520E+00  0.1073E+01  0.1213E+01  0.1373E+01  0.1562E+01  0.1791E+01
  0.2089E+01  0.2517E+01  0.3214E+01  0.4470E+01  0.6823E+01  0.1109E+02
  0.1811E+02  0.2808E+02  0.3994E+02  0.5157E+02  0.6087E+02  0.6654E+02
  0.6825E+02  0.6645E+02  0.6215E+02  0.5615E+02  0.4856E+02  0.3927E+02
  0.2870E+02  0.1899E+02  0.8016E+01  0.1997E+00  0.3159E-15  0.1273E-01
  0.1391E-01  0.1520E-01  0.1663E-01  0.1820E-01  0.1994E-01  0.2186E-01
  0.2398E-01  0.2632E-01  0.2892E-01  0.3180E-01  0.3498E-01  0.3852E-01
  0.4244E-01  0.4679E-01  0.5163E-01  0.5700E-01  0.6298E-01  0.6963E-01
  0.7704E-01  0.8529E-01  0.9449E-01  0.1048E+00  0.1162E+00  0.1290E+00
  0.1433E+00  0.1593E+00  0.1771E+00  0.1972E+00  0.2196E+00  0.2447E+00
  0.2728E+00  0.3044E+00  0.3399E+00  0.3798E+00  0.4247E+00  0.4753E+00
  0.5323E+00  0.5967E+00  0.6695E+00  0.7520E+00  0.8456E+00  0.9520E+00
  0.1073E+01  0.1213E+01  0.1373E+01  0.1562E+01  0.1791E+01  0.2089E+01
  0.2517E+01  0.3214E+01  0.4470E+01  0.6823E+01  0.1109E+02  0.1811E+02
  0.2808E+02  0.3994E+02  0.5157E+02  0.6087E+02  0.6654E+02  0.6825E+02
  0.6645E+02  0.6215E+02  0.5615E+02  0.4856E+02  0.3927E+02  0.2870E+02
  0.1899E+02  0.8016E+01  0.1997E+00  0.3140E-15  0.1273E-01  0.1391E-01
  0.1520E-01  0.1663E-01  0.1820E-01  0.1994E-01  0.2186E-01  0.2398E-01
  0.2632E-01  0.2892E-01  0.3180E-01  0.3498E-01  0.3852E-01  0.4244E-01
  0.4679E-01  0.5163E-01  0.5700E-01  0.6298E-01  0.6963E-01  0.7704E-01
  0.8529E-01  0.9449E-01  0.1048E+00  0.1162E+00  0.1290E+00  0.1433E+00
  0.1593E+00  0.1771E+00  0.1972E+00  0.2196E+00  0.2447E+00  0.2728E+00
  0.3044E+00  0.3399E+00  0.3798E+00  0.4247E+00  0.4753E+00  0.5323E+00
  0.5967E+00  0.6695E+00  0.7520E+00  0.8456E+00  0.9520E+00  0.1073E+01
  0.1213E+01  0.1373E+01  0.1562E+01  0.1791E+01  0.2089E+01  0.2517E+01
  0.3214E+01  0.4470E+01  0.6823E+01  0.1109E+02  0.1811E+02  0.2808E+02
  0.3994E+02  0.5157E+02  0.6087E+02  0.6654E+02  0.6825E+02  0.6645E+02
  0.6215E+02  0.5615E+02  0.4856E+02  0.3927E+02  0.2870E+02  0.1899E+02
  0.8016E+01  0.1997E+00  0.3120E-15  0.1273E-01  0.1391E-01  0.1520E-01
  0.1663E-01  0.1820E-01  0.1994E-01  0.2186E-01  0.2398E-01  0.2632E-01
  0.2892E-01  0.3180E-01  0.3498E-01  0.3852E-01  0.4244E-01  0.4679E-01
  0.5163E-01  0.5700E-01  0.6298E-01  0.6963E-01  0.7704E-01  0.8529E-01
  0.9449E-01  0.1048E+00  0.1162E+00  0.1290E+00  0.1433E+00  0.1593E+00
  0.1771E+00  0.1972E+00  0.2196E+00  0.2447E+00  0.2728E+00  0.3044E+00
  0.3399E+00  0.3798E+00  0.4247E+00  0.4753E+00  0.5323E+00  0.5967E+00
  0.6695E+00  0.7520E+00  0.8456E+00  0.9520E+00  0.1073E+01  0.1213E+01
  0.1373E+01  0.1562E+01  0.1791E+01  0.2089E+01  0.2517E+01  0.3214E+01
  0.4470E+01  0.6823E+01  0.1109E+02  0.1811E+02  0.2808E+02  0.3994E+02
  0.5157E+02  0.6087E+02  0.6654E+02  0.6825E+02  0.6645E+02  0.6215E+02
  0.5615E+02  0.4856E+02  0.3927E+02  0.2870E+02  0.1899E+02  0.8016E+01
  0.1997E+00  0.3100E-15  0.1273E-01  0.1391E-01  0.1520E-01  0.1663E-01
  0.1820E-01  0.1994E-01  0.2186E-01  0.2398E-01  0.2632E-01  0.2892E-01
  0.3180E-01  0.3498E-01  0.3852E-01  0.4244E-01  0.4679E-01  0.5163E-01
  0.5700E-01  0.6298E-01  0.6963E-01  0.7704E-01  0.8529E-01  0.9449E-01
  0.1048E+00  0.1162E+00  0.1290E+00  0.1433E+00  0.1593E+00  0.1771E+00
  0.1972E+00  0.2196E+00  0.2447E+00  0.2728E+00  0.3044E+00  0.3399E+00
  0.3798E+00  0.4247E+00  0.4753E+00  0.5323E+00  0.5967E+00  0.6695E+00
  0.7520E+00  0.8456E+00  0.9520E+00  0.1073E+01  0.1213E+01  0.1373E+01
  0.1562E+01  0.1791E+01  0.2089E+01  0.2517E+01  0.3214E+01  0.4470E+01
  0.6823E+01  0.1109E+02  0.1811E+02  0.2808E+02  0.3994E+02  0.5157E+02
  0.6087E+02  0.6654E+02  0.6825E+02  0.6645E+02  0.6215E+02  0.5615E+02
  0.4856E+02  0.3927E+02  0.2870E+02  0.1899E+02  0.8016E+01  0.1997E+00
  0.3079E-15  0.1273E-01  0.1391E-01  0.1520E-01  0.1663E-01  0.1820E-01
  0.1994E-01  0.2186E-01  0.2398E-01  0.2632E-01  0.2892E-01  0.3180E-01
  0.3498E-01  0.3852E-01  0.4244E-01  0.4679E-01  0.5163E-01  0.5700E-01
  0.6298E-01  0.6963E-01  0.7704E-01  0.8529E-01  0.9449E-01  0.1048E+00
  0.1162E+00  0.1290E+00  0.1433E+00  0.1593E+00  0.1771E+00  0.1972E+00
  0.2196E+00  0.2447E+00  0.2728E+00  0.3044E+00  0.3399E+00  0.3798E+00
  0.4247E+00  0.4753E+00  0.5323E+00  0.5967E+00  0.6695E+00  0.7520E+00
  0.8456E+00  0.9520E+00  0.1073E+01  0.1213E+01  0.1373E+01  0.1562E+01
  0.1791E+01  0.2089E+01  0.2517E+01  0.3214E+01  0.4470E+01  0.6823E+01
  0.1109E+02  0.1811E+02  0.2808E+02  0.3994E+02  0.5157E+02  0.6087E+02
  0.6654E+02  0.6825E+02  0.6645E+02  0.6215E+02  0.5615E+02  0.4856E+02
  0.3927E+02  0.2870E+02  0.1899E+02  0.8016E+01  0.1997E+00  0.3056E-15
  0.1273E-01  0.1391E-01  0.1520E-01  0.1663E-01  0.1820E-01  0.1994E-01
  0.2186E-01  0.2398E-01  0.2632E-01  0.2892E-01  0.3180E-01  0.3498E-01
  0.3852E-01  0.4244E-01  0.4679E-01  0.5163E-01  0.5700E-01  0.6298E-01
  0.6963E-01  0.7704E-01  0.8529E-01  0.9449E-01  0.1048E+00  0.1162E+00
  0.1290E+00  0.1433E+00  0.1593E+00  0.1771E+00  0.1972E+00  0.2196E+00
  0.2447E+00  0.2728E+00  0.3044E+00  0.3399E+00  0.3798E+00  0.4247E+00
  0.4753E+00  0.5323E+00  0.5967E+00  0.6695E+00  0.7520E+00  0.8456E+00
  0.9520E+00  0.1073E+01  0.1213E+01  0.1373E+01  0.1562E+01  0.1791E+01
  0.2089E+01  0.2517E+01  0.3214E+01  0.4470E+01  0.6823E+01  0.1109E+02
  0.1811E+02  0.2808E+02  0.3994E+02  0.5157E+02  0.6087E+02  0.6654E+02
  0.6825E+02  0.6645E+02  0.6215E+02  0.5615E+02  0.4856E+02  0.3927E+02
  0.2870E+02  0.1899E+02  0.8016E+01  0.1997E+00  0.3034E-15  0.1273E-01
  0.1391E-01  0.1520E-01  0.1663E-01  0.1820E-01  0.1994E-01  0.2186E-01
  0.2398E-01  0.2632E-01  0.2892E-01  0.3180E-01  0.3498E-01  0.3852E-01
  0.4244E-01  0.4679E-01  0.5163E-01  0.5700E-01  0.6298E-01  0.6963E-01
  0.7704E-01  0.8529E-01  0.9449E-01  0.1048E+00  0.1162E+00  0.1290E+00
  0.1433E+00  0.1593E+00  0.1771E+00  0.1972E+00  0.2196E+00  0.2447E+00
  0.2728E+00  0.3044E+00  0.3399E+00  0.3798E+00  0.4247E+00  0.4753E+00
  0.5323E+00  0.5967E+00  0.6695E+00  0.7520E+00  0.8456E+00  0.9520E+00
  0.1073E+01  0.1213E+01  0.1373E+01  0.1562E+01  0.1791E+01  0.2089E+01
  0.2517E+01  0.3214E+01  0.4470E+01  0.6823E+01  0.1109E+02  0.1811E+02
  0.2808E+02  0.3994E+02  0.5157E+02  0.6087E+02  0.6654E+02  0.6825E+02
  0.6645E+02  0.6215E+02  0.5615E+02  0.4856E+02  0.3927E+02  0.2870E+02
  0.1899E+02  0.8016E+01  0.1997E+00  0.3010E-15  0.1273E-01  0.1391E-01
  0.1520E-01  0.1663E-01  0.1820E-01  0.1994E-01  0.2186E-01  0.2398E-01
  0.2632E-01  0.2892E-01  0.3180E-01  0.3498E-01  0.3852E-01  0.4244E-01
  0.4679E-01  0.5163E-01  0.5700E-01  0.6298E-01  0.6963E-01  0.7704E-01
  0.8529E-01  0.9449E-01  0.1048E+00  0.1162E+00  0.1290E+00  0.1433E+00
  0.1593E+00  0.1771E+00  0.1972E+00  0.2196E+00  0.2447E+00  0.2728E+00
  0.3044E+00  0.3399E+00  0.3798E+00  0.4247E+00  0.4753E+00  0.5323E+00
  0.5967E+00  0.6695E+00  0.7520E+00  0.8456E+00  0.9520E+00  0.1073E+01
  0.1213E+01  0.1373E+01  0.1562E+01  0.1791E+01  0.2089E+01  0.2517E+01
  0.3214E+01  0.4470E+01  0.6823E+01  0.1109E+02  0.1811E+02  0.2808E+02
  0.3994E+02  0.5157E+02  0.6087E+02  0.6654E+02  0.6825E+02  0.6645E+02
  0.6215E+02  0.5615E+02  0.4856E+02  0.3927E+02  0.2870E+02  0.1899E+02
  0.8016E+01  0.1997E+00  0.2986E-15  0.1273E-01  0.1391E-01  0.1520E-01
  0.1663E-01  0.1820E-01  0.1994E-01  0.2186E-01  0.2398E-01  0.2632E-01
  0.2892E-01  0.3180E-01  0.3498E-01  0.3852E-01  0.4244E-01  0.4679E-01
  0.5163E-01  0.5700E-01  0.6298E-01  0.6963E-01  0.7704E-01  0.8529E-01
  0.9449E-01  0.1048E+00  0.1162E+00  0.1290E+00  0.1433E+00  0.1593E+00
  0.1771E+00  0.1972E+00  0.2196E+00  0.2447E+00  0.2728E+00  0.3044E+00
  0.3399E+00  0.3798E+00  0.4247E+00  0.4753E+00  0.5323E+00  0.5967E+00
  0.6695E+00  0.7520E+00  0.8456E+00  0.9520E+00  0.1073E+01  0.1213E+01
  0.1373E+01  0.1562E+01  0.1791E+01  0.2089E+01  0.2517E+01  0.3214E+01
  0.4470E+01  0.6823E+01  0.1109E+02  0.1811E+02  0.2808E+02  0.3994E+02
  0.5157E+02  0.6087E+02  0.6654E+02  0.6825E+02  0.6645E+02  0.6215E+02
  0.5615E+02  0.4856E+02  0.3927E+02  0.2870E+02  0.1899E+02  0.8016E+01
  0.1997E+00  0.2961E-15  0.1273E-01  0.1391E-01  0.1520E-01  0.1663E-01
  0.1820E-01  0.1994E-01  0.2186E-01  0.2398E-01  0.2632E-01  0.2892E-01
  0.3180E-01  0.3498E-01  0.3852E-01  0.4244E-01  0.4679E-01  0.5163E-01
  0.5700E-01  0.6298E-01  0.6963E-01  0.7704E-01  0.8529E-01  0.9449E-01
  0.1048E+00  0.1162E+00  0.1290E+00  0.1433E+00  0.1593E+00  0.1771E+00
  0.1972E+00  0.2196E+00  0.2447E+00  0.2728E+00  0.3044E+00  0.3399E+00
  0.3798E+00  0.4247E+00  0.4753E+00  0.5323E+00  0.5967E+00  0.6695E+00
  0.7520E+00  0.8456E+00  0.9520E+00  0.1073E+01  0.1213E+01  0.1373E+01
  0.1562E+01  0.1791E+01  0.2089E+01  0.2517E+01  0.3214E+01  0.4470E+01
  0.6823E+01  0.1109E+02  0.1811E+02  0.2808E+02  0.3994E+02  0.5157E+02
  0.6087E+02  0.6654E+02  0.6825E+02  0.6645E+02  0.6215E+02  0.5615E+02
  0.4856E+02  0.3927E+02  0.2870E+02  0.1899E+02  0.8016E+01  0.1997E+00
  0.2935E-15  0.1273E-01  0.1391E-01  0.1520E-01  0.1663E-01  0.1820E-01
  0.1994E-01  0.2186E-01  0.2398E-01  0.2632E-01  0.2892E-01  0.3180E-01
  0.3498E-01  0.3852E-01  0.4244E-01  0.4679E-01  0.5163E-01  0.5700E-01
  0.6298E-01  0.6963E-01  0.7704E-01  0.8529E-01  0.9449E-01  0.1048E+00
  0.1162E+00  0.1290E+00  0.1433E+00  0.1593E+00  0.1771E+00  0.1972E+00
  0.2196E+00  0.2447E+00  0.2728E+00  0.3044E+00  0.3399E+00  0.3798E+00
  0.4247E+00  0.4753E+00  0.5323E+00  0.5967E+00  0.6695E+00  0.7520E+00
  0.8456E+00  0.9520E+00  0.1073E+01  0.1213E+01  0.1373E+01  0.1562E+01
  0.1791E+01  0.2089E+01  0.2517E+01  0.3214E+01  0.4470E+01  0.6823E+01
  0.1109E+02  0.1811E+02  0.2808E+02  0.3994E+02  0.5157E+02  0.6086E+02
  0.6654E+02  0.6824E+02  0.6645E+02  0.6215E+02  0.5615E+02  0.4856E+02
  0.3927E+02  0.2870E+02  0.1899E+02  0.8016E+01  0.1997E+00  0.2909E-15
  0.1273E-01  0.1391E-01  0.1520E-01  0.1663E-01  0.1820E-01  0.1994E-01
  0.2186E-01  0.2398E-01  0.2632E-01  0.2892E-01  0.3180E-01  0.3498E-01
  0.3852E-01  0.4244E-01  0.4679E-01  0.5163E-01  0.5700E-01  0.6298E-01
  0.6963E-01  0.7704E-01  0.8529E-01  0.9449E-01  0.1048E+00  0.1162E+00
  0.1290E+00  0.1433E+00  0.1593E+00  0.1771E+00  0.1972E+00  0.2196E+00
  0.2447E+00  0.2728E+00  0.3044E+00  0.3399E+00  0.3798E+00  0.4247E+00
  0.4753E+00  0.5323E+00  0.5967E+00  0.6695E+00  0.7520E+00  0.8456E+00
  0.9520E+00  0.1073E+01  0.1213E+01  0.1373E+01  0.1562E+01  0.1791E+01
  0.2089E+01  0.2517E+01  0.3214E+01  0.4469E+01  0.6822E+01  0.1109E+02
  0.1810E+02  0.2808E+02  0.3993E+02  0.5156E+02  0.6086E+02  0.6653E+02
  0.6824E+02  0.6644E+02  0.6215E+02  0.5615E+02  0.4856E+02  0.3927E+02
  0.2870E+02  0.1899E+02  0.8016E+01  0.1997E+00  0.2882E-15  0.1273E-01
  0.1391E-01  0.1520E-01  0.1663E-01  0.1820E-01  0.1994E-01  0.2186E-01
  0.2398E-01  0.2632E-01  0.2892E-01  0.3180E-01  0.3498E-01  0.3852E-01
  0.4244E-01  0.4679E-01  0.5163E-01  0.5700E-01  0.6298E-01  0.6963E-01
  0.7704E-01  0.8529E-01  0.9449E-01  0.1048E+00  0.1162E+00  0.1290E+00
  0.1433E+00  0.1593E+00  0.1772E+00  0.1972E+00  0.2196E+00  0.2447E+00
  0.2728E+00  0.3044E+00  0.3399E+00  0.3798E+00  0.4247E+00  0.4753E+00
  0.5323E+00  0.5967E+00  0.6695E+00  0.7520E+00  0.8455E+00  0.9520E+00
  0.1073E+01  0.1212E+01  0.1373E+01  0.1562E+01  0.1791E+01  0.2089E+01
  0.2516E+01  0.3213E+01  0.4468E+01  0.6820E+01  0.1108E+02  0.1810E+02
  0.2807E+02  0.3993E+02  0.5155E+02  0.6085E+02  0.6653E+02  0.6824E+02
  0.6645E+02  0.6215E+02  0.5615E+02  0.4856E+02  0.3927E+02  0.2870E+02
  0.1899E+02  0.8017E+01  0.1997E+00  0.2854E-15  0.1273E-01  0.1391E-01
  0.1520E-01  0.1663E-01  0.1820E-01  0.1994E-01  0.2186E-01  0.2398E-01
  0.2632E-01  0.2892E-01  0.3180E-01  0.3498E-01  0.3852E-01  0.4244E-01
  0.4679E-01  0.5163E-01  0.5700E-01  0.6298E-01  0.6963E-01  0.7704E-01
  0.8529E-01  0.9449E-01  0.1048E+00  0.1162E+00  0.1290E+00  0.1433E+00
  0.1593E+00  0.1772E+00  0.1972E+00  0.2196E+00  0.2447E+00  0.2728E+00
  0.3044E+00  0.3399E+00  0.3798E+00  0.4247E+00  0.4753E+00  0.5323E+00
  0.5967E+00  0.6695E+00  0.7519E+00  0.8455E+00  0.9519E+00  0.1073E+01
  0.1212E+01  0.1373E+01  0.1562E+01  0.1791E+01  0.2088E+01  0.2516E+01
  0.3212E+01  0.4468E+01  0.6819E+01  0.1108E+02  0.1810E+02  0.2807E+02
  0.3993E+02  0.5157E+02  0.6087E+02  0.6655E+02  0.6825E+02  0.6646E+02
  0.6216E+02  0.5616E+02  0.4857E+02  0.3928E+02  0.2870E+02  0.1899E+02
  0.8017E+01  0.1997E+00  0.2825E-15  0.1273E-01  0.1391E-01  0.1520E-01
  0.1663E-01  0.1820E-01  0.1994E-01  0.2186E-01  0.2398E-01  0.2632E-01
  0.2892E-01  0.3180E-01  0.3498E-01  0.3852E-01  0.4244E-01  0.4679E-01
  0.5163E-01  0.5700E-01  0.6298E-01  0.6963E-01  0.7704E-01  0.8529E-01
  0.9449E-01  0.1048E+00  0.1162E+00  0.1290E+00  0.1433E+00  0.1593E+00
  0.1772E+00  0.1972E+00  0.2196E+00  0.2447E+00  0.2728E+00  0.3044E+00
  0.3399E+00  0.3798E+00  0.4247E+00  0.4752E+00  0.5322E+00  0.5966E+00
  0.6694E+00  0.7518E+00  0.8454E+00  0.9518E+00  0.1073E+01  0.1212E+01
  0.1373E+01  0.1562E+01  0.1791E+01  0.2088E+01  0.2516E+01  0.3213E+01
  0.4470E+01  0.6823E+01  0.1109E+02  0.1812E+02  0.2810E+02  0.3997E+02
  0.5161E+02  0.6091E+02  0.6658E+02  0.6828E+02  0.6648E+02  0.6218E+02
  0.5617E+02  0.4858E+02  0.3928E+02  0.2871E+02  0.1900E+02  0.8017E+01
  0.1997E+00  0.2796E-15  0.1273E-01  0.1391E-01  0.1520E-01  0.1663E-01
  0.1820E-01  0.1994E-01  0.2186E-01  0.2398E-01  0.2632E-01  0.2892E-01
  0.3180E-01  0.3498E-01  0.3852E-01  0.4244E-01  0.4679E-01  0.5163E-01
  0.5700E-01  0.6298E-01  0.6963E-01  0.7704E-01  0.8529E-01  0.9449E-01
  0.1048E+00  0.1162E+00  0.1290E+00  0.1433E+00  0.1593E+00  0.1771E+00
  0.1971E+00  0.2195E+00  0.2446E+00  0.2728E+00  0.3044E+00  0.3399E+00
  0.3797E+00  0.4246E+00  0.4752E+00  0.5322E+00  0.5966E+00  0.6694E+00
  0.7518E+00  0.8454E+00  0.9518E+00  0.1073E+01  0.1212E+01  0.1373E+01
  0.1562E+01  0.1792E+01  0.2089E+01  0.2518E+01  0.3216E+01  0.4475E+01
  0.6835E+01  0.1111E+02  0.1815E+02  0.2815E+02  0.4003E+02  0.5166E+02
  0.6096E+02  0.6662E+02  0.6831E+02  0.6650E+02  0.6219E+02  0.5618E+02
  0.4858E+02  0.3928E+02  0.2871E+02  0.1900E+02  0.8017E+01  0.1996E+00
  0.2766E-15  0.1273E-01  0.1391E-01  0.1520E-01  0.1663E-01  0.1820E-01
  0.1994E-01  0.2186E-01  0.2398E-01  0.2632E-01  0.2892E-01  0.3180E-01
  0.3498E-01  0.3852E-01  0.4244E-01  0.4679E-01  0.5163E-01  0.5700E-01
  0.6298E-01  0.6963E-01  0.7704E-01  0.8529E-01  0.9449E-01  0.1047E+00
  0.1162E+00  0.1290E+00  0.1433E+00  0.1593E+00  0.1771E+00  0.1971E+00
  0.2195E+00  0.2446E+00  0.2727E+00  0.3043E+00  0.3398E+00  0.3797E+00
  0.4246E+00  0.4752E+00  0.5322E+00  0.5966E+00  0.6694E+00  0.7519E+00
  0.8456E+00  0.9521E+00  0.1074E+01  0.1213E+01  0.1374E+01  0.1563E+01
  0.1793E+01  0.2091E+01  0.2521E+01  0.3222E+01  0.4486E+01  0.6855E+01
  0.1115E+02  0.1821E+02  0.2822E+02  0.4011E+02  0.5174E+02  0.6102E+02
  0.6666E+02  0.6833E+02  0.6650E+02  0.6219E+02  0.5617E+02  0.4857E+02
  0.3928E+02  0.2870E+02  0.1899E+02  0.8016E+01  0.1996E+00  0.2734E-15
  0.1273E-01  0.1391E-01  0.1520E-01  0.1663E-01  0.1820E-01  0.1994E-01
  0.2186E-01  0.2398E-01  0.2633E-01  0.2892E-01  0.3180E-01  0.3498E-01
  0.3852E-01  0.4244E-01  0.4679E-01  0.5162E-01  0.5700E-01  0.6297E-01
  0.6962E-01  0.7703E-01  0.8528E-01  0.9447E-01  0.1047E+00  0.1162E+00
  0.1290E+00  0.1433E+00  0.1592E+00  0.1771E+00  0.1971E+00  0.2195E+00
  0.2446E+00  0.2727E+00  0.3043E+00  0.3399E+00  0.3798E+00  0.4247E+00
  0.4753E+00  0.5324E+00  0.5969E+00  0.6699E+00  0.7525E+00  0.8463E+00
  0.9530E+00  0.1075E+01  0.1214E+01  0.1375E+01  0.1565E+01  0.1796E+01
  0.2095E+01  0.2527E+01  0.3234E+01  0.4509E+01  0.6898E+01  0.1122E+02
  0.1832E+02  0.2837E+02  0.4026E+02  0.5187E+02  0.6111E+02  0.6671E+02
  0.6834E+02  0.6650E+02  0.6217E+02  0.5616E+02  0.4857E+02  0.3928E+02
  0.2871E+02  0.1899E+02  0.8017E+01  0.1995E+00  0.2702E-15  0.1273E-01
  0.1391E-01  0.1520E-01  0.1663E-01  0.1820E-01  0.1994E-01  0.2186E-01
  0.2398E-01  0.2632E-01  0.2892E-01  0.3180E-01  0.3498E-01  0.3851E-01
  0.4243E-01  0.4678E-01  0.5161E-01  0.5699E-01  0.6296E-01  0.6961E-01
  0.7701E-01  0.8526E-01  0.9445E-01  0.1047E+00  0.1162E+00  0.1290E+00
  0.1433E+00  0.1592E+00  0.1771E+00  0.1972E+00  0.2196E+00  0.2447E+00
  0.2730E+00  0.3046E+00  0.3402E+00  0.3803E+00  0.4253E+00  0.4761E+00
  0.5334E+00  0.5981E+00  0.6713E+00  0.7542E+00  0.8483E+00  0.9553E+00
  0.1077E+01  0.1218E+01  0.1379E+01  0.1570E+01  0.1802E+01  0.2104E+01
  0.2540E+01  0.3256E+01  0.4551E+01  0.6974E+01  0.1135E+02  0.1850E+02
  0.2859E+02  0.4047E+02  0.5204E+02  0.6122E+02  0.6675E+02  0.6834E+02
  0.6648E+02  0.6216E+02  0.5617E+02  0.4858E+02  0.3929E+02  0.2871E+02
  0.1899E+02  0.8017E+01  0.1992E+00  0.2667E-15  0.1273E-01  0.1391E-01
  0.1520E-01  0.1663E-01  0.1820E-01  0.1994E-01  0.2186E-01  0.2398E-01
  0.2632E-01  0.2892E-01  0.3179E-01  0.3498E-01  0.3851E-01  0.4242E-01
  0.4677E-01  0.5160E-01  0.5698E-01  0.6295E-01  0.6961E-01  0.7702E-01
  0.8528E-01  0.9449E-01  0.1048E+00  0.1163E+00  0.1291E+00  0.1434E+00
  0.1595E+00  0.1775E+00  0.1976E+00  0.2201E+00  0.2454E+00  0.2737E+00
  0.3056E+00  0.3414E+00  0.3816E+00  0.4269E+00  0.4779E+00  0.5355E+00
  0.6004E+00  0.6739E+00  0.7572E+00  0.8516E+00  0.9591E+00  0.1082E+01
  0.1222E+01  0.1384E+01  0.1575E+01  0.1808E+01  0.2112E+01  0.2551E+01
  0.3273E+01  0.4574E+01  0.7003E+01  0.1137E+02  0.1850E+02  0.2853E+02
  0.4035E+02  0.5185E+02  0.6099E+02  0.6653E+02  0.6816E+02  0.6636E+02
  0.6209E+02  0.5613E+02  0.4856E+02  0.3928E+02  0.2871E+02  0.1899E+02
  0.8015E+01  0.1990E+00  0.2631E-15  0.1273E-01  0.1391E-01  0.1520E-01
  0.1663E-01  0.1820E-01  0.1994E-01  0.2185E-01  0.2397E-01  0.2632E-01
  0.2891E-01  0.3179E-01  0.3497E-01  0.3851E-01  0.4243E-01  0.4679E-01
  0.5164E-01  0.5703E-01  0.6303E-01  0.6972E-01  0.7717E-01  0.8548E-01
  0.9475E-01  0.1051E+00  0.1167E+00  0.1296E+00  0.1440E+00  0.1602E+00
  0.1783E+00  0.1985E+00  0.2212E+00  0.2466E+00  0.2751E+00  0.3071E+00
  0.3430E+00  0.3834E+00  0.4287E+00  0.4798E+00  0.5374E+00  0.6024E+00
  0.6758E+00  0.7588E+00  0.8530E+00  0.9599E+00  0.1082E+01  0.1221E+01
  0.1382E+01  0.1571E+01  0.1801E+01  0.2100E+01  0.2528E+01  0.3223E+01
  0.4469E+01  0.6784E+01  0.1096E+02  0.1780E+02  0.2754E+02  0.3916E+02
  0.5064E+02  0.5993E+02  0.6571E+02  0.6759E+02  0.6598E+02  0.6183E+02
  0.5594E+02  0.4843E+02  0.3921E+02  0.2868E+02  0.1897E+02  0.8012E+01
  0.1981E+00  0.2592E-15  0.1273E-01  0.1391E-01  0.1520E-01  0.1663E-01
  0.1820E-01  0.1994E-01  0.2186E-01  0.2398E-01  0.2633E-01  0.2893E-01
  0.3182E-01  0.3503E-01  0.3859E-01  0.4254E-01  0.4694E-01  0.5183E-01
  0.5728E-01  0.6334E-01  0.7008E-01  0.7760E-01  0.8598E-01  0.9533E-01
  0.1058E+00  0.1174E+00  0.1304E+00  0.1449E+00  0.1611E+00  0.1792E+00
  0.1994E+00  0.2221E+00  0.2474E+00  0.2758E+00  0.3076E+00  0.3432E+00
  0.3832E+00  0.4281E+00  0.4785E+00  0.5353E+00  0.5993E+00  0.6715E+00
  0.7530E+00  0.8454E+00  0.9501E+00  0.1069E+01  0.1205E+01  0.1362E+01
  0.1545E+01  0.1766E+01  0.2048E+01  0.2443E+01  0.3069E+01  0.4170E+01
  0.6214E+01  0.9939E+01  0.1619E+02  0.2536E+02  0.3669E+02  0.4826E+02
  0.5794E+02  0.6426E+02  0.6665E+02  0.6541E+02  0.6147E+02  0.5566E+02
  0.4823E+02  0.3909E+02  0.2864E+02  0.1894E+02  0.8008E+01  0.1962E+00
  0.2549E-15  0.1273E-01  0.1391E-01  0.1520E-01  0.1663E-01  0.1821E-01
  0.1996E-01  0.2190E-01  0.2405E-01  0.2643E-01  0.2907E-01  0.3200E-01
  0.3525E-01  0.3886E-01  0.4286E-01  0.4731E-01  0.5224E-01  0.5773E-01
  0.6382E-01  0.7059E-01  0.7812E-01  0.8650E-01  0.9581E-01  0.1062E+00
  0.1177E+00  0.1306E+00  0.1449E+00  0.1609E+00  0.1787E+00  0.1985E+00
  0.2207E+00  0.2455E+00  0.2731E+00  0.3041E+00  0.3387E+00  0.3776E+00
  0.4211E+00  0.4699E+00  0.5248E+00  0.5866E+00  0.6562E+00  0.7347E+00
  0.8236E+00  0.9243E+00  0.1039E+01  0.1169E+01  0.1319E+01  0.1493E+01
  0.1700E+01  0.1958E+01  0.2306E+01  0.2834E+01  0.3739E+01  0.5409E+01
  0.8513E+01  0.1392E+02  0.2226E+02  0.3312E+02  0.4483E+02  0.5512E+02
  0.6227E+02  0.6545E+02  0.6480E+02  0.6114E+02  0.5542E+02  0.4803E+02
  0.3898E+02  0.2860E+02  0.1892E+02  0.8005E+01  0.1939E+00  0.2499E-15
  0.1273E-01  0.1392E-01  0.1523E-01  0.1669E-01  0.1831E-01  0.2010E-01
  0.2208E-01  0.2426E-01  0.2668E-01  0.2935E-01  0.3230E-01  0.3555E-01
  0.3915E-01  0.4313E-01  0.4752E-01  0.5239E-01  0.5776E-01  0.6372E-01
  0.7031E-01  0.7761E-01  0.8570E-01  0.9468E-01  0.1046E+00  0.1157E+00
  0.1280E+00  0.1417E+00  0.1569E+00  0.1738E+00  0.1926E+00  0.2136E+00
  0.2369E+00  0.2630E+00  0.2922E+00  0.3248E+00  0.3612E+00  0.4020E+00
  0.4477E+00  0.4991E+00  0.5568E+00  0.6217E+00  0.6950E+00  0.7777E+00
  0.8713E+00  0.9777E+00  0.1099E+01  0.1237E+01  0.1397E+01  0.1583E+01
  0.1808E+01  0.2094E+01  0.2497E+01  0.3139E+01  0.4291E+01  0.6469E+01
  0.1049E+02  0.1723E+02  0.2692E+02  0.3843E+02  0.4957E+02  0.5815E+02
  0.6284E+02  0.6339E+02  0.6044E+02  0.5499E+02  0.4771E+02  0.3879E+02
  0.2855E+02  0.1886E+02  0.7994E+01  0.1906E+00  0.2436E-15  0.1272E-01
  0.1395E-01  0.1530E-01  0.1678E-01  0.1839E-01  0.2015E-01  0.2207E-01
  0.2416E-01  0.2645E-01  0.2896E-01  0.3170E-01  0.3471E-01  0.3802E-01
  0.4165E-01  0.4565E-01  0.5005E-01  0.5490E-01  0.6025E-01  0.6615E-01
  0.7267E-01  0.7987E-01  0.8784E-01  0.9666E-01  0.1064E+00  0.1173E+00
  0.1293E+00  0.1426E+00  0.1574E+00  0.1738E+00  0.1921E+00  0.2125E+00
  0.2352E+00  0.2605E+00  0.2887E+00  0.3202E+00  0.3554E+00  0.3948E+00
  0.4390E+00  0.4885E+00  0.5442E+00  0.6070E+00  0.6777E+00  0.7577E+00
  0.8484E+00  0.9515E+00  0.1069E+01  0.1203E+01  0.1358E+01  0.1539E+01
  0.1753E+01  0.2019E+01  0.2378E+01  0.2934E+01  0.3922E+01  0.5840E+01
  0.9538E+01  0.1600E+02  0.2556E+02  0.3698E+02  0.4778E+02  0.5559E+02
  0.5908E+02  0.5822E+02  0.5384E+02  0.4699E+02  0.3834E+02  0.2837E+02
  0.1873E+02  0.7985E+01  0.1941E+00  0.2350E-15  0.1250E-01  0.1342E-01
  0.1441E-01  0.1550E-01  0.1669E-01  0.1799E-01  0.1942E-01  0.2098E-01
  0.2269E-01  0.2457E-01  0.2664E-01  0.2891E-01  0.3140E-01  0.3415E-01
  0.3717E-01  0.4050E-01  0.4418E-01  0.4823E-01  0.5270E-01  0.5765E-01
  0.6312E-01  0.6916E-01  0.7586E-01  0.8327E-01  0.9149E-01  0.1006E+00
  0.1107E+00  0.1220E+00  0.1345E+00  0.1484E+00  0.1639E+00  0.1811E+00
  0.2003E+00  0.2218E+00  0.2457E+00  0.2725E+00  0.3025E+00  0.3362E+00
  0.3739E+00  0.4164E+00  0.4642E+00  0.5181E+00  0.5792E+00  0.6484E+00
  0.7270E+00  0.8167E+00  0.9194E+00  0.1037E+01  0.1173E+01  0.1331E+01
  0.1516E+01  0.1736E+01  0.2008E+01  0.2375E+01  0.2952E+01  0.4043E+01
  0.6325E+01  0.1092E+02  0.1878E+02  0.2938E+02  0.4024E+02  0.4839E+02
  0.5204E+02  0.5094E+02  0.4591E+02  0.3811E+02  0.2863E+02  0.1923E+02
  0.8789E+01  0.1248E+01  0.2210E-15  0.6193E-02  0.6744E-02  0.7349E-02
  0.8014E-02  0.8746E-02  0.9553E-02  0.1044E-01  0.1142E-01  0.1250E-01
  0.1369E-01  0.1501E-01  0.1647E-01  0.1808E-01  0.1986E-01  0.2184E-01
  0.2403E-01  0.2646E-01  0.2915E-01  0.3214E-01  0.3546E-01  0.3915E-01
  0.4326E-01  0.4783E-01  0.5291E-01  0.5858E-01  0.6489E-01  0.7193E-01
  0.7979E-01  0.8856E-01  0.9837E-01  0.1093E+00  0.1216E+00  0.1353E+00
  0.1507E+00  0.1679E+00  0.1872E+00  0.2090E+00  0.2334E+00  0.2609E+00
  0.2919E+00  0.3269E+00  0.3665E+00  0.4114E+00  0.4624E+00  0.5205E+00
  0.5868E+00  0.6627E+00  0.7500E+00  0.8507E+00  0.9675E+00  0.1104E+01
  0.1263E+01  0.1451E+01  0.1677E+01  0.1956E+01  0.2334E+01  0.2951E+01
  0.4223E+01  0.7132E+01  0.1313E+02  0.2268E+02  0.3348E+02  0.4164E+02
  0.4464E+02  0.4227E+02  0.3578E+02  0.2672E+02  0.1657E+02  0.7011E+01
  0.1360E-01
