  0.3258E+01  0.2303E+01  0.2303E+01  0.2302E+01  0.2301E+01  0.2300E+01
  0.2300E+01  0.2299E+01  0.2298E+01  0.2297E+01  0.2296E+01  0.2294E+01
  0.2293E+01  0.2292E+01  0.2290E+01  0.2289E+01  0.2287E+01  0.2285E+01
  0.2283E+01  0.2281E+01  0.2279E+01  0.2277E+01  0.2274E+01  0.2271E+01
  0.2269E+01  0.2266E+01  0.2262E+01  0.2259E+01  0.2255E+01  0.2252E+01
  0.2248E+01  0.2243E+01  0.2239E+01  0.2234E+01  0.2229E+01  0.2224E+01
  0.2219E+01  0.2213E+01  0.2208E+01  0.2201E+01  0.2195E+01  0.2189E+01
  0.2182E+01  0.2175E+01  0.2168E+01  0.2161E+01  0.2153E+01  0.2146E+01
  0.2138E+01  0.2130E+01  0.2122E+01  0.2114E+01  0.2106E+01  0.2098E+01
  0.2090E+01  0.2081E+01  0.2073E+01  0.2064E+01  0.2053E+01  0.2036E+01
  0.2002E+01  0.1939E+01  0.1837E+01  0.1695E+01  0.1518E+01  0.1313E+01
  0.1087E+01  0.8447E+00  0.5897E+00  0.3173E+00  0.1768E-01  0.3258E+01
  0.3229E+01  0.3202E+01  0.3175E+01  0.3149E+01  0.3125E+01  0.3101E+01
  0.3078E+01  0.3055E+01  0.3034E+01  0.3013E+01  0.2993E+01  0.2973E+01
  0.2954E+01  0.2936E+01  0.2918E+01  0.2900E+01  0.2883E+01  0.2866E+01
  0.2850E+01  0.2834E+01  0.2818E+01  0.2802E+01  0.2787E+01  0.2772E+01
  0.2757E+01  0.2743E+01  0.2728E+01  0.2714E+01  0.2700E+01  0.2685E+01
  0.2671E+01  0.2657E+01  0.2643E+01  0.2630E+01  0.2616E+01  0.2602E+01
  0.2588E+01  0.2574E+01  0.2561E+01  0.2547E+01  0.2533E+01  0.2520E+01
  0.2506E+01  0.2492E+01  0.2479E+01  0.2466E+01  0.2452E+01  0.2439E+01
  0.2427E+01  0.2414E+01  0.2401E+01  0.2389E+01  0.2378E+01  0.2366E+01
  0.2354E+01  0.2341E+01  0.2324E+01  0.2296E+01  0.2249E+01  0.2173E+01
  0.2062E+01  0.1917E+01  0.1744E+01  0.1549E+01  0.1337E+01  0.1109E+01
  0.8687E+00  0.6166E+00  0.3322E+00  0.9155E-01  0.3258E+01  0.3256E+01
  0.3261E+01  0.3265E+01  0.3268E+01  0.3269E+01  0.3268E+01  0.3266E+01
  0.3261E+01  0.3255E+01  0.3248E+01  0.3240E+01  0.3232E+01  0.3222E+01
  0.3212E+01  0.3201E+01  0.3190E+01  0.3178E+01  0.3166E+01  0.3154E+01
  0.3141E+01  0.3128E+01  0.3115E+01  0.3101E+01  0.3088E+01  0.3074E+01
  0.3060E+01  0.3046E+01  0.3032E+01  0.3017E+01  0.3003E+01  0.2988E+01
  0.2973E+01  0.2958E+01  0.2943E+01  0.2928E+01  0.2913E+01  0.2897E+01
  0.2882E+01  0.2866E+01  0.2851E+01  0.2835E+01  0.2819E+01  0.2804E+01
  0.2788E+01  0.2772E+01  0.2757E+01  0.2741E+01  0.2726E+01  0.2710E+01
  0.2695E+01  0.2681E+01  0.2666E+01  0.2651E+01  0.2635E+01  0.2617E+01
  0.2592E+01  0.2553E+01  0.2494E+01  0.2406E+01  0.2287E+01  0.2139E+01
  0.1967E+01  0.1775E+01  0.1569E+01  0.1350E+01  0.1119E+01  0.8758E+00
  0.6208E+00  0.3349E+00  0.4857E-01  0.3258E+01  0.3257E+01  0.3258E+01
  0.3259E+01  0.3260E+01  0.3262E+01  0.3264E+01  0.3266E+01  0.3267E+01
  0.3268E+01  0.3269E+01  0.3268E+01  0.3267E+01  0.3266E+01  0.3263E+01
  0.3260E+01  0.3256E+01  0.3252E+01  0.3246E+01  0.3241E+01  0.3234E+01
  0.3227E+01  0.3220E+01  0.3212E+01  0.3203E+01  0.3194E+01  0.3185E+01
  0.3175E+01  0.3165E+01  0.3154E+01  0.3143E+01  0.3132E+01  0.3120E+01
  0.3108E+01  0.3095E+01  0.3083E+01  0.3070E+01  0.3056E+01  0.3043E+01
  0.3029E+01  0.3015E+01  0.3001E+01  0.2987E+01  0.2972E+01  0.2958E+01
  0.2943E+01  0.2929E+01  0.2914E+01  0.2899E+01  0.2885E+01  0.2870E+01
  0.2856E+01  0.2841E+01  0.2825E+01  0.2805E+01  0.2779E+01  0.2740E+01
  0.2681E+01  0.2595E+01  0.2480E+01  0.2338E+01  0.2173E+01  0.1989E+01
  0.1790E+01  0.1579E+01  0.1356E+01  0.1120E+01  0.8756E+00  0.6215E+00
  0.3364E+00  0.2758E-01  0.3258E+01  0.3258E+01  0.3257E+01  0.3256E+01
  0.3255E+01  0.3255E+01  0.3254E+01  0.3254E+01  0.3254E+01  0.3254E+01
  0.3254E+01  0.3255E+01  0.3255E+01  0.3254E+01  0.3254E+01  0.3253E+01
  0.3252E+01  0.3251E+01  0.3249E+01  0.3247E+01  0.3244E+01  0.3241E+01
  0.3237E+01  0.3233E+01  0.3228E+01  0.3223E+01  0.3217E+01  0.3211E+01
  0.3204E+01  0.3196E+01  0.3188E+01  0.3180E+01  0.3171E+01  0.3162E+01
  0.3152E+01  0.3142E+01  0.3131E+01  0.3120E+01  0.3109E+01  0.3097E+01
  0.3085E+01  0.3072E+01  0.3060E+01  0.3047E+01  0.3034E+01  0.3020E+01
  0.3007E+01  0.2994E+01  0.2980E+01  0.2967E+01  0.2953E+01  0.2939E+01
  0.2924E+01  0.2907E+01  0.2885E+01  0.2853E+01  0.2805E+01  0.2734E+01
  0.2635E+01  0.2509E+01  0.2357E+01  0.2185E+01  0.1997E+01  0.1795E+01
  0.1582E+01  0.1356E+01  0.1120E+01  0.8747E+00  0.6108E+00  0.3270E+00
  0.5155E-01  0.3258E+01  0.3258E+01  0.3257E+01  0.3256E+01  0.3255E+01
  0.3253E+01  0.3252E+01  0.3251E+01  0.3250E+01  0.3249E+01  0.3247E+01
  0.3246E+01  0.3245E+01  0.3244E+01  0.3243E+01  0.3242E+01  0.3241E+01
  0.3240E+01  0.3238E+01  0.3236E+01  0.3235E+01  0.3232E+01  0.3230E+01
  0.3227E+01  0.3224E+01  0.3221E+01  0.3217E+01  0.3213E+01  0.3208E+01
  0.3203E+01  0.3197E+01  0.3191E+01  0.3185E+01  0.3178E+01  0.3170E+01
  0.3162E+01  0.3154E+01  0.3145E+01  0.3136E+01  0.3126E+01  0.3116E+01
  0.3105E+01  0.3094E+01  0.3083E+01  0.3071E+01  0.3059E+01  0.3047E+01
  0.3035E+01  0.3023E+01  0.3010E+01  0.2997E+01  0.2984E+01  0.2969E+01
  0.2952E+01  0.2928E+01  0.2892E+01  0.2838E+01  0.2761E+01  0.2655E+01
  0.2523E+01  0.2366E+01  0.2191E+01  0.2000E+01  0.1797E+01  0.1582E+01
  0.1356E+01  0.1119E+01  0.8741E+00  0.6102E+00  0.3263E+00  0.5452E-01
  0.3258E+01  0.3258E+01  0.3257E+01  0.3256E+01  0.3255E+01  0.3253E+01
  0.3252E+01  0.3251E+01  0.3249E+01  0.3248E+01  0.3246E+01  0.3245E+01
  0.3243E+01  0.3241E+01  0.3239E+01  0.3237E+01  0.3235E+01  0.3233E+01
  0.3231E+01  0.3229E+01  0.3227E+01  0.3224E+01  0.3221E+01  0.3219E+01
  0.3216E+01  0.3212E+01  0.3209E+01  0.3205E+01  0.3201E+01  0.3197E+01
  0.3192E+01  0.3187E+01  0.3182E+01  0.3176E+01  0.3170E+01  0.3163E+01
  0.3156E+01  0.3149E+01  0.3141E+01  0.3133E+01  0.3124E+01  0.3116E+01
  0.3106E+01  0.3097E+01  0.3087E+01  0.3077E+01  0.3066E+01  0.3056E+01
  0.3045E+01  0.3034E+01  0.3022E+01  0.3010E+01  0.2996E+01  0.2979E+01
  0.2954E+01  0.2917E+01  0.2860E+01  0.2778E+01  0.2668E+01  0.2532E+01
  0.2373E+01  0.2196E+01  0.2003E+01  0.1799E+01  0.1583E+01  0.1356E+01
  0.1119E+01  0.8738E+00  0.6101E+00  0.3264E+00  0.5552E-01  0.3258E+01
  0.3258E+01  0.3257E+01  0.3256E+01  0.3255E+01  0.3254E+01  0.3252E+01
  0.3251E+01  0.3250E+01  0.3248E+01  0.3247E+01  0.3245E+01  0.3243E+01
  0.3241E+01  0.3239E+01  0.3237E+01  0.3234E+01  0.3232E+01  0.3229E+01
  0.3227E+01  0.3224E+01  0.3221E+01  0.3218E+01  0.3214E+01  0.3211E+01
  0.3207E+01  0.3203E+01  0.3199E+01  0.3195E+01  0.3190E+01  0.3185E+01
  0.3180E+01  0.3175E+01  0.3169E+01  0.3163E+01  0.3157E+01  0.3151E+01
  0.3144E+01  0.3136E+01  0.3129E+01  0.3121E+01  0.3113E+01  0.3105E+01
  0.3096E+01  0.3087E+01  0.3078E+01  0.3068E+01  0.3059E+01  0.3049E+01
  0.3039E+01  0.3029E+01  0.3018E+01  0.3005E+01  0.2988E+01  0.2964E+01
  0.2927E+01  0.2869E+01  0.2786E+01  0.2675E+01  0.2537E+01  0.2377E+01
  0.2198E+01  0.2005E+01  0.1800E+01  0.1584E+01  0.1356E+01  0.1119E+01
  0.8737E+00  0.6101E+00  0.3264E+00  0.5608E-01  0.3258E+01  0.3258E+01
  0.3257E+01  0.3256E+01  0.3255E+01  0.3254E+01  0.3252E+01  0.3251E+01
  0.3250E+01  0.3248E+01  0.3247E+01  0.3245E+01  0.3243E+01  0.3241E+01
  0.3239E+01  0.3237E+01  0.3235E+01  0.3232E+01  0.3229E+01  0.3227E+01
  0.3224E+01  0.3220E+01  0.3217E+01  0.3213E+01  0.3210E+01  0.3206E+01
  0.3201E+01  0.3197E+01  0.3192E+01  0.3187E+01  0.3182E+01  0.3177E+01
  0.3171E+01  0.3165E+01  0.3159E+01  0.3152E+01  0.3146E+01  0.3139E+01
  0.3131E+01  0.3124E+01  0.3116E+01  0.3108E+01  0.3099E+01  0.3091E+01
  0.3082E+01  0.3073E+01  0.3064E+01  0.3055E+01  0.3045E+01  0.3036E+01
  0.3026E+01  0.3015E+01  0.3003E+01  0.2987E+01  0.2964E+01  0.2927E+01
  0.2870E+01  0.2787E+01  0.2676E+01  0.2538E+01  0.2378E+01  0.2199E+01
  0.2006E+01  0.1801E+01  0.1584E+01  0.1356E+01  0.1119E+01  0.8737E+00
  0.6101E+00  0.3263E+00  0.5617E-01  0.3258E+01  0.3258E+01  0.3257E+01
  0.3256E+01  0.3255E+01  0.3254E+01  0.3252E+01  0.3251E+01  0.3250E+01
  0.3248E+01  0.3247E+01  0.3245E+01  0.3243E+01  0.3241E+01  0.3239E+01
  0.3237E+01  0.3235E+01  0.3232E+01  0.3230E+01  0.3227E+01  0.3224E+01
  0.3221E+01  0.3217E+01  0.3214E+01  0.3210E+01  0.3206E+01  0.3201E+01
  0.3197E+01  0.3192E+01  0.3187E+01  0.3181E+01  0.3176E+01  0.3170E+01
  0.3164E+01  0.3157E+01  0.3151E+01  0.3144E+01  0.3136E+01  0.3129E+01
  0.3121E+01  0.3113E+01  0.3105E+01  0.3096E+01  0.3088E+01  0.3079E+01
  0.3070E+01  0.3061E+01  0.3051E+01  0.3042E+01  0.3032E+01  0.3022E+01
  0.3012E+01  0.3000E+01  0.2984E+01  0.2961E+01  0.2924E+01  0.2868E+01
  0.2785E+01  0.2675E+01  0.2537E+01  0.2377E+01  0.2199E+01  0.2006E+01
  0.1801E+01  0.1584E+01  0.1356E+01  0.1119E+01  0.8737E+00  0.6101E+00
  0.3263E+00  0.5604E-01  0.3258E+01  0.3258E+01  0.3257E+01  0.3256E+01
  0.3255E+01  0.3254E+01  0.3252E+01  0.3251E+01  0.3250E+01  0.3248E+01
  0.3247E+01  0.3245E+01  0.3243E+01  0.3241E+01  0.3239E+01  0.3237E+01
  0.3235E+01  0.3233E+01  0.3230E+01  0.3227E+01  0.3224E+01  0.3221E+01
  0.3217E+01  0.3214E+01  0.3210E+01  0.3206E+01  0.3202E+01  0.3197E+01
  0.3192E+01  0.3187E+01  0.3182E+01  0.3176E+01  0.3170E+01  0.3164E+01
  0.3157E+01  0.3150E+01  0.3143E+01  0.3136E+01  0.3128E+01  0.3120E+01
  0.3112E+01  0.3104E+01  0.3095E+01  0.3086E+01  0.3077E+01  0.3068E+01
  0.3059E+01  0.3050E+01  0.3040E+01  0.3030E+01  0.3020E+01  0.3010E+01
  0.2998E+01  0.2982E+01  0.2959E+01  0.2923E+01  0.2866E+01  0.2784E+01
  0.2674E+01  0.2537E+01  0.2377E+01  0.2199E+01  0.2006E+01  0.1801E+01
  0.1584E+01  0.1356E+01  0.1119E+01  0.8737E+00  0.6101E+00  0.3263E+00
  0.5585E-01  0.3258E+01  0.3258E+01  0.3257E+01  0.3256E+01  0.3255E+01
  0.3254E+01  0.3252E+01  0.3251E+01  0.3250E+01  0.3248E+01  0.3247E+01
  0.3245E+01  0.3243E+01  0.3241E+01  0.3239E+01  0.3237E+01  0.3235E+01
  0.3233E+01  0.3230E+01  0.3227E+01  0.3224E+01  0.3221E+01  0.3218E+01
  0.3214E+01  0.3210E+01  0.3206E+01  0.3202E+01  0.3197E+01  0.3192E+01
  0.3187E+01  0.3182E+01  0.3176E+01  0.3170E+01  0.3164E+01  0.3157E+01
  0.3150E+01  0.3143E+01  0.3136E+01  0.3128E+01  0.3120E+01  0.3112E+01
  0.3104E+01  0.3095E+01  0.3086E+01  0.3077E+01  0.3068E+01  0.3058E+01
  0.3049E+01  0.3039E+01  0.3030E+01  0.3020E+01  0.3009E+01  0.2997E+01
  0.2981E+01  0.2958E+01  0.2922E+01  0.2866E+01  0.2784E+01  0.2674E+01
  0.2537E+01  0.2377E+01  0.2199E+01  0.2006E+01  0.1801E+01  0.1584E+01
  0.1356E+01  0.1119E+01  0.8738E+00  0.6101E+00  0.3263E+00  0.5579E-01
  0.3258E+01  0.3258E+01  0.3257E+01  0.3256E+01  0.3255E+01  0.3254E+01
  0.3252E+01  0.3251E+01  0.3250E+01  0.3248E+01  0.3247E+01  0.3245E+01
  0.3243E+01  0.3241E+01  0.3239E+01  0.3237E+01  0.3235E+01  0.3233E+01
  0.3230E+01  0.3227E+01  0.3224E+01  0.3221E+01  0.3218E+01  0.3214E+01
  0.3210E+01  0.3206E+01  0.3202E+01  0.3197E+01  0.3192E+01  0.3187E+01
  0.3182E+01  0.3176E+01  0.3170E+01  0.3164E+01  0.3157E+01  0.3151E+01
  0.3144E+01  0.3136E+01  0.3128E+01  0.3120E+01  0.3112E+01  0.3104E+01
  0.3095E+01  0.3086E+01  0.3077E+01  0.3068E+01  0.3058E+01  0.3049E+01
  0.3039E+01  0.3029E+01  0.3019E+01  0.3009E+01  0.2996E+01  0.2980E+01
  0.2957E+01  0.2921E+01  0.2865E+01  0.2783E+01  0.2673E+01  0.2536E+01
  0.2377E+01  0.2198E+01  0.2006E+01  0.1801E+01  0.1584E+01  0.1356E+01
  0.1119E+01  0.8738E+00  0.6101E+00  0.3263E+00  0.5589E-01  0.3258E+01
  0.3258E+01  0.3257E+01  0.3256E+01  0.3255E+01  0.3254E+01  0.3252E+01
  0.3251E+01  0.3250E+01  0.3248E+01  0.3247E+01  0.3245E+01  0.3243E+01
  0.3241E+01  0.3239E+01  0.3237E+01  0.3235E+01  0.3233E+01  0.3230E+01
  0.3227E+01  0.3224E+01  0.3221E+01  0.3218E+01  0.3214E+01  0.3210E+01
  0.3206E+01  0.3202E+01  0.3197E+01  0.3192E+01  0.3187E+01  0.3182E+01
  0.3176E+01  0.3170E+01  0.3164E+01  0.3158E+01  0.3151E+01  0.3144E+01
  0.3136E+01  0.3129E+01  0.3121E+01  0.3112E+01  0.3104E+01  0.3095E+01
  0.3086E+01  0.3077E+01  0.3068E+01  0.3058E+01  0.3049E+01  0.3039E+01
  0.3029E+01  0.3019E+01  0.3008E+01  0.2996E+01  0.2980E+01  0.2957E+01
  0.2921E+01  0.2865E+01  0.2783E+01  0.2673E+01  0.2536E+01  0.2377E+01
  0.2198E+01  0.2006E+01  0.1801E+01  0.1584E+01  0.1356E+01  0.1119E+01
  0.8738E+00  0.6101E+00  0.3263E+00  0.5593E-01  0.3258E+01  0.3258E+01
  0.3257E+01  0.3256E+01  0.3255E+01  0.3254E+01  0.3252E+01  0.3251E+01
  0.3250E+01  0.3248E+01  0.3247E+01  0.3245E+01  0.3243E+01  0.3241E+01
  0.3239E+01  0.3237E+01  0.3235E+01  0.3233E+01  0.3230E+01  0.3227E+01
  0.3224E+01  0.3221E+01  0.3218E+01  0.3214E+01  0.3210E+01  0.3206E+01
  0.3202E+01  0.3197E+01  0.3192E+01  0.3187E+01  0.3182E+01  0.3176E+01
  0.3170E+01  0.3164E+01  0.3158E+01  0.3151E+01  0.3144E+01  0.3136E+01
  0.3129E+01  0.3121E+01  0.3112E+01  0.3104E+01  0.3095E+01  0.3086E+01
  0.3077E+01  0.3068E+01  0.3058E+01  0.3049E+01  0.3039E+01  0.3029E+01
  0.3019E+01  0.3009E+01  0.2996E+01  0.2980E+01  0.2957E+01  0.2921E+01
  0.2865E+01  0.2783E+01  0.2673E+01  0.2536E+01  0.2376E+01  0.2198E+01
  0.2005E+01  0.1800E+01  0.1584E+01  0.1356E+01  0.1119E+01  0.8738E+00
  0.6101E+00  0.3263E+00  0.5594E-01  0.3258E+01  0.3258E+01  0.3257E+01
  0.3256E+01  0.3255E+01  0.3254E+01  0.3252E+01  0.3251E+01  0.3250E+01
  0.3248E+01  0.3247E+01  0.3245E+01  0.3243E+01  0.3241E+01  0.3239E+01
  0.3237E+01  0.3235E+01  0.3233E+01  0.3230E+01  0.3227E+01  0.3224E+01
  0.3221E+01  0.3218E+01  0.3214E+01  0.3210E+01  0.3206E+01  0.3202E+01
  0.3197E+01  0.3192E+01  0.3187E+01  0.3182E+01  0.3176E+01  0.3170E+01
  0.3164E+01  0.3158E+01  0.3151E+01  0.3144E+01  0.3136E+01  0.3129E+01
  0.3121E+01  0.3112E+01  0.3104E+01  0.3095E+01  0.3086E+01  0.3077E+01
  0.3068E+01  0.3058E+01  0.3049E+01  0.3039E+01  0.3029E+01  0.3019E+01
  0.3009E+01  0.2996E+01  0.2980E+01  0.2957E+01  0.2921E+01  0.2865E+01
  0.2783E+01  0.2673E+01  0.2536E+01  0.2376E+01  0.2198E+01  0.2005E+01
  0.1800E+01  0.1584E+01  0.1356E+01  0.1119E+01  0.8738E+00  0.6101E+00
  0.3263E+00  0.5594E-01  0.3258E+01  0.3258E+01  0.3257E+01  0.3256E+01
  0.3255E+01  0.3254E+01  0.3252E+01  0.3251E+01  0.3250E+01  0.3248E+01
  0.3247E+01  0.3245E+01  0.3243E+01  0.3241E+01  0.3239E+01  0.3237E+01
  0.3235E+01  0.3233E+01  0.3230E+01  0.3227E+01  0.3224E+01  0.3221E+01
  0.3218E+01  0.3214E+01  0.3210E+01  0.3206E+01  0.3202E+01  0.3197E+01
  0.3192E+01  0.3187E+01  0.3182E+01  0.3176E+01  0.3170E+01  0.3164E+01
  0.3158E+01  0.3151E+01  0.3144E+01  0.3136E+01  0.3129E+01  0.3121E+01
  0.3112E+01  0.3104E+01  0.3095E+01  0.3086E+01  0.3077E+01  0.3068E+01
  0.3058E+01  0.3049E+01  0.3039E+01  0.3029E+01  0.3019E+01  0.3009E+01
  0.2996E+01  0.2980E+01  0.2957E+01  0.2921E+01  0.2865E+01  0.2783E+01
  0.2673E+01  0.2536E+01  0.2377E+01  0.2198E+01  0.2006E+01  0.1800E+01
  0.1584E+01  0.1356E+01  0.1119E+01  0.8738E+00  0.6101E+00  0.3263E+00
  0.5594E-01  0.3258E+01  0.3258E+01  0.3257E+01  0.3256E+01  0.3255E+01
  0.3254E+01  0.3252E+01  0.3251E+01  0.3250E+01  0.3248E+01  0.3247E+01
  0.3245E+01  0.3243E+01  0.3241E+01  0.3239E+01  0.3237E+01  0.3235E+01
  0.3233E+01  0.3230E+01  0.3227E+01  0.3224E+01  0.3221E+01  0.3218E+01
  0.3214E+01  0.3210E+01  0.3206E+01  0.3202E+01  0.3197E+01  0.3192E+01
  0.3187E+01  0.3182E+01  0.3176E+01  0.3170E+01  0.3164E+01  0.3158E+01
  0.3151E+01  0.3144E+01  0.3136E+01  0.3129E+01  0.3121E+01  0.3112E+01
  0.3104E+01  0.3095E+01  0.3086E+01  0.3077E+01  0.3068E+01  0.3058E+01
  0.3049E+01  0.3039E+01  0.3029E+01  0.3019E+01  0.3009E+01  0.2996E+01
  0.2980E+01  0.2957E+01  0.2921E+01  0.2865E+01  0.2783E+01  0.2673E+01
  0.2536E+01  0.2377E+01  0.2198E+01  0.2006E+01  0.1800E+01  0.1584E+01
  0.1356E+01  0.1119E+01  0.8738E+00  0.6101E+00  0.3263E+00  0.5594E-01
  0.3258E+01  0.3258E+01  0.3257E+01  0.3256E+01  0.3255E+01  0.3254E+01
  0.3252E+01  0.3251E+01  0.3250E+01  0.3248E+01  0.3247E+01  0.3245E+01
  0.3243E+01  0.3241E+01  0.3239E+01  0.3237E+01  0.3235E+01  0.3233E+01
  0.3230E+01  0.3227E+01  0.3224E+01  0.3221E+01  0.3218E+01  0.3214E+01
  0.3210E+01  0.3206E+01  0.3202E+01  0.3197E+01  0.3192E+01  0.3187E+01
  0.3182E+01  0.3176E+01  0.3170E+01  0.3164E+01  0.3158E+01  0.3151E+01
  0.3144E+01  0.3136E+01  0.3129E+01  0.3121E+01  0.3112E+01  0.3104E+01
  0.3095E+01  0.3086E+01  0.3077E+01  0.3068E+01  0.3058E+01  0.3049E+01
  0.3039E+01  0.3029E+01  0.3019E+01  0.3009E+01  0.2996E+01  0.2980E+01
  0.2957E+01  0.2921E+01  0.2865E+01  0.2783E+01  0.2673E+01  0.2536E+01
  0.2377E+01  0.2198E+01  0.2006E+01  0.1800E+01  0.1584E+01  0.1356E+01
  0.1119E+01  0.8738E+00  0.6101E+00  0.3263E+00  0.5594E-01  0.3258E+01
  0.3258E+01  0.3257E+01  0.3256E+01  0.3255E+01  0.3254E+01  0.3252E+01
  0.3251E+01  0.3250E+01  0.3248E+01  0.3247E+01  0.3245E+01  0.3243E+01
  0.3241E+01  0.3239E+01  0.3237E+01  0.3235E+01  0.3233E+01  0.3230E+01
  0.3227E+01  0.3224E+01  0.3221E+01  0.3218E+01  0.3214E+01  0.3210E+01
  0.3206E+01  0.3202E+01  0.3197E+01  0.3192E+01  0.3187E+01  0.3182E+01
  0.3176E+01  0.3170E+01  0.3164E+01  0.3158E+01  0.3151E+01  0.3144E+01
  0.3136E+01  0.3129E+01  0.3121E+01  0.3112E+01  0.3104E+01  0.3095E+01
  0.3086E+01  0.3077E+01  0.3068E+01  0.3058E+01  0.3049E+01  0.3039E+01
  0.3029E+01  0.3019E+01  0.3009E+01  0.2996E+01  0.2980E+01  0.2957E+01
  0.2921E+01  0.2865E+01  0.2783E+01  0.2673E+01  0.2536E+01  0.2377E+01
  0.2198E+01  0.2006E+01  0.1800E+01  0.1584E+01  0.1356E+01  0.1119E+01
  0.8738E+00  0.6101E+00  0.3263E+00  0.5594E-01  0.3258E+01  0.3258E+01
  0.3257E+01  0.3256E+01  0.3255E+01  0.3254E+01  0.3252E+01  0.3251E+01
  0.3250E+01  0.3248E+01  0.3247E+01  0.3245E+01  0.3243E+01  0.3241E+01
  0.3239E+01  0.3237E+01  0.3235E+01  0.3233E+01  0.3230E+01  0.3227E+01
  0.3224E+01  0.3221E+01  0.3218E+01  0.3214E+01  0.3210E+01  0.3206E+01
  0.3202E+01  0.3197E+01  0.3192E+01  0.3187E+01  0.3182E+01  0.3176E+01
  0.3170E+01  0.3164E+01  0.3158E+01  0.3151E+01  0.3144E+01  0.3136E+01
  0.3129E+01  0.3121E+01  0.3112E+01  0.3104E+01  0.3095E+01  0.3086E+01
  0.3077E+01  0.3068E+01  0.3058E+01  0.3049E+01  0.3039E+01  0.3029E+01
  0.3019E+01  0.3009E+01  0.2996E+01  0.2980E+01  0.2957E+01  0.2921E+01
  0.2865E+01  0.2783E+01  0.2673E+01  0.2536E+01  0.2377E+01  0.2198E+01
  0.2006E+01  0.1800E+01  0.1584E+01  0.1356E+01  0.1119E+01  0.8738E+00
  0.6101E+00  0.3263E+00  0.5594E-01  0.3258E+01  0.3258E+01  0.3257E+01
  0.3256E+01  0.3255E+01  0.3254E+01  0.3252E+01  0.3251E+01  0.3250E+01
  0.3248E+01  0.3247E+01  0.3245E+01  0.3243E+01  0.3241E+01  0.3239E+01
  0.3237E+01  0.3235E+01  0.3233E+01  0.3230E+01  0.3227E+01  0.3224E+01
  0.3221E+01  0.3218E+01  0.3214E+01  0.3210E+01  0.3206E+01  0.3202E+01
  0.3197E+01  0.3192E+01  0.3187E+01  0.3182E+01  0.3176E+01  0.3170E+01
  0.3164E+01  0.3158E+01  0.3151E+01  0.3144E+01  0.3136E+01  0.3129E+01
  0.3121E+01  0.3112E+01  0.3104E+01  0.3095E+01  0.3086E+01  0.3077E+01
  0.3068E+01  0.3058E+01  0.3049E+01  0.3039E+01  0.3029E+01  0.3019E+01
  0.3009E+01  0.2996E+01  0.2980E+01  0.2957E+01  0.2921E+01  0.2865E+01
  0.2783E+01  0.2673E+01  0.2536E+01  0.2377E+01  0.2198E+01  0.2006E+01
  0.1800E+01  0.1584E+01  0.1356E+01  0.1119E+01  0.8738E+00  0.6101E+00
  0.3263E+00  0.5594E-01  0.3258E+01  0.3258E+01  0.3257E+01  0.3256E+01
  0.3255E+01  0.3254E+01  0.3252E+01  0.3251E+01  0.3250E+01  0.3248E+01
  0.3247E+01  0.3245E+01  0.3243E+01  0.3241E+01  0.3239E+01  0.3237E+01
  0.3235E+01  0.3233E+01  0.3230E+01  0.3227E+01  0.3224E+01  0.3221E+01
  0.3218E+01  0.3214E+01  0.3210E+01  0.3206E+01  0.3202E+01  0.3197E+01
  0.3192E+01  0.3187E+01  0.3182E+01  0.3176E+01  0.3170E+01  0.3164E+01
  0.3158E+01  0.3151E+01  0.3144E+01  0.3136E+01  0.3129E+01  0.3121E+01
  0.3112E+01  0.3104E+01  0.3095E+01  0.3086E+01  0.3077E+01  0.3068E+01
  0.3058E+01  0.3049E+01  0.3039E+01  0.3029E+01  0.3019E+01  0.3009E+01
  0.2996E+01  0.2980E+01  0.2957E+01  0.2921E+01  0.2865E+01  0.2783E+01
  0.2673E+01  0.2536E+01  0.2377E+01  0.2198E+01  0.2006E+01  0.1800E+01
  0.1584E+01  0.1356E+01  0.1119E+01  0.8738E+00  0.6101E+00  0.3263E+00
  0.5594E-01  0.3258E+01  0.3258E+01  0.3257E+01  0.3256E+01  0.3255E+01
  0.3254E+01  0.3252E+01  0.3251E+01  0.3250E+01  0.3248E+01  0.3247E+01
  0.3245E+01  0.3243E+01  0.3241E+01  0.3239E+01  0.3237E+01  0.3235E+01
  0.3233E+01  0.3230E+01  0.3227E+01  0.3224E+01  0.3221E+01  0.3218E+01
  0.3214E+01  0.3210E+01  0.3206E+01  0.3202E+01  0.3197E+01  0.3192E+01
  0.3187E+01  0.3182E+01  0.3176E+01  0.3170E+01  0.3164E+01  0.3158E+01
  0.3151E+01  0.3144E+01  0.3136E+01  0.3129E+01  0.3121E+01  0.3112E+01
  0.3104E+01  0.3095E+01  0.3086E+01  0.3077E+01  0.3068E+01  0.3058E+01
  0.3049E+01  0.3039E+01  0.3029E+01  0.3019E+01  0.3009E+01  0.2996E+01
  0.2980E+01  0.2957E+01  0.2921E+01  0.2865E+01  0.2783E+01  0.2673E+01
  0.2536E+01  0.2377E+01  0.2198E+01  0.2006E+01  0.1800E+01  0.1584E+01
  0.1356E+01  0.1119E+01  0.8738E+00  0.6101E+00  0.3263E+00  0.5594E-01
  0.3258E+01  0.3258E+01  0.3257E+01  0.3256E+01  0.3255E+01  0.3254E+01
  0.3252E+01  0.3251E+01  0.3250E+01  0.3248E+01  0.3247E+01  0.3245E+01
  0.3243E+01  0.3241E+01  0.3239E+01  0.3237E+01  0.3235E+01  0.3233E+01
  0.3230E+01  0.3227E+01  0.3224E+01  0.3221E+01  0.3218E+01  0.3214E+01
  0.3210E+01  0.3206E+01  0.3202E+01  0.3197E+01  0.3192E+01  0.3187E+01
  0.3182E+01  0.3176E+01  0.3170E+01  0.3164E+01  0.3158E+01  0.3151E+01
  0.3144E+01  0.3136E+01  0.3129E+01  0.3121E+01  0.3112E+01  0.3104E+01
  0.3095E+01  0.3086E+01  0.3077E+01  0.3068E+01  0.3058E+01  0.3049E+01
  0.3039E+01  0.3029E+01  0.3019E+01  0.3009E+01  0.2996E+01  0.2980E+01
  0.2957E+01  0.2921E+01  0.2865E+01  0.2783E+01  0.2673E+01  0.2536E+01
  0.2377E+01  0.2198E+01  0.2006E+01  0.1800E+01  0.1584E+01  0.1356E+01
  0.1119E+01  0.8738E+00  0.6101E+00  0.3263E+00  0.5594E-01  0.3258E+01
  0.3258E+01  0.3257E+01  0.3256E+01  0.3255E+01  0.3254E+01  0.3252E+01
  0.3251E+01  0.3250E+01  0.3248E+01  0.3247E+01  0.3245E+01  0.3243E+01
  0.3241E+01  0.3239E+01  0.3237E+01  0.3235E+01  0.3233E+01  0.3230E+01
  0.3227E+01  0.3224E+01  0.3221E+01  0.3218E+01  0.3214E+01  0.3210E+01
  0.3206E+01  0.3202E+01  0.3197E+01  0.3192E+01  0.3187E+01  0.3182E+01
  0.3176E+01  0.3170E+01  0.3164E+01  0.3158E+01  0.3151E+01  0.3144E+01
  0.3136E+01  0.3129E+01  0.3121E+01  0.3112E+01  0.3104E+01  0.3095E+01
  0.3086E+01  0.3077E+01  0.3068E+01  0.3058E+01  0.3049E+01  0.3039E+01
  0.3029E+01  0.3019E+01  0.3009E+01  0.2996E+01  0.2980E+01  0.2957E+01
  0.2921E+01  0.2865E+01  0.2783E+01  0.2673E+01  0.2536E+01  0.2377E+01
  0.2198E+01  0.2006E+01  0.1800E+01  0.1584E+01  0.1356E+01  0.1119E+01
  0.8738E+00  0.6101E+00  0.3263E+00  0.5594E-01  0.3258E+01  0.3258E+01
  0.3257E+01  0.3256E+01  0.3255E+01  0.3254E+01  0.3252E+01  0.3251E+01
  0.3250E+01  0.3248E+01  0.3247E+01  0.3245E+01  0.3243E+01  0.3241E+01
  0.3239E+01  0.3237E+01  0.3235E+01  0.3233E+01  0.3230E+01  0.3227E+01
  0.3224E+01  0.3221E+01  0.3218E+01  0.3214E+01  0.3210E+01  0.3206E+01
  0.3202E+01  0.3197E+01  0.3192E+01  0.3187E+01  0.3182E+01  0.3176E+01
  0.3170E+01  0.3164E+01  0.3158E+01  0.3151E+01  0.3144E+01  0.3136E+01
  0.3129E+01  0.3121E+01  0.3112E+01  0.3104E+01  0.3095E+01  0.3086E+01
  0.3077E+01  0.3068E+01  0.3058E+01  0.3049E+01  0.3039E+01  0.3029E+01
  0.3019E+01  0.3009E+01  0.2996E+01  0.2980E+01  0.2957E+01  0.2921E+01
  0.2865E+01  0.2783E+01  0.2673E+01  0.2536E+01  0.2377E+01  0.2198E+01
  0.2006E+01  0.1800E+01  0.1584E+01  0.1356E+01  0.1119E+01  0.8738E+00
  0.6101E+00  0.3263E+00  0.5594E-01  0.3258E+01  0.3258E+01  0.3257E+01
  0.3256E+01  0.3255E+01  0.3254E+01  0.3252E+01  0.3251E+01  0.3250E+01
  0.3248E+01  0.3247E+01  0.3245E+01  0.3243E+01  0.3241E+01  0.3239E+01
  0.3237E+01  0.3235E+01  0.3233E+01  0.3230E+01  0.3227E+01  0.3224E+01
  0.3221E+01  0.3218E+01  0.3214E+01  0.3210E+01  0.3206E+01  0.3202E+01
  0.3197E+01  0.3192E+01  0.3187E+01  0.3182E+01  0.3176E+01  0.3170E+01
  0.3164E+01  0.3158E+01  0.3151E+01  0.3144E+01  0.3136E+01  0.3129E+01
  0.3121E+01  0.3112E+01  0.3104E+01  0.3095E+01  0.3086E+01  0.3077E+01
  0.3068E+01  0.3058E+01  0.3049E+01  0.3039E+01  0.3029E+01  0.3019E+01
  0.3009E+01  0.2996E+01  0.2980E+01  0.2957E+01  0.2921E+01  0.2865E+01
  0.2783E+01  0.2673E+01  0.2536E+01  0.2377E+01  0.2198E+01  0.2006E+01
  0.1800E+01  0.1584E+01  0.1356E+01  0.1119E+01  0.8738E+00  0.6101E+00
  0.3263E+00  0.5594E-01  0.3258E+01  0.3258E+01  0.3257E+01  0.3256E+01
  0.3255E+01  0.3254E+01  0.3252E+01  0.3251E+01  0.3250E+01  0.3248E+01
  0.3247E+01  0.3245E+01  0.3243E+01  0.3241E+01  0.3239E+01  0.3237E+01
  0.3235E+01  0.3233E+01  0.3230E+01  0.3227E+01  0.3224E+01  0.3221E+01
  0.3218E+01  0.3214E+01  0.3210E+01  0.3206E+01  0.3202E+01  0.3197E+01
  0.3192E+01  0.3187E+01  0.3182E+01  0.3176E+01  0.3170E+01  0.3164E+01
  0.3158E+01  0.3151E+01  0.3144E+01  0.3136E+01  0.3129E+01  0.3121E+01
  0.3112E+01  0.3104E+01  0.3095E+01  0.3086E+01  0.3077E+01  0.3068E+01
  0.3058E+01  0.3049E+01  0.3039E+01  0.3029E+01  0.3019E+01  0.3009E+01
  0.2996E+01  0.2980E+01  0.2957E+01  0.2921E+01  0.2865E+01  0.2783E+01
  0.2673E+01  0.2536E+01  0.2377E+01  0.2198E+01  0.2006E+01  0.1800E+01
  0.1584E+01  0.1356E+01  0.1119E+01  0.8738E+00  0.6101E+00  0.3263E+00
  0.5594E-01  0.3258E+01  0.3258E+01  0.3257E+01  0.3256E+01  0.3255E+01
  0.3254E+01  0.3252E+01  0.3251E+01  0.3250E+01  0.3248E+01  0.3247E+01
  0.3245E+01  0.3243E+01  0.3241E+01  0.3239E+01  0.3237E+01  0.3235E+01
  0.3233E+01  0.3230E+01  0.3227E+01  0.3224E+01  0.3221E+01  0.3218E+01
  0.3214E+01  0.3210E+01  0.3206E+01  0.3202E+01  0.3197E+01  0.3192E+01
  0.3187E+01  0.3182E+01  0.3176E+01  0.3170E+01  0.3164E+01  0.3158E+01
  0.3151E+01  0.3144E+01  0.3136E+01  0.3129E+01  0.3121E+01  0.3112E+01
  0.3104E+01  0.3095E+01  0.3086E+01  0.3077E+01  0.3068E+01  0.3058E+01
  0.3049E+01  0.3039E+01  0.3029E+01  0.3019E+01  0.3009E+01  0.2996E+01
  0.2980E+01  0.2957E+01  0.2921E+01  0.2865E+01  0.2783E+01  0.2673E+01
  0.2536E+01  0.2377E+01  0.2198E+01  0.2006E+01  0.1800E+01  0.1584E+01
  0.1356E+01  0.1119E+01  0.8738E+00  0.6101E+00  0.3263E+00  0.5594E-01
  0.3258E+01  0.3258E+01  0.3257E+01  0.3256E+01  0.3255E+01  0.3254E+01
  0.3252E+01  0.3251E+01  0.3250E+01  0.3248E+01  0.3247E+01  0.3245E+01
  0.3243E+01  0.3241E+01  0.3239E+01  0.3237E+01  0.3235E+01  0.3233E+01
  0.3230E+01  0.3227E+01  0.3224E+01  0.3221E+01  0.3218E+01  0.3214E+01
  0.3210E+01  0.3206E+01  0.3202E+01  0.3197E+01  0.3192E+01  0.3187E+01
  0.3182E+01  0.3176E+01  0.3170E+01  0.3164E+01  0.3158E+01  0.3151E+01
  0.3144E+01  0.3136E+01  0.3129E+01  0.3121E+01  0.3112E+01  0.3104E+01
  0.3095E+01  0.3086E+01  0.3077E+01  0.3068E+01  0.3058E+01  0.3049E+01
  0.3039E+01  0.3029E+01  0.3019E+01  0.3009E+01  0.2996E+01  0.2980E+01
  0.2957E+01  0.2921E+01  0.2865E+01  0.2783E+01  0.2673E+01  0.2536E+01
  0.2377E+01  0.2198E+01  0.2006E+01  0.1800E+01  0.1584E+01  0.1356E+01
  0.1119E+01  0.8738E+00  0.6101E+00  0.3263E+00  0.5594E-01  0.3258E+01
  0.3258E+01  0.3257E+01  0.3256E+01  0.3255E+01  0.3254E+01  0.3252E+01
  0.3251E+01  0.3250E+01  0.3248E+01  0.3247E+01  0.3245E+01  0.3243E+01
  0.3241E+01  0.3239E+01  0.3237E+01  0.3235E+01  0.3233E+01  0.3230E+01
  0.3227E+01  0.3224E+01  0.3221E+01  0.3218E+01  0.3214E+01  0.3210E+01
  0.3206E+01  0.3202E+01  0.3197E+01  0.3192E+01  0.3187E+01  0.3182E+01
  0.3176E+01  0.3170E+01  0.3164E+01  0.3158E+01  0.3151E+01  0.3144E+01
  0.3136E+01  0.3129E+01  0.3121E+01  0.3112E+01  0.3104E+01  0.3095E+01
  0.3086E+01  0.3077E+01  0.3068E+01  0.3058E+01  0.3049E+01  0.3039E+01
  0.3029E+01  0.3019E+01  0.3009E+01  0.2996E+01  0.2980E+01  0.2957E+01
  0.2921E+01  0.2865E+01  0.2783E+01  0.2673E+01  0.2536E+01  0.2377E+01
  0.2198E+01  0.2006E+01  0.1800E+01  0.1584E+01  0.1356E+01  0.1119E+01
  0.8738E+00  0.6101E+00  0.3263E+00  0.5594E-01  0.3258E+01  0.3258E+01
  0.3257E+01  0.3256E+01  0.3255E+01  0.3254E+01  0.3252E+01  0.3251E+01
  0.3250E+01  0.3248E+01  0.3247E+01  0.3245E+01  0.3243E+01  0.3241E+01
  0.3239E+01  0.3237E+01  0.3235E+01  0.3233E+01  0.3230E+01  0.3227E+01
  0.3224E+01  0.3221E+01  0.3218E+01  0.3214E+01  0.3210E+01  0.3206E+01
  0.3202E+01  0.3197E+01  0.3192E+01  0.3187E+01  0.3182E+01  0.3176E+01
  0.3170E+01  0.3164E+01  0.3158E+01  0.3151E+01  0.3144E+01  0.3136E+01
  0.3129E+01  0.3121E+01  0.3112E+01  0.3104E+01  0.3095E+01  0.3086E+01
  0.3077E+01  0.3068E+01  0.3058E+01  0.3049E+01  0.3039E+01  0.3029E+01
  0.3019E+01  0.3009E+01  0.2996E+01  0.2980E+01  0.2957E+01  0.2921E+01
  0.2865E+01  0.2783E+01  0.2673E+01  0.2536E+01  0.2377E+01  0.2198E+01
  0.2006E+01  0.1800E+01  0.1584E+01  0.1356E+01  0.1119E+01  0.8738E+00
  0.6101E+00  0.3263E+00  0.5594E-01  0.3258E+01  0.3258E+01  0.3257E+01
  0.3256E+01  0.3255E+01  0.3254E+01  0.3252E+01  0.3251E+01  0.3250E+01
  0.3248E+01  0.3247E+01  0.3245E+01  0.3243E+01  0.3241E+01  0.3239E+01
  0.3237E+01  0.3235E+01  0.3233E+01  0.3230E+01  0.3227E+01  0.3224E+01
  0.3221E+01  0.3218E+01  0.3214E+01  0.3210E+01  0.3206E+01  0.3202E+01
  0.3197E+01  0.3192E+01  0.3187E+01  0.3182E+01  0.3176E+01  0.3170E+01
  0.3164E+01  0.3158E+01  0.3151E+01  0.3144E+01  0.3136E+01  0.3129E+01
  0.3121E+01  0.3112E+01  0.3104E+01  0.3095E+01  0.3086E+01  0.3077E+01
  0.3068E+01  0.3058E+01  0.3049E+01  0.3039E+01  0.3029E+01  0.3019E+01
  0.3009E+01  0.2996E+01  0.2980E+01  0.2957E+01  0.2921E+01  0.2865E+01
  0.2783E+01  0.2673E+01  0.2536E+01  0.2377E+01  0.2198E+01  0.2006E+01
  0.1800E+01  0.1584E+01  0.1356E+01  0.1119E+01  0.8738E+00  0.6101E+00
  0.3263E+00  0.5594E-01  0.3258E+01  0.3258E+01  0.3257E+01  0.3256E+01
  0.3255E+01  0.3254E+01  0.3252E+01  0.3251E+01  0.3250E+01  0.3248E+01
  0.3247E+01  0.3245E+01  0.3243E+01  0.3241E+01  0.3239E+01  0.3237E+01
  0.3235E+01  0.3233E+01  0.3230E+01  0.3227E+01  0.3224E+01  0.3221E+01
  0.3218E+01  0.3214E+01  0.3210E+01  0.3206E+01  0.3202E+01  0.3197E+01
  0.3192E+01  0.3187E+01  0.3182E+01  0.3176E+01  0.3170E+01  0.3164E+01
  0.3158E+01  0.3151E+01  0.3144E+01  0.3136E+01  0.3129E+01  0.3121E+01
  0.3112E+01  0.3104E+01  0.3095E+01  0.3086E+01  0.3077E+01  0.3068E+01
  0.3058E+01  0.3049E+01  0.3039E+01  0.3029E+01  0.3019E+01  0.3009E+01
  0.2996E+01  0.2980E+01  0.2957E+01  0.2921E+01  0.2865E+01  0.2783E+01
  0.2673E+01  0.2536E+01  0.2377E+01  0.2198E+01  0.2006E+01  0.1800E+01
  0.1584E+01  0.1356E+01  0.1119E+01  0.8738E+00  0.6101E+00  0.3263E+00
  0.5594E-01  0.3258E+01  0.3258E+01  0.3257E+01  0.3256E+01  0.3255E+01
  0.3254E+01  0.3252E+01  0.3251E+01  0.3250E+01  0.3248E+01  0.3247E+01
  0.3245E+01  0.3243E+01  0.3241E+01  0.3239E+01  0.3237E+01  0.3235E+01
  0.3233E+01  0.3230E+01  0.3227E+01  0.3224E+01  0.3221E+01  0.3218E+01
  0.3214E+01  0.3210E+01  0.3206E+01  0.3202E+01  0.3197E+01  0.3192E+01
  0.3187E+01  0.3182E+01  0.3176E+01  0.3170E+01  0.3164E+01  0.3158E+01
  0.3151E+01  0.3144E+01  0.3136E+01  0.3129E+01  0.3121E+01  0.3112E+01
  0.3104E+01  0.3095E+01  0.3086E+01  0.3077E+01  0.3068E+01  0.3058E+01
  0.3049E+01  0.3039E+01  0.3029E+01  0.3019E+01  0.3009E+01  0.2996E+01
  0.2980E+01  0.2957E+01  0.2921E+01  0.2865E+01  0.2783E+01  0.2673E+01
  0.2536E+01  0.2377E+01  0.2198E+01  0.2006E+01  0.1800E+01  0.1584E+01
  0.1356E+01  0.1119E+01  0.8738E+00  0.6101E+00  0.3263E+00  0.5594E-01
  0.3258E+01  0.3258E+01  0.3257E+01  0.3256E+01  0.3255E+01  0.3254E+01
  0.3252E+01  0.3251E+01  0.3250E+01  0.3248E+01  0.3247E+01  0.3245E+01
  0.3243E+01  0.3241E+01  0.3239E+01  0.3237E+01  0.3235E+01  0.3233E+01
  0.3230E+01  0.3227E+01  0.3224E+01  0.3221E+01  0.3218E+01  0.3214E+01
  0.3210E+01  0.3206E+01  0.3202E+01  0.3197E+01  0.3192E+01  0.3187E+01
  0.3182E+01  0.3176E+01  0.3170E+01  0.3164E+01  0.3158E+01  0.3151E+01
  0.3144E+01  0.3136E+01  0.3129E+01  0.3121E+01  0.3112E+01  0.3104E+01
  0.3095E+01  0.3086E+01  0.3077E+01  0.3068E+01  0.3058E+01  0.3049E+01
  0.3039E+01  0.3029E+01  0.3019E+01  0.3009E+01  0.2996E+01  0.2980E+01
  0.2957E+01  0.2921E+01  0.2865E+01  0.2783E+01  0.2673E+01  0.2536E+01
  0.2377E+01  0.2198E+01  0.2006E+01  0.1800E+01  0.1584E+01  0.1356E+01
  0.1119E+01  0.8738E+00  0.6101E+00  0.3263E+00  0.5594E-01  0.3258E+01
  0.3258E+01  0.3257E+01  0.3256E+01  0.3255E+01  0.3254E+01  0.3252E+01
  0.3251E+01  0.3250E+01  0.3248E+01  0.3247E+01  0.3245E+01  0.3243E+01
  0.3241E+01  0.3239E+01  0.3237E+01  0.3235E+01  0.3233E+01  0.3230E+01
  0.3227E+01  0.3224E+01  0.3221E+01  0.3218E+01  0.3214E+01  0.3210E+01
  0.3206E+01  0.3202E+01  0.3197E+01  0.3192E+01  0.3187E+01  0.3182E+01
  0.3176E+01  0.3170E+01  0.3164E+01  0.3158E+01  0.3151E+01  0.3144E+01
  0.3136E+01  0.3129E+01  0.3121E+01  0.3112E+01  0.3104E+01  0.3095E+01
  0.3086E+01  0.3077E+01  0.3068E+01  0.3058E+01  0.3049E+01  0.3039E+01
  0.3029E+01  0.3019E+01  0.3009E+01  0.2996E+01  0.2980E+01  0.2957E+01
  0.2921E+01  0.2865E+01  0.2783E+01  0.2673E+01  0.2536E+01  0.2377E+01
  0.2198E+01  0.2006E+01  0.1800E+01  0.1584E+01  0.1356E+01  0.1119E+01
  0.8738E+00  0.6101E+00  0.3263E+00  0.5594E-01  0.3258E+01  0.3258E+01
  0.3257E+01  0.3256E+01  0.3255E+01  0.3254E+01  0.3252E+01  0.3251E+01
  0.3250E+01  0.3248E+01  0.3247E+01  0.3245E+01  0.3243E+01  0.3241E+01
  0.3239E+01  0.3237E+01  0.3235E+01  0.3233E+01  0.3230E+01  0.3227E+01
  0.3224E+01  0.3221E+01  0.3218E+01  0.3214E+01  0.3210E+01  0.3206E+01
  0.3202E+01  0.3197E+01  0.3192E+01  0.3187E+01  0.3182E+01  0.3176E+01
  0.3170E+01  0.3164E+01  0.3158E+01  0.3151E+01  0.3144E+01  0.3136E+01
  0.3129E+01  0.3121E+01  0.3112E+01  0.3104E+01  0.3095E+01  0.3086E+01
  0.3077E+01  0.3068E+01  0.3058E+01  0.3049E+01  0.3039E+01  0.3029E+01
  0.3019E+01  0.3009E+01  0.2996E+01  0.2980E+01  0.2957E+01  0.2921E+01
  0.2865E+01  0.2783E+01  0.2673E+01  0.2536E+01  0.2377E+01  0.2198E+01
  0.2006E+01  0.1800E+01  0.1584E+01  0.1356E+01  0.1119E+01  0.8738E+00
  0.6101E+00  0.3263E+00  0.5594E-01  0.3258E+01  0.3258E+01  0.3257E+01
  0.3256E+01  0.3255E+01  0.3254E+01  0.3252E+01  0.3251E+01  0.3250E+01
  0.3248E+01  0.3247E+01  0.3245E+01  0.3243E+01  0.3241E+01  0.3239E+01
  0.3237E+01  0.3235E+01  0.3233E+01  0.3230E+01  0.3227E+01  0.3224E+01
  0.3221E+01  0.3218E+01  0.3214E+01  0.3210E+01  0.3206E+01  0.3202E+01
  0.3197E+01  0.3192E+01  0.3187E+01  0.3182E+01  0.3176E+01  0.3170E+01
  0.3164E+01  0.3158E+01  0.3151E+01  0.3144E+01  0.3136E+01  0.3129E+01
  0.3121E+01  0.3112E+01  0.3104E+01  0.3095E+01  0.3086E+01  0.3077E+01
  0.3068E+01  0.3058E+01  0.3049E+01  0.3039E+01  0.3029E+01  0.3019E+01
  0.3009E+01  0.2996E+01  0.2980E+01  0.2957E+01  0.2921E+01  0.2865E+01
  0.2783E+01  0.2673E+01  0.2536E+01  0.2377E+01  0.2198E+01  0.2006E+01
  0.1800E+01  0.1584E+01  0.1356E+01  0.1119E+01  0.8738E+00  0.6101E+00
  0.3263E+00  0.5594E-01  0.3258E+01  0.3258E+01  0.3257E+01  0.3256E+01
  0.3255E+01  0.3254E+01  0.3252E+01  0.3251E+01  0.3250E+01  0.3248E+01
  0.3247E+01  0.3245E+01  0.3243E+01  0.3241E+01  0.3239E+01  0.3237E+01
  0.3235E+01  0.3233E+01  0.3230E+01  0.3227E+01  0.3224E+01  0.3221E+01
  0.3218E+01  0.3214E+01  0.3210E+01  0.3206E+01  0.3202E+01  0.3197E+01
  0.3192E+01  0.3187E+01  0.3182E+01  0.3176E+01  0.3170E+01  0.3164E+01
  0.3158E+01  0.3151E+01  0.3144E+01  0.3136E+01  0.3129E+01  0.3121E+01
  0.3112E+01  0.3104E+01  0.3095E+01  0.3086E+01  0.3077E+01  0.3068E+01
  0.3058E+01  0.3049E+01  0.3039E+01  0.3029E+01  0.3019E+01  0.3009E+01
  0.2996E+01  0.2980E+01  0.2957E+01  0.2921E+01  0.2865E+01  0.2783E+01
  0.2673E+01  0.2536E+01  0.2377E+01  0.2198E+01  0.2006E+01  0.1800E+01
  0.1584E+01  0.1356E+01  0.1119E+01  0.8738E+00  0.6101E+00  0.3263E+00
  0.5594E-01  0.3258E+01  0.3258E+01  0.3257E+01  0.3256E+01  0.3255E+01
  0.3254E+01  0.3252E+01  0.3251E+01  0.3250E+01  0.3248E+01  0.3247E+01
  0.3245E+01  0.3243E+01  0.3241E+01  0.3239E+01  0.3237E+01  0.3235E+01
  0.3233E+01  0.3230E+01  0.3227E+01  0.3224E+01  0.3221E+01  0.3218E+01
  0.3214E+01  0.3210E+01  0.3206E+01  0.3202E+01  0.3197E+01  0.3192E+01
  0.3187E+01  0.3182E+01  0.3176E+01  0.3170E+01  0.3164E+01  0.3158E+01
  0.3151E+01  0.3144E+01  0.3136E+01  0.3129E+01  0.3121E+01  0.3112E+01
  0.3104E+01  0.3095E+01  0.3086E+01  0.3077E+01  0.3068E+01  0.3058E+01
  0.3049E+01  0.3039E+01  0.3029E+01  0.3019E+01  0.3009E+01  0.2996E+01
  0.2980E+01  0.2957E+01  0.2921E+01  0.2865E+01  0.2783E+01  0.2673E+01
  0.2536E+01  0.2377E+01  0.2198E+01  0.2006E+01  0.1800E+01  0.1584E+01
  0.1356E+01  0.1119E+01  0.8738E+00  0.6101E+00  0.3263E+00  0.5594E-01
  0.3258E+01  0.3258E+01  0.3257E+01  0.3256E+01  0.3255E+01  0.3254E+01
  0.3252E+01  0.3251E+01  0.3250E+01  0.3248E+01  0.3247E+01  0.3245E+01
  0.3243E+01  0.3241E+01  0.3239E+01  0.3237E+01  0.3235E+01  0.3233E+01
  0.3230E+01  0.3227E+01  0.3224E+01  0.3221E+01  0.3218E+01  0.3214E+01
  0.3210E+01  0.3206E+01  0.3202E+01  0.3197E+01  0.3192E+01  0.3187E+01
  0.3182E+01  0.3176E+01  0.3170E+01  0.3164E+01  0.3158E+01  0.3151E+01
  0.3144E+01  0.3136E+01  0.3129E+01  0.3121E+01  0.3112E+01  0.3104E+01
  0.3095E+01  0.3086E+01  0.3077E+01  0.3068E+01  0.3058E+01  0.3049E+01
  0.3039E+01  0.3029E+01  0.3019E+01  0.3009E+01  0.2996E+01  0.2980E+01
  0.2957E+01  0.2921E+01  0.2865E+01  0.2783E+01  0.2673E+01  0.2536E+01
  0.2377E+01  0.2198E+01  0.2006E+01  0.1800E+01  0.1584E+01  0.1356E+01
  0.1119E+01  0.8738E+00  0.6101E+00  0.3263E+00  0.5594E-01  0.3258E+01
  0.3258E+01  0.3257E+01  0.3256E+01  0.3255E+01  0.3254E+01  0.3252E+01
  0.3251E+01  0.3250E+01  0.3248E+01  0.3247E+01  0.3245E+01  0.3243E+01
  0.3241E+01  0.3239E+01  0.3237E+01  0.3235E+01  0.3233E+01  0.3230E+01
  0.3227E+01  0.3224E+01  0.3221E+01  0.3218E+01  0.3214E+01  0.3210E+01
  0.3206E+01  0.3202E+01  0.3197E+01  0.3192E+01  0.3187E+01  0.3182E+01
  0.3176E+01  0.3170E+01  0.3164E+01  0.3158E+01  0.3151E+01  0.3144E+01
  0.3136E+01  0.3129E+01  0.3121E+01  0.3112E+01  0.3104E+01  0.3095E+01
  0.3086E+01  0.3077E+01  0.3068E+01  0.3058E+01  0.3049E+01  0.3039E+01
  0.3029E+01  0.3019E+01  0.3009E+01  0.2996E+01  0.2980E+01  0.2957E+01
  0.2921E+01  0.2865E+01  0.2783E+01  0.2673E+01  0.2536E+01  0.2377E+01
  0.2198E+01  0.2006E+01  0.1800E+01  0.1584E+01  0.1356E+01  0.1119E+01
  0.8738E+00  0.6101E+00  0.3263E+00  0.5594E-01  0.3258E+01  0.3258E+01
  0.3257E+01  0.3256E+01  0.3255E+01  0.3254E+01  0.3252E+01  0.3251E+01
  0.3250E+01  0.3248E+01  0.3247E+01  0.3245E+01  0.3243E+01  0.3241E+01
  0.3239E+01  0.3237E+01  0.3235E+01  0.3233E+01  0.3230E+01  0.3227E+01
  0.3224E+01  0.3221E+01  0.3218E+01  0.3214E+01  0.3210E+01  0.3206E+01
  0.3202E+01  0.3197E+01  0.3192E+01  0.3187E+01  0.3182E+01  0.3176E+01
  0.3170E+01  0.3164E+01  0.3158E+01  0.3151E+01  0.3144E+01  0.3136E+01
  0.3129E+01  0.3121E+01  0.3112E+01  0.3104E+01  0.3095E+01  0.3086E+01
  0.3077E+01  0.3068E+01  0.3058E+01  0.3049E+01  0.3039E+01  0.3029E+01
  0.3019E+01  0.3009E+01  0.2996E+01  0.2980E+01  0.2957E+01  0.2921E+01
  0.2865E+01  0.2783E+01  0.2673E+01  0.2536E+01  0.2377E+01  0.2198E+01
  0.2006E+01  0.1800E+01  0.1584E+01  0.1356E+01  0.1119E+01  0.8738E+00
  0.6101E+00  0.3263E+00  0.5594E-01  0.3258E+01  0.3258E+01  0.3257E+01
  0.3256E+01  0.3255E+01  0.3254E+01  0.3252E+01  0.3251E+01  0.3250E+01
  0.3248E+01  0.3247E+01  0.3245E+01  0.3243E+01  0.3241E+01  0.3239E+01
  0.3237E+01  0.3235E+01  0.3233E+01  0.3230E+01  0.3227E+01  0.3224E+01
  0.3221E+01  0.3218E+01  0.3214E+01  0.3210E+01  0.3206E+01  0.3202E+01
  0.3197E+01  0.3192E+01  0.3187E+01  0.3182E+01  0.3176E+01  0.3170E+01
  0.3164E+01  0.3158E+01  0.3151E+01  0.3144E+01  0.3136E+01  0.3129E+01
  0.3121E+01  0.3112E+01  0.3104E+01  0.3095E+01  0.3086E+01  0.3077E+01
  0.3068E+01  0.3058E+01  0.3049E+01  0.3039E+01  0.3029E+01  0.3019E+01
  0.3009E+01  0.2996E+01  0.2980E+01  0.2957E+01  0.2921E+01  0.2865E+01
  0.2783E+01  0.2673E+01  0.2536E+01  0.2377E+01  0.2198E+01  0.2006E+01
  0.1800E+01  0.1584E+01  0.1356E+01  0.1119E+01  0.8738E+00  0.6101E+00
  0.3263E+00  0.5594E-01  0.3258E+01  0.3258E+01  0.3257E+01  0.3256E+01
  0.3255E+01  0.3254E+01  0.3252E+01  0.3251E+01  0.3250E+01  0.3248E+01
  0.3247E+01  0.3245E+01  0.3243E+01  0.3241E+01  0.3239E+01  0.3237E+01
  0.3235E+01  0.3233E+01  0.3230E+01  0.3227E+01  0.3224E+01  0.3221E+01
  0.3218E+01  0.3214E+01  0.3210E+01  0.3206E+01  0.3202E+01  0.3197E+01
  0.3192E+01  0.3187E+01  0.3182E+01  0.3176E+01  0.3170E+01  0.3164E+01
  0.3158E+01  0.3151E+01  0.3144E+01  0.3136E+01  0.3129E+01  0.3121E+01
  0.3112E+01  0.3104E+01  0.3095E+01  0.3086E+01  0.3077E+01  0.3068E+01
  0.3058E+01  0.3049E+01  0.3039E+01  0.3029E+01  0.3019E+01  0.3009E+01
  0.2996E+01  0.2980E+01  0.2957E+01  0.2921E+01  0.2865E+01  0.2783E+01
  0.2673E+01  0.2536E+01  0.2377E+01  0.2198E+01  0.2006E+01  0.1800E+01
  0.1584E+01  0.1356E+01  0.1119E+01  0.8738E+00  0.6101E+00  0.3263E+00
  0.5594E-01  0.3258E+01  0.3258E+01  0.3257E+01  0.3256E+01  0.3255E+01
  0.3254E+01  0.3252E+01  0.3251E+01  0.3250E+01  0.3248E+01  0.3247E+01
  0.3245E+01  0.3243E+01  0.3241E+01  0.3239E+01  0.3237E+01  0.3235E+01
  0.3233E+01  0.3230E+01  0.3227E+01  0.3224E+01  0.3221E+01  0.3218E+01
  0.3214E+01  0.3210E+01  0.3206E+01  0.3202E+01  0.3197E+01  0.3192E+01
  0.3187E+01  0.3182E+01  0.3176E+01  0.3170E+01  0.3164E+01  0.3158E+01
  0.3151E+01  0.3144E+01  0.3136E+01  0.3129E+01  0.3121E+01  0.3112E+01
  0.3104E+01  0.3095E+01  0.3086E+01  0.3077E+01  0.3068E+01  0.3058E+01
  0.3049E+01  0.3039E+01  0.3029E+01  0.3019E+01  0.3009E+01  0.2996E+01
  0.2980E+01  0.2957E+01  0.2921E+01  0.2865E+01  0.2783E+01  0.2673E+01
  0.2536E+01  0.2377E+01  0.2198E+01  0.2006E+01  0.1800E+01  0.1584E+01
  0.1356E+01  0.1119E+01  0.8738E+00  0.6101E+00  0.3263E+00  0.5594E-01
  0.3258E+01  0.3258E+01  0.3257E+01  0.3256E+01  0.3255E+01  0.3254E+01
  0.3252E+01  0.3251E+01  0.3250E+01  0.3248E+01  0.3247E+01  0.3245E+01
  0.3243E+01  0.3241E+01  0.3239E+01  0.3237E+01  0.3235E+01  0.3233E+01
  0.3230E+01  0.3227E+01  0.3224E+01  0.3221E+01  0.3218E+01  0.3214E+01
  0.3210E+01  0.3206E+01  0.3202E+01  0.3197E+01  0.3192E+01  0.3187E+01
  0.3182E+01  0.3176E+01  0.3170E+01  0.3164E+01  0.3158E+01  0.3151E+01
  0.3144E+01  0.3136E+01  0.3129E+01  0.3121E+01  0.3112E+01  0.3104E+01
  0.3095E+01  0.3086E+01  0.3077E+01  0.3068E+01  0.3058E+01  0.3049E+01
  0.3039E+01  0.3029E+01  0.3019E+01  0.3009E+01  0.2996E+01  0.2980E+01
  0.2957E+01  0.2921E+01  0.2865E+01  0.2783E+01  0.2673E+01  0.2536E+01
  0.2377E+01  0.2198E+01  0.2006E+01  0.1800E+01  0.1584E+01  0.1356E+01
  0.1119E+01  0.8738E+00  0.6101E+00  0.3263E+00  0.5594E-01  0.3258E+01
  0.3258E+01  0.3257E+01  0.3256E+01  0.3255E+01  0.3254E+01  0.3252E+01
  0.3251E+01  0.3250E+01  0.3248E+01  0.3247E+01  0.3245E+01  0.3243E+01
  0.3241E+01  0.3239E+01  0.3237E+01  0.3235E+01  0.3233E+01  0.3230E+01
  0.3227E+01  0.3224E+01  0.3221E+01  0.3218E+01  0.3214E+01  0.3210E+01
  0.3206E+01  0.3202E+01  0.3197E+01  0.3192E+01  0.3187E+01  0.3182E+01
  0.3176E+01  0.3170E+01  0.3164E+01  0.3158E+01  0.3151E+01  0.3144E+01
  0.3136E+01  0.3129E+01  0.3121E+01  0.3112E+01  0.3104E+01  0.3095E+01
  0.3086E+01  0.3077E+01  0.3068E+01  0.3058E+01  0.3049E+01  0.3039E+01
  0.3029E+01  0.3019E+01  0.3009E+01  0.2996E+01  0.2980E+01  0.2957E+01
  0.2921E+01  0.2865E+01  0.2783E+01  0.2673E+01  0.2536E+01  0.2377E+01
  0.2198E+01  0.2006E+01  0.1800E+01  0.1584E+01  0.1356E+01  0.1119E+01
  0.8738E+00  0.6101E+00  0.3263E+00  0.5594E-01  0.3258E+01  0.3258E+01
  0.3257E+01  0.3256E+01  0.3255E+01  0.3254E+01  0.3252E+01  0.3251E+01
  0.3250E+01  0.3248E+01  0.3247E+01  0.3245E+01  0.3243E+01  0.3241E+01
  0.3239E+01  0.3237E+01  0.3235E+01  0.3233E+01  0.3230E+01  0.3227E+01
  0.3224E+01  0.3221E+01  0.3218E+01  0.3214E+01  0.3210E+01  0.3206E+01
  0.3202E+01  0.3197E+01  0.3192E+01  0.3187E+01  0.3182E+01  0.3176E+01
  0.3170E+01  0.3164E+01  0.3158E+01  0.3151E+01  0.3144E+01  0.3136E+01
  0.3129E+01  0.3121E+01  0.3112E+01  0.3104E+01  0.3095E+01  0.3086E+01
  0.3077E+01  0.3068E+01  0.3058E+01  0.3049E+01  0.3039E+01  0.3029E+01
  0.3019E+01  0.3009E+01  0.2996E+01  0.2980E+01  0.2957E+01  0.2921E+01
  0.2865E+01  0.2783E+01  0.2673E+01  0.2536E+01  0.2377E+01  0.2198E+01
  0.2006E+01  0.1800E+01  0.1584E+01  0.1356E+01  0.1119E+01  0.8738E+00
  0.6101E+00  0.3263E+00  0.5594E-01  0.3258E+01  0.3258E+01  0.3257E+01
  0.3256E+01  0.3255E+01  0.3254E+01  0.3252E+01  0.3251E+01  0.3250E+01
  0.3248E+01  0.3247E+01  0.3245E+01  0.3243E+01  0.3241E+01  0.3239E+01
  0.3237E+01  0.3235E+01  0.3233E+01  0.3230E+01  0.3227E+01  0.3224E+01
  0.3221E+01  0.3218E+01  0.3214E+01  0.3210E+01  0.3206E+01  0.3202E+01
  0.3197E+01  0.3192E+01  0.3187E+01  0.3182E+01  0.3176E+01  0.3170E+01
  0.3164E+01  0.3158E+01  0.3151E+01  0.3144E+01  0.3136E+01  0.3129E+01
  0.3121E+01  0.3112E+01  0.3104E+01  0.3095E+01  0.3086E+01  0.3077E+01
  0.3068E+01  0.3058E+01  0.3049E+01  0.3039E+01  0.3029E+01  0.3019E+01
  0.3009E+01  0.2996E+01  0.2980E+01  0.2957E+01  0.2921E+01  0.2865E+01
  0.2783E+01  0.2673E+01  0.2536E+01  0.2377E+01  0.2198E+01  0.2006E+01
  0.1800E+01  0.1584E+01  0.1356E+01  0.1119E+01  0.8738E+00  0.6101E+00
  0.3263E+00  0.5594E-01  0.3258E+01  0.3258E+01  0.3257E+01  0.3256E+01
  0.3255E+01  0.3254E+01  0.3252E+01  0.3251E+01  0.3250E+01  0.3248E+01
  0.3247E+01  0.3245E+01  0.3243E+01  0.3241E+01  0.3239E+01  0.3237E+01
  0.3235E+01  0.3233E+01  0.3230E+01  0.3227E+01  0.3224E+01  0.3221E+01
  0.3218E+01  0.3214E+01  0.3210E+01  0.3206E+01  0.3202E+01  0.3197E+01
  0.3192E+01  0.3187E+01  0.3182E+01  0.3176E+01  0.3170E+01  0.3164E+01
  0.3158E+01  0.3151E+01  0.3144E+01  0.3136E+01  0.3129E+01  0.3121E+01
  0.3112E+01  0.3104E+01  0.3095E+01  0.3086E+01  0.3077E+01  0.3068E+01
  0.3058E+01  0.3049E+01  0.3039E+01  0.3029E+01  0.3019E+01  0.3009E+01
  0.2996E+01  0.2980E+01  0.2957E+01  0.2921E+01  0.2865E+01  0.2783E+01
  0.2673E+01  0.2536E+01  0.2377E+01  0.2198E+01  0.2006E+01  0.1800E+01
  0.1584E+01  0.1356E+01  0.1119E+01  0.8738E+00  0.6101E+00  0.3263E+00
  0.5594E-01  0.3258E+01  0.3258E+01  0.3257E+01  0.3256E+01  0.3255E+01
  0.3254E+01  0.3252E+01  0.3251E+01  0.3250E+01  0.3248E+01  0.3247E+01
  0.3245E+01  0.3243E+01  0.3241E+01  0.3239E+01  0.3237E+01  0.3235E+01
  0.3233E+01  0.3230E+01  0.3227E+01  0.3224E+01  0.3221E+01  0.3218E+01
  0.3214E+01  0.3210E+01  0.3206E+01  0.3202E+01  0.3197E+01  0.3192E+01
  0.3187E+01  0.3182E+01  0.3176E+01  0.3170E+01  0.3164E+01  0.3158E+01
  0.3151E+01  0.3144E+01  0.3136E+01  0.3129E+01  0.3121E+01  0.3112E+01
  0.3104E+01  0.3095E+01  0.3086E+01  0.3077E+01  0.3068E+01  0.3058E+01
  0.3049E+01  0.3039E+01  0.3029E+01  0.3019E+01  0.3009E+01  0.2996E+01
  0.2980E+01  0.2957E+01  0.2921E+01  0.2865E+01  0.2783E+01  0.2673E+01
  0.2536E+01  0.2377E+01  0.2198E+01  0.2006E+01  0.1800E+01  0.1584E+01
  0.1356E+01  0.1119E+01  0.8738E+00  0.6101E+00  0.3263E+00  0.5594E-01
  0.3258E+01  0.3258E+01  0.3257E+01  0.3256E+01  0.3255E+01  0.3254E+01
  0.3252E+01  0.3251E+01  0.3250E+01  0.3248E+01  0.3247E+01  0.3245E+01
  0.3243E+01  0.3241E+01  0.3239E+01  0.3237E+01  0.3235E+01  0.3233E+01
  0.3230E+01  0.3227E+01  0.3224E+01  0.3221E+01  0.3218E+01  0.3214E+01
  0.3210E+01  0.3206E+01  0.3202E+01  0.3197E+01  0.3192E+01  0.3187E+01
  0.3182E+01  0.3176E+01  0.3170E+01  0.3164E+01  0.3158E+01  0.3151E+01
  0.3144E+01  0.3136E+01  0.3129E+01  0.3121E+01  0.3112E+01  0.3104E+01
  0.3095E+01  0.3086E+01  0.3077E+01  0.3068E+01  0.3058E+01  0.3049E+01
  0.3039E+01  0.3029E+01  0.3019E+01  0.3009E+01  0.2996E+01  0.2980E+01
  0.2957E+01  0.2921E+01  0.2865E+01  0.2783E+01  0.2673E+01  0.2536E+01
  0.2377E+01  0.2198E+01  0.2006E+01  0.1800E+01  0.1584E+01  0.1356E+01
  0.1119E+01  0.8738E+00  0.6101E+00  0.3263E+00  0.5594E-01  0.3258E+01
  0.3258E+01  0.3257E+01  0.3256E+01  0.3255E+01  0.3254E+01  0.3252E+01
  0.3251E+01  0.3250E+01  0.3248E+01  0.3247E+01  0.3245E+01  0.3243E+01
  0.3241E+01  0.3239E+01  0.3237E+01  0.3235E+01  0.3233E+01  0.3230E+01
  0.3227E+01  0.3224E+01  0.3221E+01  0.3218E+01  0.3214E+01  0.3210E+01
  0.3206E+01  0.3202E+01  0.3197E+01  0.3192E+01  0.3187E+01  0.3182E+01
  0.3176E+01  0.3170E+01  0.3164E+01  0.3158E+01  0.3151E+01  0.3144E+01
  0.3136E+01  0.3129E+01  0.3121E+01  0.3112E+01  0.3104E+01  0.3095E+01
  0.3086E+01  0.3077E+01  0.3068E+01  0.3058E+01  0.3049E+01  0.3039E+01
  0.3029E+01  0.3019E+01  0.3009E+01  0.2996E+01  0.2980E+01  0.2957E+01
  0.2921E+01  0.2865E+01  0.2783E+01  0.2673E+01  0.2536E+01  0.2377E+01
  0.2198E+01  0.2006E+01  0.1800E+01  0.1584E+01  0.1356E+01  0.1119E+01
  0.8738E+00  0.6101E+00  0.3263E+00  0.5594E-01  0.3258E+01  0.3258E+01
  0.3257E+01  0.3256E+01  0.3255E+01  0.3254E+01  0.3252E+01  0.3251E+01
  0.3250E+01  0.3248E+01  0.3247E+01  0.3245E+01  0.3243E+01  0.3241E+01
  0.3239E+01  0.3237E+01  0.3235E+01  0.3233E+01  0.3230E+01  0.3227E+01
  0.3224E+01  0.3221E+01  0.3218E+01  0.3214E+01  0.3210E+01  0.3206E+01
  0.3202E+01  0.3197E+01  0.3192E+01  0.3187E+01  0.3182E+01  0.3176E+01
  0.3170E+01  0.3164E+01  0.3158E+01  0.3151E+01  0.3144E+01  0.3136E+01
  0.3129E+01  0.3121E+01  0.3112E+01  0.3104E+01  0.3095E+01  0.3086E+01
  0.3077E+01  0.3068E+01  0.3058E+01  0.3049E+01  0.3039E+01  0.3029E+01
  0.3019E+01  0.3009E+01  0.2996E+01  0.2980E+01  0.2957E+01  0.2921E+01
  0.2865E+01  0.2783E+01  0.2673E+01  0.2536E+01  0.2377E+01  0.2198E+01
  0.2006E+01  0.1800E+01  0.1584E+01  0.1356E+01  0.1119E+01  0.8738E+00
  0.6101E+00  0.3263E+00  0.5594E-01  0.3258E+01  0.3258E+01  0.3257E+01
  0.3256E+01  0.3255E+01  0.3254E+01  0.3252E+01  0.3251E+01  0.3250E+01
  0.3248E+01  0.3247E+01  0.3245E+01  0.3243E+01  0.3241E+01  0.3239E+01
  0.3237E+01  0.3235E+01  0.3233E+01  0.3230E+01  0.3227E+01  0.3224E+01
  0.3221E+01  0.3218E+01  0.3214E+01  0.3210E+01  0.3206E+01  0.3202E+01
  0.3197E+01  0.3192E+01  0.3187E+01  0.3182E+01  0.3176E+01  0.3170E+01
  0.3164E+01  0.3158E+01  0.3151E+01  0.3144E+01  0.3136E+01  0.3129E+01
  0.3121E+01  0.3112E+01  0.3104E+01  0.3095E+01  0.3086E+01  0.3077E+01
  0.3068E+01  0.3058E+01  0.3049E+01  0.3039E+01  0.3029E+01  0.3019E+01
  0.3009E+01  0.2996E+01  0.2980E+01  0.2957E+01  0.2921E+01  0.2865E+01
  0.2783E+01  0.2673E+01  0.2536E+01  0.2377E+01  0.2198E+01  0.2006E+01
  0.1800E+01  0.1584E+01  0.1356E+01  0.1119E+01  0.8738E+00  0.6101E+00
  0.3263E+00  0.5594E-01  0.3258E+01  0.3258E+01  0.3257E+01  0.3256E+01
  0.3255E+01  0.3254E+01  0.3252E+01  0.3251E+01  0.3250E+01  0.3248E+01
  0.3247E+01  0.3245E+01  0.3243E+01  0.3241E+01  0.3239E+01  0.3237E+01
  0.3235E+01  0.3233E+01  0.3230E+01  0.3227E+01  0.3224E+01  0.3221E+01
  0.3218E+01  0.3214E+01  0.3210E+01  0.3206E+01  0.3202E+01  0.3197E+01
  0.3192E+01  0.3187E+01  0.3182E+01  0.3176E+01  0.3170E+01  0.3164E+01
  0.3158E+01  0.3151E+01  0.3144E+01  0.3136E+01  0.3129E+01  0.3121E+01
  0.3112E+01  0.3104E+01  0.3095E+01  0.3086E+01  0.3077E+01  0.3068E+01
  0.3058E+01  0.3049E+01  0.3039E+01  0.3029E+01  0.3019E+01  0.3009E+01
  0.2996E+01  0.2980E+01  0.2957E+01  0.2921E+01  0.2865E+01  0.2783E+01
  0.2673E+01  0.2536E+01  0.2377E+01  0.2198E+01  0.2006E+01  0.1800E+01
  0.1584E+01  0.1356E+01  0.1119E+01  0.8738E+00  0.6101E+00  0.3263E+00
  0.5594E-01  0.3258E+01  0.3258E+01  0.3257E+01  0.3256E+01  0.3255E+01
  0.3254E+01  0.3252E+01  0.3251E+01  0.3250E+01  0.3248E+01  0.3247E+01
  0.3245E+01  0.3243E+01  0.3241E+01  0.3239E+01  0.3237E+01  0.3235E+01
  0.3233E+01  0.3230E+01  0.3227E+01  0.3224E+01  0.3221E+01  0.3218E+01
  0.3214E+01  0.3210E+01  0.3206E+01  0.3202E+01  0.3197E+01  0.3192E+01
  0.3187E+01  0.3182E+01  0.3176E+01  0.3170E+01  0.3164E+01  0.3158E+01
  0.3151E+01  0.3144E+01  0.3136E+01  0.3129E+01  0.3121E+01  0.3112E+01
  0.3104E+01  0.3095E+01  0.3086E+01  0.3077E+01  0.3068E+01  0.3058E+01
  0.3049E+01  0.3039E+01  0.3029E+01  0.3019E+01  0.3009E+01  0.2996E+01
  0.2980E+01  0.2957E+01  0.2921E+01  0.2865E+01  0.2783E+01  0.2673E+01
  0.2536E+01  0.2377E+01  0.2198E+01  0.2006E+01  0.1800E+01  0.1584E+01
  0.1356E+01  0.1119E+01  0.8738E+00  0.6101E+00  0.3263E+00  0.5594E-01
  0.3258E+01  0.3258E+01  0.3257E+01  0.3256E+01  0.3255E+01  0.3254E+01
  0.3252E+01  0.3251E+01  0.3250E+01  0.3248E+01  0.3247E+01  0.3245E+01
  0.3243E+01  0.3241E+01  0.3239E+01  0.3237E+01  0.3235E+01  0.3233E+01
  0.3230E+01  0.3227E+01  0.3224E+01  0.3221E+01  0.3218E+01  0.3214E+01
  0.3210E+01  0.3206E+01  0.3202E+01  0.3197E+01  0.3192E+01  0.3187E+01
  0.3182E+01  0.3176E+01  0.3170E+01  0.3164E+01  0.3158E+01  0.3151E+01
  0.3144E+01  0.3136E+01  0.3129E+01  0.3121E+01  0.3112E+01  0.3104E+01
  0.3095E+01  0.3086E+01  0.3077E+01  0.3068E+01  0.3058E+01  0.3049E+01
  0.3039E+01  0.3029E+01  0.3019E+01  0.3009E+01  0.2996E+01  0.2980E+01
  0.2957E+01  0.2921E+01  0.2865E+01  0.2783E+01  0.2673E+01  0.2536E+01
  0.2377E+01  0.2198E+01  0.2006E+01  0.1800E+01  0.1584E+01  0.1356E+01
  0.1119E+01  0.8738E+00  0.6101E+00  0.3263E+00  0.5594E-01  0.3258E+01
  0.3258E+01  0.3257E+01  0.3256E+01  0.3255E+01  0.3254E+01  0.3252E+01
  0.3251E+01  0.3250E+01  0.3248E+01  0.3247E+01  0.3245E+01  0.3243E+01
  0.3241E+01  0.3239E+01  0.3237E+01  0.3235E+01  0.3233E+01  0.3230E+01
  0.3227E+01  0.3224E+01  0.3221E+01  0.3218E+01  0.3214E+01  0.3210E+01
  0.3206E+01  0.3202E+01  0.3197E+01  0.3192E+01  0.3187E+01  0.3182E+01
  0.3176E+01  0.3170E+01  0.3164E+01  0.3158E+01  0.3151E+01  0.3144E+01
  0.3136E+01  0.3129E+01  0.3121E+01  0.3112E+01  0.3104E+01  0.3095E+01
  0.3086E+01  0.3077E+01  0.3068E+01  0.3058E+01  0.3049E+01  0.3039E+01
  0.3029E+01  0.3019E+01  0.3009E+01  0.2996E+01  0.2980E+01  0.2957E+01
  0.2921E+01  0.2865E+01  0.2783E+01  0.2673E+01  0.2536E+01  0.2377E+01
  0.2198E+01  0.2006E+01  0.1800E+01  0.1584E+01  0.1356E+01  0.1119E+01
  0.8738E+00  0.6101E+00  0.3263E+00  0.5594E-01  0.3258E+01  0.3258E+01
  0.3257E+01  0.3256E+01  0.3255E+01  0.3254E+01  0.3252E+01  0.3251E+01
  0.3250E+01  0.3248E+01  0.3247E+01  0.3245E+01  0.3243E+01  0.3241E+01
  0.3239E+01  0.3237E+01  0.3235E+01  0.3233E+01  0.3230E+01  0.3227E+01
  0.3224E+01  0.3221E+01  0.3218E+01  0.3214E+01  0.3210E+01  0.3206E+01
  0.3202E+01  0.3197E+01  0.3192E+01  0.3187E+01  0.3182E+01  0.3176E+01
  0.3170E+01  0.3164E+01  0.3158E+01  0.3151E+01  0.3144E+01  0.3136E+01
  0.3129E+01  0.3121E+01  0.3112E+01  0.3104E+01  0.3095E+01  0.3086E+01
  0.3077E+01  0.3068E+01  0.3058E+01  0.3049E+01  0.3039E+01  0.3029E+01
  0.3019E+01  0.3009E+01  0.2996E+01  0.2980E+01  0.2957E+01  0.2921E+01
  0.2865E+01  0.2783E+01  0.2673E+01  0.2536E+01  0.2377E+01  0.2198E+01
  0.2006E+01  0.1800E+01  0.1584E+01  0.1356E+01  0.1119E+01  0.8738E+00
  0.6101E+00  0.3263E+00  0.5594E-01  0.3258E+01  0.3258E+01  0.3257E+01
  0.3256E+01  0.3255E+01  0.3254E+01  0.3252E+01  0.3251E+01  0.3250E+01
  0.3248E+01  0.3247E+01  0.3245E+01  0.3243E+01  0.3241E+01  0.3239E+01
  0.3237E+01  0.3235E+01  0.3233E+01  0.3230E+01  0.3227E+01  0.3224E+01
  0.3221E+01  0.3218E+01  0.3214E+01  0.3210E+01  0.3206E+01  0.3202E+01
  0.3197E+01  0.3192E+01  0.3187E+01  0.3182E+01  0.3176E+01  0.3170E+01
  0.3164E+01  0.3158E+01  0.3151E+01  0.3144E+01  0.3136E+01  0.3129E+01
  0.3121E+01  0.3112E+01  0.3104E+01  0.3095E+01  0.3086E+01  0.3077E+01
  0.3068E+01  0.3058E+01  0.3049E+01  0.3039E+01  0.3029E+01  0.3019E+01
  0.3009E+01  0.2996E+01  0.2980E+01  0.2957E+01  0.2921E+01  0.2865E+01
  0.2783E+01  0.2673E+01  0.2536E+01  0.2377E+01  0.2198E+01  0.2006E+01
  0.1800E+01  0.1584E+01  0.1356E+01  0.1119E+01  0.8738E+00  0.6101E+00
  0.3263E+00  0.5594E-01  0.3258E+01  0.3258E+01  0.3257E+01  0.3256E+01
  0.3255E+01  0.3254E+01  0.3252E+01  0.3251E+01  0.3250E+01  0.3248E+01
  0.3247E+01  0.3245E+01  0.3243E+01  0.3241E+01  0.3239E+01  0.3237E+01
  0.3235E+01  0.3233E+01  0.3230E+01  0.3227E+01  0.3224E+01  0.3221E+01
  0.3218E+01  0.3214E+01  0.3210E+01  0.3206E+01  0.3202E+01  0.3197E+01
  0.3192E+01  0.3187E+01  0.3182E+01  0.3176E+01  0.3170E+01  0.3164E+01
  0.3158E+01  0.3151E+01  0.3144E+01  0.3136E+01  0.3129E+01  0.3121E+01
  0.3112E+01  0.3104E+01  0.3095E+01  0.3086E+01  0.3077E+01  0.3068E+01
  0.3058E+01  0.3049E+01  0.3039E+01  0.3029E+01  0.3019E+01  0.3009E+01
  0.2996E+01  0.2980E+01  0.2957E+01  0.2921E+01  0.2865E+01  0.2783E+01
  0.2673E+01  0.2536E+01  0.2377E+01  0.2198E+01  0.2006E+01  0.1800E+01
  0.1584E+01  0.1356E+01  0.1119E+01  0.8738E+00  0.6101E+00  0.3263E+00
  0.5594E-01  0.3258E+01  0.3258E+01  0.3257E+01  0.3256E+01  0.3255E+01
  0.3254E+01  0.3252E+01  0.3251E+01  0.3250E+01  0.3248E+01  0.3247E+01
  0.3245E+01  0.3243E+01  0.3241E+01  0.3239E+01  0.3237E+01  0.3235E+01
  0.3233E+01  0.3230E+01  0.3227E+01  0.3224E+01  0.3221E+01  0.3218E+01
  0.3214E+01  0.3210E+01  0.3206E+01  0.3202E+01  0.3197E+01  0.3192E+01
  0.3187E+01  0.3182E+01  0.3176E+01  0.3170E+01  0.3164E+01  0.3158E+01
  0.3151E+01  0.3144E+01  0.3136E+01  0.3129E+01  0.3121E+01  0.3112E+01
  0.3104E+01  0.3095E+01  0.3086E+01  0.3077E+01  0.3068E+01  0.3058E+01
  0.3049E+01  0.3039E+01  0.3029E+01  0.3019E+01  0.3009E+01  0.2996E+01
  0.2980E+01  0.2957E+01  0.2921E+01  0.2865E+01  0.2783E+01  0.2673E+01
  0.2536E+01  0.2377E+01  0.2198E+01  0.2006E+01  0.1800E+01  0.1584E+01
  0.1356E+01  0.1119E+01  0.8738E+00  0.6101E+00  0.3263E+00  0.5594E-01
  0.3258E+01  0.3258E+01  0.3257E+01  0.3256E+01  0.3255E+01  0.3254E+01
  0.3252E+01  0.3251E+01  0.3250E+01  0.3248E+01  0.3247E+01  0.3245E+01
  0.3243E+01  0.3241E+01  0.3239E+01  0.3237E+01  0.3235E+01  0.3233E+01
  0.3230E+01  0.3227E+01  0.3224E+01  0.3221E+01  0.3218E+01  0.3214E+01
  0.3210E+01  0.3206E+01  0.3202E+01  0.3197E+01  0.3192E+01  0.3187E+01
  0.3182E+01  0.3176E+01  0.3170E+01  0.3164E+01  0.3158E+01  0.3151E+01
  0.3144E+01  0.3136E+01  0.3129E+01  0.3121E+01  0.3112E+01  0.3104E+01
  0.3095E+01  0.3086E+01  0.3077E+01  0.3068E+01  0.3058E+01  0.3049E+01
  0.3039E+01  0.3029E+01  0.3019E+01  0.3009E+01  0.2996E+01  0.2980E+01
  0.2957E+01  0.2921E+01  0.2865E+01  0.2783E+01  0.2673E+01  0.2536E+01
  0.2377E+01  0.2198E+01  0.2006E+01  0.1800E+01  0.1584E+01  0.1356E+01
  0.1119E+01  0.8738E+00  0.6101E+00  0.3263E+00  0.5594E-01  0.3258E+01
  0.3258E+01  0.3257E+01  0.3256E+01  0.3255E+01  0.3254E+01  0.3252E+01
  0.3251E+01  0.3250E+01  0.3248E+01  0.3247E+01  0.3245E+01  0.3243E+01
  0.3241E+01  0.3239E+01  0.3237E+01  0.3235E+01  0.3233E+01  0.3230E+01
  0.3227E+01  0.3224E+01  0.3221E+01  0.3218E+01  0.3214E+01  0.3210E+01
  0.3206E+01  0.3202E+01  0.3197E+01  0.3192E+01  0.3187E+01  0.3182E+01
  0.3176E+01  0.3170E+01  0.3164E+01  0.3158E+01  0.3151E+01  0.3144E+01
  0.3136E+01  0.3129E+01  0.3121E+01  0.3112E+01  0.3104E+01  0.3095E+01
  0.3086E+01  0.3077E+01  0.3068E+01  0.3058E+01  0.3049E+01  0.3039E+01
  0.3029E+01  0.3019E+01  0.3009E+01  0.2996E+01  0.2980E+01  0.2957E+01
  0.2921E+01  0.2865E+01  0.2783E+01  0.2673E+01  0.2536E+01  0.2377E+01
  0.2198E+01  0.2006E+01  0.1800E+01  0.1584E+01  0.1356E+01  0.1119E+01
  0.8738E+00  0.6101E+00  0.3263E+00  0.5594E-01  0.3258E+01  0.3258E+01
  0.3257E+01  0.3256E+01  0.3255E+01  0.3254E+01  0.3252E+01  0.3251E+01
  0.3250E+01  0.3248E+01  0.3247E+01  0.3245E+01  0.3243E+01  0.3241E+01
  0.3239E+01  0.3237E+01  0.3235E+01  0.3233E+01  0.3230E+01  0.3227E+01
  0.3224E+01  0.3221E+01  0.3218E+01  0.3214E+01  0.3210E+01  0.3206E+01
  0.3202E+01  0.3197E+01  0.3192E+01  0.3187E+01  0.3182E+01  0.3176E+01
  0.3170E+01  0.3164E+01  0.3158E+01  0.3151E+01  0.3144E+01  0.3136E+01
  0.3129E+01  0.3121E+01  0.3112E+01  0.3104E+01  0.3095E+01  0.3086E+01
  0.3077E+01  0.3068E+01  0.3058E+01  0.3049E+01  0.3039E+01  0.3029E+01
  0.3019E+01  0.3009E+01  0.2996E+01  0.2980E+01  0.2957E+01  0.2921E+01
  0.2865E+01  0.2783E+01  0.2673E+01  0.2536E+01  0.2377E+01  0.2198E+01
  0.2006E+01  0.1800E+01  0.1584E+01  0.1356E+01  0.1119E+01  0.8738E+00
  0.6101E+00  0.3263E+00  0.5594E-01  0.3258E+01  0.3258E+01  0.3257E+01
  0.3256E+01  0.3255E+01  0.3254E+01  0.3252E+01  0.3251E+01  0.3250E+01
  0.3248E+01  0.3247E+01  0.3245E+01  0.3243E+01  0.3241E+01  0.3239E+01
  0.3237E+01  0.3235E+01  0.3233E+01  0.3230E+01  0.3227E+01  0.3224E+01
  0.3221E+01  0.3218E+01  0.3214E+01  0.3210E+01  0.3206E+01  0.3202E+01
  0.3197E+01  0.3192E+01  0.3187E+01  0.3182E+01  0.3176E+01  0.3170E+01
  0.3164E+01  0.3158E+01  0.3151E+01  0.3144E+01  0.3136E+01  0.3129E+01
  0.3121E+01  0.3112E+01  0.3104E+01  0.3095E+01  0.3086E+01  0.3077E+01
  0.3068E+01  0.3058E+01  0.3049E+01  0.3039E+01  0.3029E+01  0.3019E+01
  0.3009E+01  0.2996E+01  0.2980E+01  0.2957E+01  0.2921E+01  0.2865E+01
  0.2783E+01  0.2673E+01  0.2536E+01  0.2377E+01  0.2198E+01  0.2006E+01
  0.1800E+01  0.1584E+01  0.1356E+01  0.1119E+01  0.8738E+00  0.6101E+00
  0.3263E+00  0.5594E-01  0.3258E+01  0.3258E+01  0.3257E+01  0.3256E+01
  0.3255E+01  0.3254E+01  0.3252E+01  0.3251E+01  0.3250E+01  0.3248E+01
  0.3247E+01  0.3245E+01  0.3243E+01  0.3241E+01  0.3239E+01  0.3237E+01
  0.3235E+01  0.3233E+01  0.3230E+01  0.3227E+01  0.3224E+01  0.3221E+01
  0.3218E+01  0.3214E+01  0.3210E+01  0.3206E+01  0.3202E+01  0.3197E+01
  0.3192E+01  0.3187E+01  0.3182E+01  0.3176E+01  0.3170E+01  0.3164E+01
  0.3158E+01  0.3151E+01  0.3144E+01  0.3136E+01  0.3129E+01  0.3121E+01
  0.3112E+01  0.3104E+01  0.3095E+01  0.3086E+01  0.3077E+01  0.3068E+01
  0.3058E+01  0.3049E+01  0.3039E+01  0.3029E+01  0.3019E+01  0.3009E+01
  0.2996E+01  0.2980E+01  0.2957E+01  0.2921E+01  0.2865E+01  0.2783E+01
  0.2673E+01  0.2536E+01  0.2377E+01  0.2198E+01  0.2006E+01  0.1800E+01
  0.1584E+01  0.1356E+01  0.1119E+01  0.8738E+00  0.6101E+00  0.3263E+00
  0.5594E-01  0.3258E+01  0.3258E+01  0.3257E+01  0.3256E+01  0.3255E+01
  0.3254E+01  0.3252E+01  0.3251E+01  0.3250E+01  0.3248E+01  0.3247E+01
  0.3245E+01  0.3243E+01  0.3241E+01  0.3239E+01  0.3237E+01  0.3235E+01
  0.3233E+01  0.3230E+01  0.3227E+01  0.3224E+01  0.3221E+01  0.3218E+01
  0.3214E+01  0.3210E+01  0.3206E+01  0.3202E+01  0.3197E+01  0.3192E+01
  0.3187E+01  0.3182E+01  0.3176E+01  0.3170E+01  0.3164E+01  0.3158E+01
  0.3151E+01  0.3144E+01  0.3136E+01  0.3129E+01  0.3121E+01  0.3112E+01
  0.3104E+01  0.3095E+01  0.3086E+01  0.3077E+01  0.3068E+01  0.3058E+01
  0.3049E+01  0.3039E+01  0.3029E+01  0.3019E+01  0.3009E+01  0.2996E+01
  0.2980E+01  0.2957E+01  0.2921E+01  0.2865E+01  0.2783E+01  0.2673E+01
  0.2536E+01  0.2377E+01  0.2198E+01  0.2006E+01  0.1800E+01  0.1584E+01
  0.1356E+01  0.1119E+01  0.8738E+00  0.6101E+00  0.3263E+00  0.5594E-01
  0.3258E+01  0.3258E+01  0.3257E+01  0.3256E+01  0.3255E+01  0.3254E+01
  0.3252E+01  0.3251E+01  0.3250E+01  0.3248E+01  0.3247E+01  0.3245E+01
  0.3243E+01  0.3241E+01  0.3239E+01  0.3237E+01  0.3235E+01  0.3233E+01
  0.3230E+01  0.3227E+01  0.3224E+01  0.3221E+01  0.3218E+01  0.3214E+01
  0.3210E+01  0.3206E+01  0.3202E+01  0.3197E+01  0.3192E+01  0.3187E+01
  0.3182E+01  0.3176E+01  0.3170E+01  0.3164E+01  0.3158E+01  0.3151E+01
  0.3144E+01  0.3136E+01  0.3129E+01  0.3121E+01  0.3112E+01  0.3104E+01
  0.3095E+01  0.3086E+01  0.3077E+01  0.3068E+01  0.3058E+01  0.3049E+01
  0.3039E+01  0.3029E+01  0.3019E+01  0.3009E+01  0.2996E+01  0.2980E+01
  0.2957E+01  0.2921E+01  0.2865E+01  0.2783E+01  0.2673E+01  0.2536E+01
  0.2377E+01  0.2198E+01  0.2006E+01  0.1800E+01  0.1584E+01  0.1356E+01
  0.1119E+01  0.8738E+00  0.6101E+00  0.3263E+00  0.5594E-01  0.3258E+01
  0.3258E+01  0.3257E+01  0.3256E+01  0.3255E+01  0.3254E+01  0.3252E+01
  0.3251E+01  0.3250E+01  0.3248E+01  0.3247E+01  0.3245E+01  0.3243E+01
  0.3241E+01  0.3239E+01  0.3237E+01  0.3235E+01  0.3233E+01  0.3230E+01
  0.3227E+01  0.3224E+01  0.3221E+01  0.3218E+01  0.3214E+01  0.3210E+01
  0.3206E+01  0.3202E+01  0.3197E+01  0.3192E+01  0.3187E+01  0.3182E+01
  0.3176E+01  0.3170E+01  0.3164E+01  0.3158E+01  0.3151E+01  0.3144E+01
  0.3136E+01  0.3129E+01  0.3121E+01  0.3112E+01  0.3104E+01  0.3095E+01
  0.3086E+01  0.3077E+01  0.3068E+01  0.3058E+01  0.3049E+01  0.3039E+01
  0.3029E+01  0.3019E+01  0.3009E+01  0.2996E+01  0.2980E+01  0.2957E+01
  0.2921E+01  0.2865E+01  0.2783E+01  0.2673E+01  0.2536E+01  0.2377E+01
  0.2198E+01  0.2006E+01  0.1800E+01  0.1584E+01  0.1356E+01  0.1119E+01
  0.8738E+00  0.6101E+00  0.3263E+00  0.5594E-01  0.3258E+01  0.3258E+01
  0.3257E+01  0.3256E+01  0.3255E+01  0.3254E+01  0.3252E+01  0.3251E+01
  0.3250E+01  0.3248E+01  0.3247E+01  0.3245E+01  0.3243E+01  0.3241E+01
  0.3239E+01  0.3237E+01  0.3235E+01  0.3233E+01  0.3230E+01  0.3227E+01
  0.3224E+01  0.3221E+01  0.3218E+01  0.3214E+01  0.3210E+01  0.3206E+01
  0.3202E+01  0.3197E+01  0.3192E+01  0.3187E+01  0.3182E+01  0.3176E+01
  0.3170E+01  0.3164E+01  0.3158E+01  0.3151E+01  0.3144E+01  0.3136E+01
  0.3129E+01  0.3121E+01  0.3112E+01  0.3104E+01  0.3095E+01  0.3086E+01
  0.3077E+01  0.3068E+01  0.3058E+01  0.3049E+01  0.3039E+01  0.3029E+01
  0.3019E+01  0.3009E+01  0.2996E+01  0.2980E+01  0.2957E+01  0.2921E+01
  0.2865E+01  0.2783E+01  0.2673E+01  0.2536E+01  0.2377E+01  0.2198E+01
  0.2006E+01  0.1800E+01  0.1584E+01  0.1356E+01  0.1119E+01  0.8738E+00
  0.6101E+00  0.3263E+00  0.5594E-01  0.3258E+01  0.3258E+01  0.3257E+01
  0.3256E+01  0.3255E+01  0.3254E+01  0.3252E+01  0.3251E+01  0.3250E+01
  0.3248E+01  0.3247E+01  0.3245E+01  0.3243E+01  0.3241E+01  0.3239E+01
  0.3237E+01  0.3235E+01  0.3233E+01  0.3230E+01  0.3227E+01  0.3224E+01
  0.3221E+01  0.3218E+01  0.3214E+01  0.3210E+01  0.3206E+01  0.3202E+01
  0.3197E+01  0.3192E+01  0.3187E+01  0.3182E+01  0.3176E+01  0.3170E+01
  0.3164E+01  0.3158E+01  0.3151E+01  0.3144E+01  0.3136E+01  0.3129E+01
  0.3121E+01  0.3112E+01  0.3104E+01  0.3095E+01  0.3086E+01  0.3077E+01
  0.3068E+01  0.3058E+01  0.3049E+01  0.3039E+01  0.3029E+01  0.3019E+01
  0.3009E+01  0.2996E+01  0.2980E+01  0.2957E+01  0.2921E+01  0.2865E+01
  0.2783E+01  0.2673E+01  0.2536E+01  0.2377E+01  0.2198E+01  0.2006E+01
  0.1800E+01  0.1584E+01  0.1356E+01  0.1119E+01  0.8738E+00  0.6101E+00
  0.3263E+00  0.5594E-01  0.3258E+01  0.3258E+01  0.3257E+01  0.3256E+01
  0.3255E+01  0.3254E+01  0.3252E+01  0.3251E+01  0.3250E+01  0.3248E+01
  0.3247E+01  0.3245E+01  0.3243E+01  0.3241E+01  0.3239E+01  0.3237E+01
  0.3235E+01  0.3233E+01  0.3230E+01  0.3227E+01  0.3224E+01  0.3221E+01
  0.3218E+01  0.3214E+01  0.3210E+01  0.3206E+01  0.3202E+01  0.3197E+01
  0.3192E+01  0.3187E+01  0.3182E+01  0.3176E+01  0.3170E+01  0.3164E+01
  0.3158E+01  0.3151E+01  0.3144E+01  0.3136E+01  0.3129E+01  0.3121E+01
  0.3112E+01  0.3104E+01  0.3095E+01  0.3086E+01  0.3077E+01  0.3068E+01
  0.3058E+01  0.3049E+01  0.3039E+01  0.3029E+01  0.3019E+01  0.3009E+01
  0.2996E+01  0.2980E+01  0.2957E+01  0.2921E+01  0.2865E+01  0.2783E+01
  0.2673E+01  0.2536E+01  0.2377E+01  0.2198E+01  0.2006E+01  0.1800E+01
  0.1584E+01  0.1356E+01  0.1119E+01  0.8738E+00  0.6101E+00  0.3263E+00
  0.5594E-01  0.3258E+01  0.3258E+01  0.3257E+01  0.3256E+01  0.3255E+01
  0.3254E+01  0.3252E+01  0.3251E+01  0.3250E+01  0.3248E+01  0.3247E+01
  0.3245E+01  0.3243E+01  0.3241E+01  0.3239E+01  0.3237E+01  0.3235E+01
  0.3233E+01  0.3230E+01  0.3227E+01  0.3224E+01  0.3221E+01  0.3218E+01
  0.3214E+01  0.3210E+01  0.3206E+01  0.3202E+01  0.3197E+01  0.3192E+01
  0.3187E+01  0.3182E+01  0.3176E+01  0.3170E+01  0.3164E+01  0.3158E+01
  0.3151E+01  0.3144E+01  0.3136E+01  0.3129E+01  0.3121E+01  0.3112E+01
  0.3104E+01  0.3095E+01  0.3086E+01  0.3077E+01  0.3068E+01  0.3058E+01
  0.3049E+01  0.3039E+01  0.3029E+01  0.3019E+01  0.3009E+01  0.2996E+01
  0.2980E+01  0.2957E+01  0.2921E+01  0.2865E+01  0.2783E+01  0.2673E+01
  0.2536E+01  0.2377E+01  0.2198E+01  0.2006E+01  0.1800E+01  0.1584E+01
  0.1356E+01  0.1119E+01  0.8738E+00  0.6101E+00  0.3263E+00  0.5594E-01
  0.3258E+01  0.3258E+01  0.3257E+01  0.3256E+01  0.3255E+01  0.3254E+01
  0.3252E+01  0.3251E+01  0.3250E+01  0.3248E+01  0.3247E+01  0.3245E+01
  0.3243E+01  0.3241E+01  0.3239E+01  0.3237E+01  0.3235E+01  0.3233E+01
  0.3230E+01  0.3227E+01  0.3224E+01  0.3221E+01  0.3218E+01  0.3214E+01
  0.3210E+01  0.3206E+01  0.3202E+01  0.3197E+01  0.3192E+01  0.3187E+01
  0.3182E+01  0.3176E+01  0.3170E+01  0.3164E+01  0.3158E+01  0.3151E+01
  0.3144E+01  0.3136E+01  0.3129E+01  0.3121E+01  0.3112E+01  0.3104E+01
  0.3095E+01  0.3086E+01  0.3077E+01  0.3068E+01  0.3058E+01  0.3049E+01
  0.3039E+01  0.3029E+01  0.3019E+01  0.3009E+01  0.2996E+01  0.2980E+01
  0.2957E+01  0.2921E+01  0.2865E+01  0.2783E+01  0.2673E+01  0.2536E+01
  0.2377E+01  0.2198E+01  0.2006E+01  0.1800E+01  0.1584E+01  0.1356E+01
  0.1119E+01  0.8738E+00  0.6101E+00  0.3263E+00  0.5594E-01  0.3258E+01
  0.3258E+01  0.3257E+01  0.3256E+01  0.3255E+01  0.3254E+01  0.3252E+01
  0.3251E+01  0.3250E+01  0.3248E+01  0.3247E+01  0.3245E+01  0.3243E+01
  0.3241E+01  0.3239E+01  0.3237E+01  0.3235E+01  0.3233E+01  0.3230E+01
  0.3227E+01  0.3224E+01  0.3221E+01  0.3218E+01  0.3214E+01  0.3210E+01
  0.3206E+01  0.3202E+01  0.3197E+01  0.3192E+01  0.3187E+01  0.3182E+01
  0.3176E+01  0.3170E+01  0.3164E+01  0.3158E+01  0.3151E+01  0.3144E+01
  0.3136E+01  0.3129E+01  0.3121E+01  0.3112E+01  0.3104E+01  0.3095E+01
  0.3086E+01  0.3077E+01  0.3068E+01  0.3058E+01  0.3049E+01  0.3039E+01
  0.3029E+01  0.3019E+01  0.3009E+01  0.2996E+01  0.2980E+01  0.2957E+01
  0.2921E+01  0.2865E+01  0.2783E+01  0.2673E+01  0.2536E+01  0.2377E+01
  0.2198E+01  0.2006E+01  0.1800E+01  0.1584E+01  0.1356E+01  0.1119E+01
  0.8738E+00  0.6101E+00  0.3263E+00  0.5594E-01  0.3258E+01  0.3258E+01
  0.3257E+01  0.3256E+01  0.3255E+01  0.3254E+01  0.3252E+01  0.3251E+01
  0.3250E+01  0.3248E+01  0.3247E+01  0.3245E+01  0.3243E+01  0.3241E+01
  0.3239E+01  0.3237E+01  0.3235E+01  0.3233E+01  0.3230E+01  0.3227E+01
  0.3224E+01  0.3221E+01  0.3218E+01  0.3214E+01  0.3210E+01  0.3206E+01
  0.3202E+01  0.3197E+01  0.3192E+01  0.3187E+01  0.3182E+01  0.3176E+01
  0.3170E+01  0.3164E+01  0.3158E+01  0.3151E+01  0.3144E+01  0.3136E+01
  0.3129E+01  0.3121E+01  0.3112E+01  0.3104E+01  0.3095E+01  0.3086E+01
  0.3077E+01  0.3068E+01  0.3058E+01  0.3049E+01  0.3039E+01  0.3029E+01
  0.3019E+01  0.3009E+01  0.2996E+01  0.2980E+01  0.2957E+01  0.2921E+01
  0.2865E+01  0.2783E+01  0.2673E+01  0.2536E+01  0.2377E+01  0.2198E+01
  0.2006E+01  0.1800E+01  0.1584E+01  0.1356E+01  0.1119E+01  0.8738E+00
  0.6101E+00  0.3263E+00  0.5594E-01  0.3258E+01  0.3258E+01  0.3257E+01
  0.3256E+01  0.3255E+01  0.3254E+01  0.3252E+01  0.3251E+01  0.3250E+01
  0.3248E+01  0.3247E+01  0.3245E+01  0.3243E+01  0.3241E+01  0.3239E+01
  0.3237E+01  0.3235E+01  0.3233E+01  0.3230E+01  0.3227E+01  0.3224E+01
  0.3221E+01  0.3218E+01  0.3214E+01  0.3210E+01  0.3206E+01  0.3202E+01
  0.3197E+01  0.3192E+01  0.3187E+01  0.3182E+01  0.3176E+01  0.3170E+01
  0.3164E+01  0.3158E+01  0.3151E+01  0.3144E+01  0.3136E+01  0.3129E+01
  0.3121E+01  0.3112E+01  0.3104E+01  0.3095E+01  0.3086E+01  0.3077E+01
  0.3068E+01  0.3058E+01  0.3049E+01  0.3039E+01  0.3029E+01  0.3019E+01
  0.3009E+01  0.2996E+01  0.2980E+01  0.2957E+01  0.2921E+01  0.2865E+01
  0.2783E+01  0.2673E+01  0.2536E+01  0.2377E+01  0.2198E+01  0.2006E+01
  0.1800E+01  0.1584E+01  0.1356E+01  0.1119E+01  0.8738E+00  0.6101E+00
  0.3263E+00  0.5594E-01  0.3258E+01  0.3258E+01  0.3257E+01  0.3256E+01
  0.3255E+01  0.3254E+01  0.3252E+01  0.3251E+01  0.3250E+01  0.3248E+01
  0.3247E+01  0.3245E+01  0.3243E+01  0.3241E+01  0.3239E+01  0.3237E+01
  0.3235E+01  0.3233E+01  0.3230E+01  0.3227E+01  0.3224E+01  0.3221E+01
  0.3218E+01  0.3214E+01  0.3210E+01  0.3206E+01  0.3202E+01  0.3197E+01
  0.3192E+01  0.3187E+01  0.3182E+01  0.3176E+01  0.3170E+01  0.3164E+01
  0.3158E+01  0.3151E+01  0.3144E+01  0.3136E+01  0.3129E+01  0.3121E+01
  0.3112E+01  0.3104E+01  0.3095E+01  0.3086E+01  0.3077E+01  0.3068E+01
  0.3058E+01  0.3049E+01  0.3039E+01  0.3029E+01  0.3019E+01  0.3009E+01
  0.2996E+01  0.2980E+01  0.2957E+01  0.2921E+01  0.2865E+01  0.2783E+01
  0.2673E+01  0.2536E+01  0.2377E+01  0.2198E+01  0.2006E+01  0.1800E+01
  0.1584E+01  0.1356E+01  0.1119E+01  0.8738E+00  0.6101E+00  0.3263E+00
  0.5594E-01  0.3258E+01  0.3258E+01  0.3257E+01  0.3256E+01  0.3255E+01
  0.3254E+01  0.3252E+01  0.3251E+01  0.3250E+01  0.3248E+01  0.3247E+01
  0.3245E+01  0.3243E+01  0.3241E+01  0.3239E+01  0.3237E+01  0.3235E+01
  0.3233E+01  0.3230E+01  0.3227E+01  0.3224E+01  0.3221E+01  0.3218E+01
  0.3214E+01  0.3210E+01  0.3206E+01  0.3202E+01  0.3197E+01  0.3192E+01
  0.3187E+01  0.3182E+01  0.3176E+01  0.3170E+01  0.3164E+01  0.3158E+01
  0.3151E+01  0.3144E+01  0.3136E+01  0.3129E+01  0.3121E+01  0.3112E+01
  0.3104E+01  0.3095E+01  0.3086E+01  0.3077E+01  0.3068E+01  0.3058E+01
  0.3049E+01  0.3039E+01  0.3029E+01  0.3019E+01  0.3009E+01  0.2996E+01
  0.2980E+01  0.2957E+01  0.2921E+01  0.2865E+01  0.2783E+01  0.2673E+01
  0.2536E+01  0.2377E+01  0.2198E+01  0.2006E+01  0.1800E+01  0.1584E+01
  0.1356E+01  0.1119E+01  0.8738E+00  0.6101E+00  0.3263E+00  0.5594E-01
  0.3258E+01  0.3258E+01  0.3257E+01  0.3256E+01  0.3255E+01  0.3254E+01
  0.3252E+01  0.3251E+01  0.3250E+01  0.3248E+01  0.3247E+01  0.3245E+01
  0.3243E+01  0.3241E+01  0.3239E+01  0.3237E+01  0.3235E+01  0.3233E+01
  0.3230E+01  0.3227E+01  0.3224E+01  0.3221E+01  0.3218E+01  0.3214E+01
  0.3210E+01  0.3206E+01  0.3202E+01  0.3197E+01  0.3192E+01  0.3187E+01
  0.3182E+01  0.3176E+01  0.3170E+01  0.3164E+01  0.3158E+01  0.3151E+01
  0.3144E+01  0.3136E+01  0.3129E+01  0.3121E+01  0.3112E+01  0.3104E+01
  0.3095E+01  0.3086E+01  0.3077E+01  0.3068E+01  0.3058E+01  0.3049E+01
  0.3039E+01  0.3029E+01  0.3019E+01  0.3009E+01  0.2996E+01  0.2980E+01
  0.2957E+01  0.2921E+01  0.2865E+01  0.2783E+01  0.2673E+01  0.2536E+01
  0.2377E+01  0.2198E+01  0.2006E+01  0.1800E+01  0.1584E+01  0.1356E+01
  0.1119E+01  0.8738E+00  0.6101E+00  0.3263E+00  0.5594E-01  0.3258E+01
  0.3258E+01  0.3257E+01  0.3256E+01  0.3255E+01  0.3254E+01  0.3252E+01
  0.3251E+01  0.3250E+01  0.3248E+01  0.3247E+01  0.3245E+01  0.3243E+01
  0.3241E+01  0.3239E+01  0.3237E+01  0.3235E+01  0.3233E+01  0.3230E+01
  0.3227E+01  0.3224E+01  0.3221E+01  0.3218E+01  0.3214E+01  0.3210E+01
  0.3206E+01  0.3202E+01  0.3197E+01  0.3192E+01  0.3187E+01  0.3182E+01
  0.3176E+01  0.3170E+01  0.3164E+01  0.3158E+01  0.3151E+01  0.3144E+01
  0.3136E+01  0.3129E+01  0.3121E+01  0.3112E+01  0.3104E+01  0.3095E+01
  0.3086E+01  0.3077E+01  0.3068E+01  0.3058E+01  0.3049E+01  0.3039E+01
  0.3029E+01  0.3019E+01  0.3009E+01  0.2996E+01  0.2980E+01  0.2957E+01
  0.2921E+01  0.2865E+01  0.2783E+01  0.2673E+01  0.2536E+01  0.2376E+01
  0.2198E+01  0.2005E+01  0.1800E+01  0.1584E+01  0.1356E+01  0.1119E+01
  0.8738E+00  0.6101E+00  0.3263E+00  0.5594E-01  0.3258E+01  0.3258E+01
  0.3257E+01  0.3256E+01  0.3255E+01  0.3254E+01  0.3252E+01  0.3251E+01
  0.3250E+01  0.3248E+01  0.3247E+01  0.3245E+01  0.3243E+01  0.3241E+01
  0.3239E+01  0.3237E+01  0.3235E+01  0.3233E+01  0.3230E+01  0.3227E+01
  0.3224E+01  0.3221E+01  0.3218E+01  0.3214E+01  0.3210E+01  0.3206E+01
  0.3202E+01  0.3197E+01  0.3192E+01  0.3187E+01  0.3182E+01  0.3176E+01
  0.3170E+01  0.3164E+01  0.3158E+01  0.3151E+01  0.3144E+01  0.3136E+01
  0.3129E+01  0.3121E+01  0.3112E+01  0.3104E+01  0.3095E+01  0.3086E+01
  0.3077E+01  0.3068E+01  0.3058E+01  0.3049E+01  0.3039E+01  0.3029E+01
  0.3019E+01  0.3009E+01  0.2996E+01  0.2980E+01  0.2957E+01  0.2921E+01
  0.2865E+01  0.2783E+01  0.2673E+01  0.2536E+01  0.2376E+01  0.2198E+01
  0.2005E+01  0.1800E+01  0.1584E+01  0.1356E+01  0.1119E+01  0.8738E+00
  0.6101E+00  0.3263E+00  0.5594E-01  0.3258E+01  0.3258E+01  0.3257E+01
  0.3256E+01  0.3255E+01  0.3254E+01  0.3252E+01  0.3251E+01  0.3250E+01
  0.3248E+01  0.3247E+01  0.3245E+01  0.3243E+01  0.3241E+01  0.3239E+01
  0.3237E+01  0.3235E+01  0.3233E+01  0.3230E+01  0.3227E+01  0.3224E+01
  0.3221E+01  0.3218E+01  0.3214E+01  0.3210E+01  0.3206E+01  0.3202E+01
  0.3197E+01  0.3192E+01  0.3187E+01  0.3182E+01  0.3176E+01  0.3170E+01
  0.3164E+01  0.3158E+01  0.3151E+01  0.3144E+01  0.3136E+01  0.3129E+01
  0.3121E+01  0.3112E+01  0.3104E+01  0.3095E+01  0.3086E+01  0.3077E+01
  0.3068E+01  0.3058E+01  0.3049E+01  0.3039E+01  0.3029E+01  0.3019E+01
  0.3008E+01  0.2996E+01  0.2980E+01  0.2957E+01  0.2921E+01  0.2865E+01
  0.2783E+01  0.2673E+01  0.2536E+01  0.2377E+01  0.2198E+01  0.2006E+01
  0.1801E+01  0.1584E+01  0.1356E+01  0.1119E+01  0.8738E+00  0.6101E+00
  0.3263E+00  0.5594E-01  0.3258E+01  0.3258E+01  0.3257E+01  0.3256E+01
  0.3255E+01  0.3254E+01  0.3252E+01  0.3251E+01  0.3250E+01  0.3248E+01
  0.3247E+01  0.3245E+01  0.3243E+01  0.3241E+01  0.3239E+01  0.3237E+01
  0.3235E+01  0.3233E+01  0.3230E+01  0.3227E+01  0.3224E+01  0.3221E+01
  0.3218E+01  0.3214E+01  0.3210E+01  0.3206E+01  0.3202E+01  0.3197E+01
  0.3192E+01  0.3187E+01  0.3182E+01  0.3176E+01  0.3170E+01  0.3164E+01
  0.3157E+01  0.3151E+01  0.3144E+01  0.3136E+01  0.3128E+01  0.3120E+01
  0.3112E+01  0.3104E+01  0.3095E+01  0.3086E+01  0.3077E+01  0.3068E+01
  0.3058E+01  0.3049E+01  0.3039E+01  0.3029E+01  0.3019E+01  0.3009E+01
  0.2996E+01  0.2980E+01  0.2957E+01  0.2921E+01  0.2865E+01  0.2783E+01
  0.2673E+01  0.2536E+01  0.2377E+01  0.2198E+01  0.2006E+01  0.1801E+01
  0.1584E+01  0.1356E+01  0.1119E+01  0.8738E+00  0.6101E+00  0.3263E+00
  0.5592E-01  0.3258E+01  0.3258E+01  0.3257E+01  0.3256E+01  0.3255E+01
  0.3254E+01  0.3252E+01  0.3251E+01  0.3250E+01  0.3248E+01  0.3247E+01
  0.3245E+01  0.3243E+01  0.3241E+01  0.3239E+01  0.3237E+01  0.3235E+01
  0.3233E+01  0.3230E+01  0.3227E+01  0.3224E+01  0.3221E+01  0.3218E+01
  0.3214E+01  0.3210E+01  0.3206E+01  0.3202E+01  0.3197E+01  0.3192E+01
  0.3187E+01  0.3182E+01  0.3176E+01  0.3170E+01  0.3164E+01  0.3157E+01
  0.3150E+01  0.3143E+01  0.3136E+01  0.3128E+01  0.3120E+01  0.3112E+01
  0.3104E+01  0.3095E+01  0.3086E+01  0.3077E+01  0.3068E+01  0.3058E+01
  0.3049E+01  0.3039E+01  0.3030E+01  0.3020E+01  0.3009E+01  0.2997E+01
  0.2981E+01  0.2958E+01  0.2922E+01  0.2866E+01  0.2784E+01  0.2674E+01
  0.2537E+01  0.2377E+01  0.2199E+01  0.2006E+01  0.1801E+01  0.1584E+01
  0.1357E+01  0.1119E+01  0.8738E+00  0.6101E+00  0.3263E+00  0.5590E-01
  0.3258E+01  0.3258E+01  0.3257E+01  0.3256E+01  0.3255E+01  0.3254E+01
  0.3252E+01  0.3251E+01  0.3250E+01  0.3248E+01  0.3247E+01  0.3245E+01
  0.3243E+01  0.3241E+01  0.3239E+01  0.3237E+01  0.3235E+01  0.3233E+01
  0.3230E+01  0.3227E+01  0.3224E+01  0.3221E+01  0.3217E+01  0.3214E+01
  0.3210E+01  0.3206E+01  0.3202E+01  0.3197E+01  0.3192E+01  0.3187E+01
  0.3182E+01  0.3176E+01  0.3170E+01  0.3164E+01  0.3157E+01  0.3150E+01
  0.3143E+01  0.3136E+01  0.3128E+01  0.3120E+01  0.3112E+01  0.3104E+01
  0.3095E+01  0.3086E+01  0.3077E+01  0.3068E+01  0.3059E+01  0.3050E+01
  0.3040E+01  0.3030E+01  0.3020E+01  0.3010E+01  0.2998E+01  0.2982E+01
  0.2959E+01  0.2923E+01  0.2866E+01  0.2784E+01  0.2674E+01  0.2537E+01
  0.2377E+01  0.2199E+01  0.2006E+01  0.1801E+01  0.1584E+01  0.1357E+01
  0.1119E+01  0.8738E+00  0.6101E+00  0.3263E+00  0.5589E-01  0.3258E+01
  0.3258E+01  0.3257E+01  0.3256E+01  0.3255E+01  0.3254E+01  0.3252E+01
  0.3251E+01  0.3250E+01  0.3248E+01  0.3247E+01  0.3245E+01  0.3243E+01
  0.3241E+01  0.3239E+01  0.3237E+01  0.3235E+01  0.3232E+01  0.3230E+01
  0.3227E+01  0.3224E+01  0.3221E+01  0.3217E+01  0.3214E+01  0.3210E+01
  0.3206E+01  0.3201E+01  0.3197E+01  0.3192E+01  0.3187E+01  0.3181E+01
  0.3176E+01  0.3170E+01  0.3164E+01  0.3157E+01  0.3151E+01  0.3144E+01
  0.3136E+01  0.3129E+01  0.3121E+01  0.3113E+01  0.3105E+01  0.3096E+01
  0.3088E+01  0.3079E+01  0.3070E+01  0.3061E+01  0.3051E+01  0.3042E+01
  0.3032E+01  0.3022E+01  0.3012E+01  0.3000E+01  0.2984E+01  0.2961E+01
  0.2924E+01  0.2868E+01  0.2785E+01  0.2675E+01  0.2537E+01  0.2377E+01
  0.2199E+01  0.2006E+01  0.1801E+01  0.1584E+01  0.1357E+01  0.1119E+01
  0.8738E+00  0.6101E+00  0.3263E+00  0.5590E-01  0.3258E+01  0.3258E+01
  0.3257E+01  0.3256E+01  0.3255E+01  0.3254E+01  0.3252E+01  0.3251E+01
  0.3250E+01  0.3248E+01  0.3247E+01  0.3245E+01  0.3243E+01  0.3241E+01
  0.3239E+01  0.3237E+01  0.3235E+01  0.3232E+01  0.3229E+01  0.3227E+01
  0.3224E+01  0.3220E+01  0.3217E+01  0.3213E+01  0.3210E+01  0.3206E+01
  0.3201E+01  0.3197E+01  0.3192E+01  0.3187E+01  0.3182E+01  0.3177E+01
  0.3171E+01  0.3165E+01  0.3159E+01  0.3152E+01  0.3146E+01  0.3139E+01
  0.3131E+01  0.3124E+01  0.3116E+01  0.3108E+01  0.3099E+01  0.3091E+01
  0.3082E+01  0.3073E+01  0.3064E+01  0.3055E+01  0.3045E+01  0.3036E+01
  0.3026E+01  0.3015E+01  0.3003E+01  0.2987E+01  0.2964E+01  0.2927E+01
  0.2870E+01  0.2787E+01  0.2676E+01  0.2538E+01  0.2378E+01  0.2199E+01
  0.2006E+01  0.1801E+01  0.1584E+01  0.1357E+01  0.1119E+01  0.8738E+00
  0.6101E+00  0.3263E+00  0.5594E-01  0.3258E+01  0.3258E+01  0.3257E+01
  0.3256E+01  0.3255E+01  0.3254E+01  0.3252E+01  0.3251E+01  0.3250E+01
  0.3248E+01  0.3247E+01  0.3245E+01  0.3243E+01  0.3241E+01  0.3239E+01
  0.3237E+01  0.3234E+01  0.3232E+01  0.3229E+01  0.3227E+01  0.3224E+01
  0.3221E+01  0.3218E+01  0.3214E+01  0.3211E+01  0.3207E+01  0.3203E+01
  0.3199E+01  0.3195E+01  0.3190E+01  0.3185E+01  0.3180E+01  0.3175E+01
  0.3169E+01  0.3163E+01  0.3157E+01  0.3151E+01  0.3144E+01  0.3136E+01
  0.3129E+01  0.3121E+01  0.3113E+01  0.3105E+01  0.3096E+01  0.3087E+01
  0.3078E+01  0.3068E+01  0.3059E+01  0.3049E+01  0.3039E+01  0.3029E+01
  0.3018E+01  0.3005E+01  0.2988E+01  0.2964E+01  0.2927E+01  0.2869E+01
  0.2786E+01  0.2675E+01  0.2537E+01  0.2377E+01  0.2198E+01  0.2005E+01
  0.1800E+01  0.1584E+01  0.1356E+01  0.1119E+01  0.8737E+00  0.6101E+00
  0.3263E+00  0.5592E-01  0.3258E+01  0.3258E+01  0.3257E+01  0.3256E+01
  0.3255E+01  0.3253E+01  0.3252E+01  0.3251E+01  0.3249E+01  0.3248E+01
  0.3246E+01  0.3245E+01  0.3243E+01  0.3241E+01  0.3239E+01  0.3237E+01
  0.3235E+01  0.3233E+01  0.3231E+01  0.3229E+01  0.3227E+01  0.3224E+01
  0.3221E+01  0.3219E+01  0.3216E+01  0.3212E+01  0.3209E+01  0.3205E+01
  0.3201E+01  0.3197E+01  0.3192E+01  0.3187E+01  0.3182E+01  0.3176E+01
  0.3170E+01  0.3163E+01  0.3156E+01  0.3149E+01  0.3141E+01  0.3133E+01
  0.3124E+01  0.3116E+01  0.3106E+01  0.3097E+01  0.3087E+01  0.3077E+01
  0.3066E+01  0.3056E+01  0.3045E+01  0.3034E+01  0.3022E+01  0.3010E+01
  0.2996E+01  0.2979E+01  0.2954E+01  0.2917E+01  0.2860E+01  0.2778E+01
  0.2668E+01  0.2532E+01  0.2373E+01  0.2196E+01  0.2004E+01  0.1799E+01
  0.1583E+01  0.1356E+01  0.1118E+01  0.8734E+00  0.6099E+00  0.3262E+00
  0.5607E-01  0.3258E+01  0.3258E+01  0.3257E+01  0.3256E+01  0.3255E+01
  0.3253E+01  0.3252E+01  0.3251E+01  0.3250E+01  0.3249E+01  0.3247E+01
  0.3246E+01  0.3245E+01  0.3244E+01  0.3243E+01  0.3242E+01  0.3241E+01
  0.3240E+01  0.3238E+01  0.3236E+01  0.3235E+01  0.3232E+01  0.3230E+01
  0.3227E+01  0.3224E+01  0.3221E+01  0.3217E+01  0.3213E+01  0.3208E+01
  0.3203E+01  0.3197E+01  0.3191E+01  0.3185E+01  0.3178E+01  0.3170E+01
  0.3162E+01  0.3154E+01  0.3145E+01  0.3136E+01  0.3126E+01  0.3116E+01
  0.3105E+01  0.3094E+01  0.3083E+01  0.3071E+01  0.3059E+01  0.3047E+01
  0.3035E+01  0.3023E+01  0.3010E+01  0.2997E+01  0.2984E+01  0.2969E+01
  0.2952E+01  0.2928E+01  0.2892E+01  0.2838E+01  0.2761E+01  0.2655E+01
  0.2523E+01  0.2367E+01  0.2191E+01  0.2000E+01  0.1796E+01  0.1581E+01
  0.1354E+01  0.1117E+01  0.8728E+00  0.6096E+00  0.3261E+00  0.5641E-01
  0.3258E+01  0.3258E+01  0.3257E+01  0.3256E+01  0.3255E+01  0.3255E+01
  0.3254E+01  0.3254E+01  0.3254E+01  0.3254E+01  0.3254E+01  0.3255E+01
  0.3255E+01  0.3254E+01  0.3254E+01  0.3253E+01  0.3252E+01  0.3251E+01
  0.3249E+01  0.3247E+01  0.3244E+01  0.3241E+01  0.3237E+01  0.3233E+01
  0.3228E+01  0.3223E+01  0.3217E+01  0.3211E+01  0.3204E+01  0.3196E+01
  0.3188E+01  0.3180E+01  0.3171E+01  0.3162E+01  0.3152E+01  0.3142E+01
  0.3131E+01  0.3120E+01  0.3109E+01  0.3097E+01  0.3085E+01  0.3072E+01
  0.3060E+01  0.3047E+01  0.3034E+01  0.3020E+01  0.3007E+01  0.2994E+01
  0.2980E+01  0.2967E+01  0.2953E+01  0.2939E+01  0.2924E+01  0.2907E+01
  0.2885E+01  0.2853E+01  0.2805E+01  0.2734E+01  0.2635E+01  0.2509E+01
  0.2357E+01  0.2185E+01  0.1996E+01  0.1793E+01  0.1579E+01  0.1353E+01
  0.1116E+01  0.8721E+00  0.6092E+00  0.3260E+00  0.5676E-01  0.3258E+01
  0.3257E+01  0.3258E+01  0.3259E+01  0.3260E+01  0.3262E+01  0.3264E+01
  0.3266E+01  0.3267E+01  0.3268E+01  0.3269E+01  0.3268E+01  0.3267E+01
  0.3266E+01  0.3263E+01  0.3260E+01  0.3256E+01  0.3252E+01  0.3246E+01
  0.3241E+01  0.3234E+01  0.3227E+01  0.3220E+01  0.3212E+01  0.3203E+01
  0.3194E+01  0.3185E+01  0.3175E+01  0.3165E+01  0.3154E+01  0.3143E+01
  0.3132E+01  0.3120E+01  0.3108E+01  0.3095E+01  0.3083E+01  0.3070E+01
  0.3056E+01  0.3043E+01  0.3029E+01  0.3015E+01  0.3001E+01  0.2987E+01
  0.2972E+01  0.2958E+01  0.2943E+01  0.2929E+01  0.2914E+01  0.2899E+01
  0.2885E+01  0.2870E+01  0.2856E+01  0.2841E+01  0.2825E+01  0.2805E+01
  0.2779E+01  0.2740E+01  0.2681E+01  0.2595E+01  0.2480E+01  0.2338E+01
  0.2172E+01  0.1988E+01  0.1787E+01  0.1574E+01  0.1350E+01  0.1115E+01
  0.8708E+00  0.6084E+00  0.3256E+00  0.5702E-01  0.3258E+01  0.3256E+01
  0.3261E+01  0.3265E+01  0.3268E+01  0.3269E+01  0.3268E+01  0.3266E+01
  0.3261E+01  0.3255E+01  0.3248E+01  0.3240E+01  0.3232E+01  0.3222E+01
  0.3212E+01  0.3201E+01  0.3190E+01  0.3178E+01  0.3166E+01  0.3154E+01
  0.3141E+01  0.3128E+01  0.3115E+01  0.3101E+01  0.3088E+01  0.3074E+01
  0.3060E+01  0.3046E+01  0.3032E+01  0.3017E+01  0.3003E+01  0.2988E+01
  0.2973E+01  0.2958E+01  0.2943E+01  0.2928E+01  0.2913E+01  0.2897E+01
  0.2882E+01  0.2866E+01  0.2851E+01  0.2835E+01  0.2819E+01  0.2804E+01
  0.2788E+01  0.2772E+01  0.2757E+01  0.2741E+01  0.2726E+01  0.2710E+01
  0.2695E+01  0.2681E+01  0.2666E+01  0.2651E+01  0.2635E+01  0.2617E+01
  0.2592E+01  0.2553E+01  0.2494E+01  0.2406E+01  0.2287E+01  0.2139E+01
  0.1966E+01  0.1773E+01  0.1564E+01  0.1343E+01  0.1110E+01  0.8675E+00
  0.6067E+00  0.3251E+00  0.5741E-01  0.3258E+01  0.3229E+01  0.3202E+01
  0.3175E+01  0.3149E+01  0.3125E+01  0.3101E+01  0.3078E+01  0.3055E+01
  0.3034E+01  0.3013E+01  0.2993E+01  0.2973E+01  0.2954E+01  0.2936E+01
  0.2918E+01  0.2900E+01  0.2883E+01  0.2866E+01  0.2850E+01  0.2834E+01
  0.2818E+01  0.2802E+01  0.2787E+01  0.2772E+01  0.2757E+01  0.2743E+01
  0.2728E+01  0.2714E+01  0.2700E+01  0.2685E+01  0.2671E+01  0.2657E+01
  0.2643E+01  0.2630E+01  0.2616E+01  0.2602E+01  0.2588E+01  0.2574E+01
  0.2561E+01  0.2547E+01  0.2533E+01  0.2520E+01  0.2506E+01  0.2492E+01
  0.2479E+01  0.2466E+01  0.2452E+01  0.2439E+01  0.2427E+01  0.2414E+01
  0.2401E+01  0.2389E+01  0.2378E+01  0.2366E+01  0.2354E+01  0.2341E+01
  0.2324E+01  0.2296E+01  0.2249E+01  0.2173E+01  0.2062E+01  0.1918E+01
  0.1744E+01  0.1546E+01  0.1331E+01  0.1102E+01  0.8629E+00  0.6079E+00
  0.3301E+00  0.8041E-01  0.3258E+01  0.2303E+01  0.2303E+01  0.2302E+01
  0.2301E+01  0.2300E+01  0.2300E+01  0.2299E+01  0.2298E+01  0.2297E+01
  0.2296E+01  0.2294E+01  0.2293E+01  0.2292E+01  0.2290E+01  0.2289E+01
  0.2287E+01  0.2285E+01  0.2283E+01  0.2281E+01  0.2279E+01  0.2277E+01
  0.2274E+01  0.2271E+01  0.2269E+01  0.2266E+01  0.2262E+01  0.2259E+01
  0.2255E+01  0.2252E+01  0.2248E+01  0.2243E+01  0.2239E+01  0.2234E+01
  0.2229E+01  0.2224E+01  0.2219E+01  0.2213E+01  0.2208E+01  0.2201E+01
  0.2195E+01  0.2189E+01  0.2182E+01  0.2175E+01  0.2168E+01  0.2161E+01
  0.2153E+01  0.2146E+01  0.2138E+01  0.2130E+01  0.2122E+01  0.2114E+01
  0.2106E+01  0.2098E+01  0.2090E+01  0.2081E+01  0.2073E+01  0.2064E+01
  0.2053E+01  0.2036E+01  0.2002E+01  0.1939E+01  0.1837E+01  0.1695E+01
  0.1518E+01  0.1313E+01  0.1087E+01  0.8448E+00  0.5900E+00  0.3176E+00
  0.1733E-01
