  0.2680E+03  0.2720E+03  0.2720E+03  0.2720E+03  0.2720E+03  0.2720E+03
  0.2720E+03  0.2720E+03  0.2720E+03  0.2720E+03  0.2720E+03  0.2720E+03
  0.2720E+03  0.2720E+03  0.2720E+03  0.2720E+03  0.2720E+03  0.2720E+03
  0.2720E+03  0.2720E+03  0.2720E+03  0.2720E+03  0.2720E+03  0.2720E+03
  0.2720E+03  0.2720E+03  0.2720E+03  0.2720E+03  0.2720E+03  0.2720E+03
  0.2720E+03  0.2720E+03  0.2720E+03  0.2720E+03  0.2720E+03  0.2720E+03
  0.2720E+03  0.2720E+03  0.2720E+03  0.2720E+03  0.2720E+03  0.2720E+03
  0.2720E+03  0.2720E+03  0.2720E+03  0.2720E+03  0.2720E+03  0.2720E+03
  0.2720E+03  0.2720E+03  0.2720E+03  0.2720E+03  0.2720E+03  0.2720E+03
  0.2720E+03  0.2720E+03  0.2720E+03  0.2720E+03  0.2720E+03  0.2720E+03
  0.2720E+03  0.2720E+03  0.2720E+03  0.2720E+03  0.2720E+03  0.2720E+03
  0.2720E+03  0.2720E+03  0.2720E+03  0.2720E+03  0.2800E+03  0.2680E+03
  0.2720E+03  0.2720E+03  0.2720E+03  0.2720E+03  0.2720E+03  0.2720E+03
  0.2720E+03  0.2720E+03  0.2720E+03  0.2720E+03  0.2720E+03  0.2720E+03
  0.2720E+03  0.2720E+03  0.2720E+03  0.2720E+03  0.2720E+03  0.2720E+03
  0.2720E+03  0.2720E+03  0.2720E+03  0.2720E+03  0.2720E+03  0.2720E+03
  0.2720E+03  0.2720E+03  0.2720E+03  0.2720E+03  0.2720E+03  0.2720E+03
  0.2720E+03  0.2720E+03  0.2720E+03  0.2720E+03  0.2720E+03  0.2720E+03
  0.2720E+03  0.2720E+03  0.2720E+03  0.2720E+03  0.2720E+03  0.2720E+03
  0.2720E+03  0.2720E+03  0.2720E+03  0.2720E+03  0.2720E+03  0.2720E+03
  0.2720E+03  0.2720E+03  0.2720E+03  0.2720E+03  0.2720E+03  0.2720E+03
  0.2720E+03  0.2720E+03  0.2720E+03  0.2720E+03  0.2720E+03  0.2720E+03
  0.2720E+03  0.2720E+03  0.2720E+03  0.2720E+03  0.2720E+03  0.2720E+03
  0.2720E+03  0.2720E+03  0.2680E+03  0.2680E+03  0.2680E+03  0.2720E+03
  0.2680E+03  0.2680E+03  0.2680E+03  0.2680E+03  0.2680E+03  0.2680E+03
  0.2680E+03  0.2680E+03  0.2680E+03  0.2680E+03  0.2680E+03  0.2680E+03
  0.2680E+03  0.2680E+03  0.2680E+03  0.2680E+03  0.2680E+03  0.2680E+03
  0.2680E+03  0.2680E+03  0.2680E+03  0.2680E+03  0.2680E+03  0.2680E+03
  0.2680E+03  0.2680E+03  0.2680E+03  0.2720E+03  0.2720E+03  0.2720E+03
  0.2720E+03  0.2720E+03  0.2720E+03  0.2720E+03  0.2720E+03  0.2720E+03
  0.2720E+03  0.2720E+03  0.2720E+03  0.2720E+03  0.2720E+03  0.2720E+03
  0.2720E+03  0.2720E+03  0.2720E+03  0.2720E+03  0.2720E+03  0.2720E+03
  0.2720E+03  0.2720E+03  0.2720E+03  0.2720E+03  0.2720E+03  0.2720E+03
  0.2720E+03  0.2720E+03  0.2720E+03  0.2720E+03  0.2720E+03  0.2720E+03
  0.2720E+03  0.2720E+03  0.2720E+03  0.2720E+03  0.2680E+03  0.2680E+03
  0.2680E+03  0.2680E+03  0.2680E+03  0.2680E+03  0.2720E+03  0.2680E+03
  0.2680E+03  0.2680E+03  0.2680E+03  0.2680E+03  0.2680E+03  0.2680E+03
  0.2680E+03  0.2680E+03  0.2680E+03  0.2680E+03  0.2680E+03  0.2680E+03
  0.2680E+03  0.2680E+03  0.2680E+03  0.2680E+03  0.2680E+03  0.2680E+03
  0.2680E+03  0.2680E+03  0.2680E+03  0.2680E+03  0.2680E+03  0.2680E+03
  0.2680E+03  0.2680E+03  0.2680E+03  0.2680E+03  0.2680E+03  0.2680E+03
  0.2680E+03  0.2680E+03  0.2680E+03  0.2680E+03  0.2680E+03  0.2680E+03
  0.2680E+03  0.2680E+03  0.2680E+03  0.2680E+03  0.2680E+03  0.2680E+03
  0.2680E+03  0.2680E+03  0.2680E+03  0.2680E+03  0.2680E+03  0.2680E+03
  0.2680E+03  0.2680E+03  0.2680E+03  0.2680E+03  0.2680E+03  0.2720E+03
  0.2720E+03  0.2720E+03  0.2720E+03  0.2720E+03  0.2720E+03  0.2720E+03
  0.2680E+03  0.2680E+03  0.2680E+03  0.2680E+03  0.2680E+03  0.2680E+03
  0.2680E+03  0.2680E+03  0.2680E+03  0.2720E+03  0.2720E+03  0.2720E+03
  0.2720E+03  0.2720E+03  0.2720E+03  0.2720E+03  0.2720E+03  0.2720E+03
  0.2720E+03  0.2720E+03  0.2680E+03  0.2680E+03  0.2680E+03  0.2680E+03
  0.2680E+03  0.2680E+03  0.2680E+03  0.2680E+03  0.2680E+03  0.2680E+03
  0.2680E+03  0.2680E+03  0.2680E+03  0.2680E+03  0.2680E+03  0.2680E+03
  0.2680E+03  0.2680E+03  0.2680E+03  0.2680E+03  0.2680E+03  0.2680E+03
  0.2680E+03  0.2680E+03  0.2680E+03  0.2680E+03  0.2680E+03  0.2680E+03
  0.2680E+03  0.2680E+03  0.2680E+03  0.2680E+03  0.2680E+03  0.2680E+03
  0.2680E+03  0.2680E+03  0.2680E+03  0.2680E+03  0.2680E+03  0.2680E+03
  0.2680E+03  0.2680E+03  0.2680E+03  0.2680E+03  0.2680E+03  0.2680E+03
  0.2680E+03  0.2680E+03  0.2680E+03  0.2680E+03  0.2680E+03  0.2680E+03
  0.2680E+03  0.2680E+03  0.2680E+03  0.2680E+03  0.2680E+03  0.2680E+03
  0.2720E+03  0.2680E+03  0.2680E+03  0.2720E+03  0.2720E+03  0.2720E+03
  0.2720E+03  0.2720E+03  0.2720E+03  0.2720E+03  0.2720E+03  0.2720E+03
  0.2720E+03  0.2720E+03  0.2720E+03  0.2720E+03  0.2720E+03  0.2720E+03
  0.2720E+03  0.2720E+03  0.2720E+03  0.2720E+03  0.2720E+03  0.2720E+03
  0.2720E+03  0.2720E+03  0.2720E+03  0.2720E+03  0.2720E+03  0.2720E+03
  0.2720E+03  0.2720E+03  0.2720E+03  0.2720E+03  0.2720E+03  0.2720E+03
  0.2680E+03  0.2680E+03  0.2680E+03  0.2680E+03  0.2680E+03  0.2680E+03
  0.2680E+03  0.2680E+03  0.2680E+03  0.2680E+03  0.2680E+03  0.2680E+03
  0.2680E+03  0.2680E+03  0.2680E+03  0.2680E+03  0.2680E+03  0.2680E+03
  0.2680E+03  0.2680E+03  0.2680E+03  0.2680E+03  0.2680E+03  0.2680E+03
  0.2680E+03  0.2680E+03  0.2680E+03  0.2680E+03  0.2680E+03  0.2680E+03
  0.2680E+03  0.2680E+03  0.2680E+03  0.2680E+03  0.2680E+03  0.2720E+03
  0.2680E+03  0.2680E+03  0.2680E+03  0.2680E+03  0.2680E+03  0.2680E+03
  0.2720E+03  0.2720E+03  0.2720E+03  0.2720E+03  0.2720E+03  0.2720E+03
  0.2720E+03  0.2720E+03  0.2720E+03  0.2720E+03  0.2720E+03  0.2720E+03
  0.2720E+03  0.2720E+03  0.2720E+03  0.2720E+03  0.2720E+03  0.2720E+03
  0.2720E+03  0.2720E+03  0.2720E+03  0.2720E+03  0.2720E+03  0.2720E+03
  0.2720E+03  0.2720E+03  0.2720E+03  0.2720E+03  0.2720E+03  0.2720E+03
  0.2720E+03  0.2720E+03  0.2720E+03  0.2720E+03  0.2720E+03  0.2720E+03
  0.2720E+03  0.2720E+03  0.2720E+03  0.2720E+03  0.2720E+03  0.2720E+03
  0.2720E+03  0.2720E+03  0.2720E+03  0.2720E+03  0.2680E+03  0.2680E+03
  0.2680E+03  0.2680E+03  0.2680E+03  0.2680E+03  0.2680E+03  0.2680E+03
  0.2680E+03  0.2680E+03  0.2680E+03  0.2680E+03  0.2680E+03  0.2680E+03
  0.2680E+03  0.2680E+03  0.2680E+03  0.2680E+03  0.2720E+03  0.2680E+03
  0.2680E+03  0.2680E+03  0.2680E+03  0.2680E+03  0.2680E+03  0.2680E+03
  0.2680E+03  0.2680E+03  0.2680E+03  0.2680E+03  0.2680E+03  0.2680E+03
  0.2680E+03  0.2680E+03  0.2680E+03  0.2680E+03  0.2680E+03  0.2680E+03
  0.2680E+03  0.2680E+03  0.2680E+03  0.2680E+03  0.2720E+03  0.2720E+03
  0.2720E+03  0.2720E+03  0.2720E+03  0.2720E+03  0.2720E+03  0.2720E+03
  0.2720E+03  0.2720E+03  0.2720E+03  0.2720E+03  0.2720E+03  0.2720E+03
  0.2720E+03  0.2720E+03  0.2720E+03  0.2720E+03  0.2720E+03  0.2720E+03
  0.2720E+03  0.2720E+03  0.2720E+03  0.2720E+03  0.2720E+03  0.2720E+03
  0.2720E+03  0.2720E+03  0.2720E+03  0.2720E+03  0.2720E+03  0.2680E+03
  0.2680E+03  0.2680E+03  0.2680E+03  0.2680E+03  0.2680E+03  0.2680E+03
  0.2680E+03  0.2680E+03  0.2680E+03  0.2680E+03  0.2680E+03  0.2680E+03
  0.2680E+03  0.2680E+03  0.2680E+03  0.2720E+03  0.2680E+03  0.2680E+03
  0.2680E+03  0.2720E+03  0.2680E+03  0.2680E+03  0.2680E+03  0.2680E+03
  0.2680E+03  0.2680E+03  0.2680E+03  0.2680E+03  0.2680E+03  0.2680E+03
  0.2680E+03  0.2680E+03  0.2680E+03  0.2680E+03  0.2680E+03  0.2680E+03
  0.2680E+03  0.2680E+03  0.2680E+03  0.2680E+03  0.2680E+03  0.2680E+03
  0.2680E+03  0.2680E+03  0.2680E+03  0.2680E+03  0.2680E+03  0.2680E+03
  0.2680E+03  0.2680E+03  0.2680E+03  0.2680E+03  0.2680E+03  0.2680E+03
  0.2680E+03  0.2720E+03  0.2720E+03  0.2720E+03  0.2720E+03  0.2720E+03
  0.2720E+03  0.2720E+03  0.2720E+03  0.2720E+03  0.2720E+03  0.2720E+03
  0.2720E+03  0.2720E+03  0.2720E+03  0.2720E+03  0.2720E+03  0.2720E+03
  0.2720E+03  0.2680E+03  0.2680E+03  0.2680E+03  0.2680E+03  0.2680E+03
  0.2680E+03  0.2680E+03  0.2680E+03  0.2680E+03  0.2680E+03  0.2680E+03
  0.2680E+03  0.2720E+03  0.2720E+03  0.2680E+03  0.2680E+03  0.2680E+03
  0.2720E+03  0.2680E+03  0.2680E+03  0.2680E+03  0.2720E+03  0.2720E+03
  0.2680E+03  0.2720E+03  0.2720E+03  0.2720E+03  0.2720E+03  0.2720E+03
  0.2720E+03  0.2680E+03  0.2680E+03  0.2680E+03  0.2680E+03  0.2680E+03
  0.2680E+03  0.2680E+03  0.2680E+03  0.2680E+03  0.2680E+03  0.2680E+03
  0.2680E+03  0.2680E+03  0.2680E+03  0.2680E+03  0.2680E+03  0.2680E+03
  0.2680E+03  0.2680E+03  0.2680E+03  0.2680E+03  0.2680E+03  0.2680E+03
  0.2680E+03  0.2720E+03  0.2720E+03  0.2720E+03  0.2720E+03  0.2720E+03
  0.2720E+03  0.2720E+03  0.2720E+03  0.2720E+03  0.2720E+03  0.2720E+03
  0.2720E+03  0.2720E+03  0.2720E+03  0.2720E+03  0.2720E+03  0.2720E+03
  0.2720E+03  0.2720E+03  0.2680E+03  0.2680E+03  0.2680E+03  0.2680E+03
  0.2680E+03  0.2680E+03  0.2680E+03  0.2680E+03  0.2680E+03  0.2680E+03
  0.2720E+03  0.2720E+03  0.2680E+03  0.2680E+03  0.2680E+03  0.2680E+03
  0.2680E+03  0.2680E+03  0.2680E+03  0.2720E+03  0.2680E+03  0.2680E+03
  0.2680E+03  0.2680E+03  0.2680E+03  0.2680E+03  0.2680E+03  0.2680E+03
  0.2680E+03  0.2680E+03  0.2680E+03  0.2720E+03  0.2720E+03  0.2720E+03
  0.2720E+03  0.2720E+03  0.2720E+03  0.2720E+03  0.2720E+03  0.2720E+03
  0.2680E+03  0.2680E+03  0.2680E+03  0.2680E+03  0.2680E+03  0.2680E+03
  0.2680E+03  0.2680E+03  0.2680E+03  0.2720E+03  0.2720E+03  0.2720E+03
  0.2720E+03  0.2720E+03  0.2720E+03  0.2720E+03  0.2720E+03  0.2720E+03
  0.2720E+03  0.2720E+03  0.2720E+03  0.2720E+03  0.2720E+03  0.2720E+03
  0.2720E+03  0.2720E+03  0.2720E+03  0.2720E+03  0.2720E+03  0.2720E+03
  0.2720E+03  0.2680E+03  0.2680E+03  0.2680E+03  0.2680E+03  0.2680E+03
  0.2680E+03  0.2680E+03  0.2680E+03  0.2680E+03  0.2680E+03  0.2720E+03
  0.2720E+03  0.2680E+03  0.2680E+03  0.2680E+03  0.2680E+03  0.2680E+03
  0.2680E+03  0.2680E+03  0.2720E+03  0.2720E+03  0.2680E+03  0.2680E+03
  0.2680E+03  0.2680E+03  0.2680E+03  0.2680E+03  0.2680E+03  0.2680E+03
  0.2680E+03  0.2680E+03  0.2680E+03  0.2680E+03  0.2680E+03  0.2680E+03
  0.2680E+03  0.2680E+03  0.2680E+03  0.2680E+03  0.2680E+03  0.2680E+03
  0.2680E+03  0.2680E+03  0.2680E+03  0.2680E+03  0.2680E+03  0.2680E+03
  0.2680E+03  0.2680E+03  0.2680E+03  0.2680E+03  0.2680E+03  0.2680E+03
  0.2680E+03  0.2680E+03  0.2680E+03  0.2680E+03  0.2720E+03  0.2720E+03
  0.2720E+03  0.2720E+03  0.2720E+03  0.2720E+03  0.2720E+03  0.2720E+03
  0.2720E+03  0.2720E+03  0.2720E+03  0.2720E+03  0.2720E+03  0.2680E+03
  0.2680E+03  0.2680E+03  0.2680E+03  0.2680E+03  0.2680E+03  0.2680E+03
  0.2680E+03  0.2680E+03  0.2680E+03  0.2680E+03  0.2720E+03  0.2720E+03
  0.2680E+03  0.2680E+03  0.2680E+03  0.2680E+03  0.2680E+03  0.2680E+03
  0.2680E+03  0.2720E+03  0.2720E+03  0.2680E+03  0.2680E+03  0.2680E+03
  0.2680E+03  0.2680E+03  0.2680E+03  0.2680E+03  0.2680E+03  0.2680E+03
  0.2680E+03  0.2680E+03  0.2680E+03  0.2680E+03  0.2680E+03  0.2680E+03
  0.2680E+03  0.2680E+03  0.2680E+03  0.2680E+03  0.2680E+03  0.2680E+03
  0.2680E+03  0.2680E+03  0.2680E+03  0.2680E+03  0.2680E+03  0.2680E+03
  0.2680E+03  0.2680E+03  0.2680E+03  0.2680E+03  0.2680E+03  0.2680E+03
  0.2680E+03  0.2680E+03  0.2680E+03  0.2680E+03  0.2680E+03  0.2680E+03
  0.2680E+03  0.2680E+03  0.2680E+03  0.2680E+03  0.2680E+03  0.2680E+03
  0.2680E+03  0.2680E+03  0.2680E+03  0.2680E+03  0.2680E+03  0.2680E+03
  0.2680E+03  0.2680E+03  0.2680E+03  0.2680E+03  0.2680E+03  0.2680E+03
  0.2680E+03  0.2680E+03  0.2680E+03  0.2720E+03  0.2720E+03  0.2680E+03
  0.2680E+03  0.2680E+03  0.2680E+03  0.2680E+03  0.2680E+03  0.2680E+03
  0.2720E+03  0.2720E+03  0.2680E+03  0.2680E+03  0.2680E+03  0.2680E+03
  0.2680E+03  0.2680E+03  0.2680E+03  0.2680E+03  0.2680E+03  0.2680E+03
  0.2680E+03  0.2680E+03  0.2680E+03  0.2680E+03  0.2680E+03  0.2680E+03
  0.2680E+03  0.2680E+03  0.2680E+03  0.2680E+03  0.2680E+03  0.2680E+03
  0.2720E+03  0.2680E+03  0.2680E+03  0.2680E+03  0.2680E+03  0.2680E+03
  0.2680E+03  0.2680E+03  0.2680E+03  0.2680E+03  0.2680E+03  0.2680E+03
  0.2680E+03  0.2680E+03  0.2680E+03  0.2680E+03  0.2680E+03  0.2680E+03
  0.2680E+03  0.2680E+03  0.2680E+03  0.2680E+03  0.2680E+03  0.2680E+03
  0.2680E+03  0.2680E+03  0.2680E+03  0.2680E+03  0.2680E+03  0.2680E+03
  0.2680E+03  0.2680E+03  0.2680E+03  0.2680E+03  0.2680E+03  0.2680E+03
  0.2680E+03  0.2680E+03  0.2720E+03  0.2720E+03  0.2680E+03  0.2680E+03
  0.2680E+03  0.2680E+03  0.2680E+03  0.2680E+03  0.2680E+03  0.2720E+03
  0.2720E+03  0.2680E+03  0.2680E+03  0.2680E+03  0.2680E+03  0.2680E+03
  0.2680E+03  0.2680E+03  0.2680E+03  0.2680E+03  0.2680E+03  0.2680E+03
  0.2680E+03  0.2680E+03  0.2680E+03  0.2680E+03  0.2680E+03  0.2680E+03
  0.2680E+03  0.2680E+03  0.2680E+03  0.2680E+03  0.2680E+03  0.2680E+03
  0.2680E+03  0.2720E+03  0.2720E+03  0.2720E+03  0.2720E+03  0.2720E+03
  0.2720E+03  0.2720E+03  0.2720E+03  0.2720E+03  0.2720E+03  0.2680E+03
  0.2680E+03  0.2680E+03  0.2680E+03  0.2680E+03  0.2680E+03  0.2680E+03
  0.2680E+03  0.2680E+03  0.2680E+03  0.2680E+03  0.2680E+03  0.2680E+03
  0.2680E+03  0.2680E+03  0.2680E+03  0.2680E+03  0.2680E+03  0.2680E+03
  0.2680E+03  0.2680E+03  0.2680E+03  0.2680E+03  0.2680E+03  0.2680E+03
  0.2680E+03  0.2720E+03  0.2720E+03  0.2680E+03  0.2680E+03  0.2680E+03
  0.2680E+03  0.2680E+03  0.2680E+03  0.2680E+03  0.2720E+03  0.2720E+03
  0.2680E+03  0.2680E+03  0.2680E+03  0.2680E+03  0.2680E+03  0.2680E+03
  0.2680E+03  0.2680E+03  0.2680E+03  0.2680E+03  0.2680E+03  0.2680E+03
  0.2680E+03  0.2680E+03  0.2680E+03  0.2680E+03  0.2680E+03  0.2680E+03
  0.2680E+03  0.2680E+03  0.2680E+03  0.2680E+03  0.2680E+03  0.2680E+03
  0.2680E+03  0.2720E+03  0.2720E+03  0.2720E+03  0.2720E+03  0.2720E+03
  0.2720E+03  0.2720E+03  0.2720E+03  0.2720E+03  0.2720E+03  0.2720E+03
  0.2720E+03  0.2720E+03  0.2680E+03  0.2680E+03  0.2680E+03  0.2680E+03
  0.2680E+03  0.2680E+03  0.2680E+03  0.2720E+03  0.2680E+03  0.2680E+03
  0.2680E+03  0.2680E+03  0.2680E+03  0.2680E+03  0.2680E+03  0.2680E+03
  0.2680E+03  0.2680E+03  0.2680E+03  0.2680E+03  0.2680E+03  0.2680E+03
  0.2720E+03  0.2720E+03  0.2680E+03  0.2680E+03  0.2680E+03  0.2680E+03
  0.2680E+03  0.2680E+03  0.2680E+03  0.2720E+03  0.2720E+03  0.2680E+03
  0.2680E+03  0.2680E+03  0.2680E+03  0.2680E+03  0.2680E+03  0.2680E+03
  0.2680E+03  0.2680E+03  0.2680E+03  0.2680E+03  0.2680E+03  0.2680E+03
  0.2680E+03  0.2680E+03  0.2680E+03  0.2680E+03  0.2680E+03  0.2680E+03
  0.2680E+03  0.2680E+03  0.2680E+03  0.2680E+03  0.2680E+03  0.2680E+03
  0.2680E+03  0.2680E+03  0.2680E+03  0.2720E+03  0.2720E+03  0.2720E+03
  0.2720E+03  0.2720E+03  0.2720E+03  0.2720E+03  0.2720E+03  0.2720E+03
  0.2720E+03  0.2720E+03  0.2720E+03  0.2720E+03  0.2720E+03  0.2720E+03
  0.2720E+03  0.2720E+03  0.2720E+03  0.2720E+03  0.2720E+03  0.2680E+03
  0.2680E+03  0.2680E+03  0.2680E+03  0.2680E+03  0.2680E+03  0.2680E+03
  0.2680E+03  0.2680E+03  0.2680E+03  0.2680E+03  0.2680E+03  0.2720E+03
  0.2720E+03  0.2680E+03  0.2680E+03  0.2680E+03  0.2680E+03  0.2680E+03
  0.2680E+03  0.2680E+03  0.2720E+03  0.2720E+03  0.2680E+03  0.2680E+03
  0.2680E+03  0.2680E+03  0.2680E+03  0.2680E+03  0.2680E+03  0.2680E+03
  0.2680E+03  0.2680E+03  0.2680E+03  0.2680E+03  0.2680E+03  0.2680E+03
  0.2680E+03  0.2680E+03  0.2680E+03  0.2680E+03  0.2680E+03  0.2680E+03
  0.2680E+03  0.2680E+03  0.2680E+03  0.2680E+03  0.2680E+03  0.2680E+03
  0.2720E+03  0.2680E+03  0.2720E+03  0.2720E+03  0.2720E+03  0.2720E+03
  0.2720E+03  0.2720E+03  0.2720E+03  0.2720E+03  0.2720E+03  0.2720E+03
  0.2720E+03  0.2720E+03  0.2720E+03  0.2720E+03  0.2720E+03  0.2720E+03
  0.2720E+03  0.2720E+03  0.2720E+03  0.2680E+03  0.2680E+03  0.2680E+03
  0.2680E+03  0.2680E+03  0.2680E+03  0.2680E+03  0.2680E+03  0.2680E+03
  0.2680E+03  0.2680E+03  0.2680E+03  0.2680E+03  0.2720E+03  0.2720E+03
  0.2680E+03  0.2680E+03  0.2680E+03  0.2680E+03  0.2680E+03  0.2680E+03
  0.2680E+03  0.2720E+03  0.2720E+03  0.2680E+03  0.2680E+03  0.2680E+03
  0.2680E+03  0.2680E+03  0.2680E+03  0.2680E+03  0.2680E+03  0.2680E+03
  0.2680E+03  0.2680E+03  0.2680E+03  0.2680E+03  0.2680E+03  0.2680E+03
  0.2680E+03  0.2680E+03  0.2680E+03  0.2680E+03  0.2680E+03  0.2680E+03
  0.2680E+03  0.2680E+03  0.2680E+03  0.2680E+03  0.2680E+03  0.2720E+03
  0.2680E+03  0.2720E+03  0.2720E+03  0.2720E+03  0.2720E+03  0.2720E+03
  0.2720E+03  0.2720E+03  0.2720E+03  0.2720E+03  0.2720E+03  0.2720E+03
  0.2720E+03  0.2720E+03  0.2720E+03  0.2720E+03  0.2720E+03  0.2720E+03
  0.2720E+03  0.2680E+03  0.2680E+03  0.2680E+03  0.2680E+03  0.2680E+03
  0.2680E+03  0.2680E+03  0.2680E+03  0.2680E+03  0.2680E+03  0.2680E+03
  0.2680E+03  0.2680E+03  0.2680E+03  0.2720E+03  0.2720E+03  0.2680E+03
  0.2680E+03  0.2680E+03  0.2680E+03  0.2680E+03  0.2680E+03  0.2680E+03
  0.2720E+03  0.2720E+03  0.2680E+03  0.2680E+03  0.2680E+03  0.2680E+03
  0.2680E+03  0.2680E+03  0.2680E+03  0.2680E+03  0.2680E+03  0.2680E+03
  0.2680E+03  0.2680E+03  0.2680E+03  0.2680E+03  0.2680E+03  0.2680E+03
  0.2680E+03  0.2680E+03  0.2680E+03  0.2680E+03  0.2680E+03  0.2680E+03
  0.2680E+03  0.2680E+03  0.2680E+03  0.2680E+03  0.2680E+03  0.2680E+03
  0.2720E+03  0.2720E+03  0.2720E+03  0.2720E+03  0.2720E+03  0.2720E+03
  0.2720E+03  0.2720E+03  0.2680E+03  0.2720E+03  0.2720E+03  0.2720E+03
  0.2720E+03  0.2720E+03  0.2720E+03  0.2720E+03  0.2720E+03  0.2680E+03
  0.2680E+03  0.2680E+03  0.2680E+03  0.2680E+03  0.2680E+03  0.2680E+03
  0.2680E+03  0.2680E+03  0.2680E+03  0.2680E+03  0.2680E+03  0.2680E+03
  0.2680E+03  0.2680E+03  0.2720E+03  0.2720E+03  0.2680E+03  0.2680E+03
  0.2680E+03  0.2680E+03  0.2680E+03  0.2680E+03  0.2680E+03  0.2720E+03
  0.2720E+03  0.2680E+03  0.2680E+03  0.2680E+03  0.2680E+03  0.2680E+03
  0.2680E+03  0.2680E+03  0.2680E+03  0.2680E+03  0.2680E+03  0.2680E+03
  0.2680E+03  0.2680E+03  0.2680E+03  0.2680E+03  0.2680E+03  0.2680E+03
  0.2680E+03  0.2680E+03  0.2680E+03  0.2680E+03  0.2680E+03  0.2680E+03
  0.2680E+03  0.2680E+03  0.2680E+03  0.2680E+03  0.2680E+03  0.2720E+03
  0.2720E+03  0.2680E+03  0.2720E+03  0.2720E+03  0.2720E+03  0.2680E+03
  0.2720E+03  0.2680E+03  0.2720E+03  0.2680E+03  0.2680E+03  0.2680E+03
  0.2680E+03  0.2680E+03  0.2680E+03  0.2680E+03  0.2680E+03  0.2680E+03
  0.2680E+03  0.2680E+03  0.2680E+03  0.2680E+03  0.2680E+03  0.2680E+03
  0.2680E+03  0.2680E+03  0.2680E+03  0.2680E+03  0.2680E+03  0.2680E+03
  0.2680E+03  0.2720E+03  0.2720E+03  0.2680E+03  0.2680E+03  0.2680E+03
  0.2680E+03  0.2680E+03  0.2680E+03  0.2680E+03  0.2720E+03  0.2720E+03
  0.2680E+03  0.2680E+03  0.2680E+03  0.2680E+03  0.2680E+03  0.2680E+03
  0.2680E+03  0.2680E+03  0.2680E+03  0.2680E+03  0.2680E+03  0.2680E+03
  0.2680E+03  0.2680E+03  0.2680E+03  0.2680E+03  0.2680E+03  0.2680E+03
  0.2680E+03  0.2680E+03  0.2680E+03  0.2680E+03  0.2680E+03  0.2680E+03
  0.2680E+03  0.2680E+03  0.2720E+03  0.2720E+03  0.2720E+03  0.2720E+03
  0.2720E+03  0.2720E+03  0.2720E+03  0.2720E+03  0.2720E+03  0.2720E+03
  0.2680E+03  0.2720E+03  0.2680E+03  0.2680E+03  0.2680E+03  0.2680E+03
  0.2680E+03  0.2680E+03  0.2680E+03  0.2680E+03  0.2680E+03  0.2680E+03
  0.2680E+03  0.2680E+03  0.2680E+03  0.2680E+03  0.2680E+03  0.2680E+03
  0.2680E+03  0.2680E+03  0.2680E+03  0.2680E+03  0.2680E+03  0.2680E+03
  0.2720E+03  0.2720E+03  0.2680E+03  0.2680E+03  0.2680E+03  0.2680E+03
  0.2680E+03  0.2680E+03  0.2680E+03  0.2720E+03  0.2720E+03  0.2680E+03
  0.2680E+03  0.2680E+03  0.2680E+03  0.2680E+03  0.2680E+03  0.2680E+03
  0.2680E+03  0.2680E+03  0.2680E+03  0.2680E+03  0.2680E+03  0.2680E+03
  0.2680E+03  0.2680E+03  0.2680E+03  0.2680E+03  0.2680E+03  0.2680E+03
  0.2680E+03  0.2680E+03  0.2680E+03  0.2680E+03  0.2680E+03  0.2680E+03
  0.2680E+03  0.2720E+03  0.2680E+03  0.2720E+03  0.2720E+03  0.2720E+03
  0.2720E+03  0.2720E+03  0.2720E+03  0.2720E+03  0.2720E+03  0.2720E+03
  0.2680E+03  0.2680E+03  0.2680E+03  0.2720E+03  0.2680E+03  0.2680E+03
  0.2680E+03  0.2680E+03  0.2680E+03  0.2680E+03  0.2680E+03  0.2680E+03
  0.2680E+03  0.2680E+03  0.2680E+03  0.2680E+03  0.2680E+03  0.2680E+03
  0.2680E+03  0.2680E+03  0.2680E+03  0.2680E+03  0.2680E+03  0.2720E+03
  0.2720E+03  0.2680E+03  0.2680E+03  0.2680E+03  0.2680E+03  0.2680E+03
  0.2680E+03  0.2680E+03  0.2720E+03  0.2720E+03  0.2680E+03  0.2680E+03
  0.2680E+03  0.2680E+03  0.2680E+03  0.2680E+03  0.2680E+03  0.2680E+03
  0.2680E+03  0.2680E+03  0.2680E+03  0.2680E+03  0.2680E+03  0.2680E+03
  0.2680E+03  0.2680E+03  0.2680E+03  0.2680E+03  0.2680E+03  0.2680E+03
  0.2680E+03  0.2680E+03  0.2680E+03  0.2680E+03  0.2680E+03  0.2680E+03
  0.2680E+03  0.2680E+03  0.2720E+03  0.2720E+03  0.2720E+03  0.2720E+03
  0.2720E+03  0.2720E+03  0.2720E+03  0.2720E+03  0.2720E+03  0.2720E+03
  0.2720E+03  0.2720E+03  0.2720E+03  0.2720E+03  0.2680E+03  0.2680E+03
  0.2680E+03  0.2680E+03  0.2680E+03  0.2680E+03  0.2680E+03  0.2680E+03
  0.2680E+03  0.2680E+03  0.2680E+03  0.2680E+03  0.2680E+03  0.2680E+03
  0.2680E+03  0.2680E+03  0.2680E+03  0.2680E+03  0.2720E+03  0.2720E+03
  0.2680E+03  0.2680E+03  0.2680E+03  0.2680E+03  0.2680E+03  0.2680E+03
  0.2680E+03  0.2720E+03  0.2720E+03  0.2680E+03  0.2680E+03  0.2680E+03
  0.2680E+03  0.2680E+03  0.2680E+03  0.2680E+03  0.2680E+03  0.2680E+03
  0.2680E+03  0.2680E+03  0.2680E+03  0.2680E+03  0.2680E+03  0.2680E+03
  0.2680E+03  0.2680E+03  0.2680E+03  0.2680E+03  0.2680E+03  0.2680E+03
  0.2680E+03  0.2680E+03  0.2680E+03  0.2680E+03  0.2680E+03  0.2680E+03
  0.2680E+03  0.2720E+03  0.2720E+03  0.2720E+03  0.2720E+03  0.2720E+03
  0.2720E+03  0.2720E+03  0.2720E+03  0.2720E+03  0.2720E+03  0.2720E+03
  0.2720E+03  0.2720E+03  0.2680E+03  0.2680E+03  0.2680E+03  0.2680E+03
  0.2680E+03  0.2680E+03  0.2680E+03  0.2680E+03  0.2680E+03  0.2680E+03
  0.2680E+03  0.2680E+03  0.2680E+03  0.2680E+03  0.2680E+03  0.2680E+03
  0.2680E+03  0.2680E+03  0.2680E+03  0.2720E+03  0.2720E+03  0.2680E+03
  0.2680E+03  0.2680E+03  0.2680E+03  0.2680E+03  0.2680E+03  0.2680E+03
  0.2720E+03  0.2720E+03  0.2680E+03  0.2680E+03  0.2680E+03  0.2680E+03
  0.2680E+03  0.2680E+03  0.2680E+03  0.2680E+03  0.2680E+03  0.2680E+03
  0.2680E+03  0.2680E+03  0.2680E+03  0.2680E+03  0.2680E+03  0.2680E+03
  0.2680E+03  0.2680E+03  0.2680E+03  0.2680E+03  0.2680E+03  0.2680E+03
  0.2680E+03  0.2680E+03  0.2680E+03  0.2680E+03  0.2720E+03  0.2720E+03
  0.2720E+03  0.2720E+03  0.2720E+03  0.2720E+03  0.2720E+03  0.2720E+03
  0.2720E+03  0.2720E+03  0.2720E+03  0.2720E+03  0.2720E+03  0.2720E+03
  0.2720E+03  0.2680E+03  0.2680E+03  0.2720E+03  0.2680E+03  0.2680E+03
  0.2680E+03  0.2680E+03  0.2680E+03  0.2680E+03  0.2680E+03  0.2680E+03
  0.2680E+03  0.2680E+03  0.2680E+03  0.2680E+03  0.2680E+03  0.2680E+03
  0.2680E+03  0.2680E+03  0.2720E+03  0.2720E+03  0.2680E+03  0.2680E+03
  0.2680E+03  0.2680E+03  0.2680E+03  0.2680E+03  0.2680E+03  0.2720E+03
  0.2720E+03  0.2680E+03  0.2680E+03  0.2680E+03  0.2680E+03  0.2680E+03
  0.2680E+03  0.2680E+03  0.2680E+03  0.2680E+03  0.2680E+03  0.2680E+03
  0.2680E+03  0.2680E+03  0.2680E+03  0.2680E+03  0.2680E+03  0.2680E+03
  0.2680E+03  0.2680E+03  0.2680E+03  0.2680E+03  0.2680E+03  0.2680E+03
  0.2680E+03  0.2680E+03  0.2680E+03  0.2720E+03  0.2680E+03  0.2720E+03
  0.2720E+03  0.2720E+03  0.2720E+03  0.2720E+03  0.2720E+03  0.2720E+03
  0.2720E+03  0.2720E+03  0.2680E+03  0.2680E+03  0.2720E+03  0.2720E+03
  0.2680E+03  0.2680E+03  0.2680E+03  0.2680E+03  0.2680E+03  0.2680E+03
  0.2680E+03  0.2680E+03  0.2680E+03  0.2680E+03  0.2680E+03  0.2680E+03
  0.2680E+03  0.2680E+03  0.2680E+03  0.2680E+03  0.2680E+03  0.2680E+03
  0.2680E+03  0.2720E+03  0.2720E+03  0.2680E+03  0.2680E+03  0.2680E+03
  0.2680E+03  0.2680E+03  0.2680E+03  0.2680E+03  0.2720E+03  0.2720E+03
  0.2680E+03  0.2680E+03  0.2680E+03  0.2680E+03  0.2680E+03  0.2680E+03
  0.2680E+03  0.2680E+03  0.2680E+03  0.2680E+03  0.2680E+03  0.2680E+03
  0.2680E+03  0.2680E+03  0.2680E+03  0.2680E+03  0.2680E+03  0.2680E+03
  0.2680E+03  0.2680E+03  0.2680E+03  0.2680E+03  0.2680E+03  0.2680E+03
  0.2680E+03  0.2680E+03  0.2680E+03  0.2680E+03  0.2720E+03  0.2720E+03
  0.2720E+03  0.2720E+03  0.2720E+03  0.2720E+03  0.2720E+03  0.2720E+03
  0.2720E+03  0.2720E+03  0.2720E+03  0.2720E+03  0.2720E+03  0.2680E+03
  0.2680E+03  0.2680E+03  0.2680E+03  0.2680E+03  0.2680E+03  0.2680E+03
  0.2680E+03  0.2680E+03  0.2680E+03  0.2680E+03  0.2680E+03  0.2680E+03
  0.2680E+03  0.2680E+03  0.2680E+03  0.2680E+03  0.2680E+03  0.2680E+03
  0.2720E+03  0.2720E+03  0.2680E+03  0.2680E+03  0.2680E+03  0.2680E+03
  0.2680E+03  0.2680E+03  0.2680E+03  0.2720E+03  0.2720E+03  0.2680E+03
  0.2680E+03  0.2680E+03  0.2680E+03  0.2680E+03  0.2680E+03  0.2680E+03
  0.2680E+03  0.2680E+03  0.2680E+03  0.2680E+03  0.2680E+03  0.2680E+03
  0.2680E+03  0.2680E+03  0.2680E+03  0.2680E+03  0.2680E+03  0.2680E+03
  0.2680E+03  0.2680E+03  0.2680E+03  0.2680E+03  0.2680E+03  0.2680E+03
  0.2680E+03  0.2680E+03  0.2680E+03  0.2720E+03  0.2720E+03  0.2720E+03
  0.2720E+03  0.2720E+03  0.2720E+03  0.2720E+03  0.2720E+03  0.2720E+03
  0.2720E+03  0.2720E+03  0.2720E+03  0.2720E+03  0.2680E+03  0.2680E+03
  0.2680E+03  0.2680E+03  0.2680E+03  0.2680E+03  0.2680E+03  0.2680E+03
  0.2680E+03  0.2680E+03  0.2680E+03  0.2680E+03  0.2680E+03  0.2680E+03
  0.2680E+03  0.2680E+03  0.2680E+03  0.2680E+03  0.2680E+03  0.2720E+03
  0.2720E+03  0.2680E+03  0.2680E+03  0.2680E+03  0.2680E+03  0.2680E+03
  0.2680E+03  0.2680E+03  0.2720E+03  0.2720E+03  0.2680E+03  0.2680E+03
  0.2680E+03  0.2680E+03  0.2680E+03  0.2680E+03  0.2680E+03  0.2680E+03
  0.2680E+03  0.2680E+03  0.2680E+03  0.2680E+03  0.2680E+03  0.2680E+03
  0.2680E+03  0.2680E+03  0.2680E+03  0.2680E+03  0.2680E+03  0.2680E+03
  0.2680E+03  0.2680E+03  0.2680E+03  0.2680E+03  0.2680E+03  0.2680E+03
  0.2720E+03  0.2720E+03  0.2720E+03  0.2720E+03  0.2720E+03  0.2720E+03
  0.2720E+03  0.2720E+03  0.2720E+03  0.2720E+03  0.2720E+03  0.2720E+03
  0.2720E+03  0.2720E+03  0.2720E+03  0.2680E+03  0.2680E+03  0.2680E+03
  0.2680E+03  0.2680E+03  0.2680E+03  0.2680E+03  0.2680E+03  0.2680E+03
  0.2680E+03  0.2680E+03  0.2680E+03  0.2680E+03  0.2680E+03  0.2680E+03
  0.2680E+03  0.2680E+03  0.2680E+03  0.2680E+03  0.2720E+03  0.2720E+03
  0.2680E+03  0.2680E+03  0.2680E+03  0.2680E+03  0.2680E+03  0.2680E+03
  0.2680E+03  0.2720E+03  0.2720E+03  0.2680E+03  0.2680E+03  0.2680E+03
  0.2680E+03  0.2680E+03  0.2680E+03  0.2680E+03  0.2680E+03  0.2680E+03
  0.2680E+03  0.2680E+03  0.2680E+03  0.2680E+03  0.2680E+03  0.2680E+03
  0.2680E+03  0.2680E+03  0.2680E+03  0.2680E+03  0.2680E+03  0.2680E+03
  0.2680E+03  0.2680E+03  0.2680E+03  0.2680E+03  0.2680E+03  0.2720E+03
  0.2680E+03  0.2720E+03  0.2720E+03  0.2720E+03  0.2720E+03  0.2720E+03
  0.2720E+03  0.2720E+03  0.2720E+03  0.2720E+03  0.2680E+03  0.2680E+03
  0.2720E+03  0.2720E+03  0.2680E+03  0.2680E+03  0.2680E+03  0.2680E+03
  0.2680E+03  0.2680E+03  0.2680E+03  0.2680E+03  0.2680E+03  0.2680E+03
  0.2680E+03  0.2680E+03  0.2680E+03  0.2680E+03  0.2680E+03  0.2680E+03
  0.2680E+03  0.2680E+03  0.2680E+03  0.2720E+03  0.2720E+03  0.2680E+03
  0.2680E+03  0.2680E+03  0.2680E+03  0.2680E+03  0.2680E+03  0.2680E+03
  0.2720E+03  0.2720E+03  0.2680E+03  0.2680E+03  0.2680E+03  0.2680E+03
  0.2680E+03  0.2680E+03  0.2680E+03  0.2680E+03  0.2680E+03  0.2680E+03
  0.2680E+03  0.2680E+03  0.2680E+03  0.2680E+03  0.2680E+03  0.2680E+03
  0.2680E+03  0.2680E+03  0.2680E+03  0.2680E+03  0.2680E+03  0.2680E+03
  0.2680E+03  0.2680E+03  0.2680E+03  0.2680E+03  0.2680E+03  0.2680E+03
  0.2720E+03  0.2720E+03  0.2720E+03  0.2720E+03  0.2720E+03  0.2720E+03
  0.2720E+03  0.2720E+03  0.2720E+03  0.2720E+03  0.2720E+03  0.2720E+03
  0.2720E+03  0.2680E+03  0.2680E+03  0.2680E+03  0.2680E+03  0.2680E+03
  0.2680E+03  0.2680E+03  0.2680E+03  0.2680E+03  0.2680E+03  0.2680E+03
  0.2680E+03  0.2680E+03  0.2680E+03  0.2680E+03  0.2680E+03  0.2680E+03
  0.2680E+03  0.2680E+03  0.2720E+03  0.2720E+03  0.2680E+03  0.2680E+03
  0.2680E+03  0.2680E+03  0.2680E+03  0.2680E+03  0.2680E+03  0.2720E+03
  0.2720E+03  0.2680E+03  0.2680E+03  0.2680E+03  0.2680E+03  0.2680E+03
  0.2680E+03  0.2680E+03  0.2680E+03  0.2680E+03  0.2680E+03  0.2680E+03
  0.2680E+03  0.2680E+03  0.2680E+03  0.2680E+03  0.2680E+03  0.2680E+03
  0.2680E+03  0.2680E+03  0.2680E+03  0.2680E+03  0.2680E+03  0.2680E+03
  0.2680E+03  0.2680E+03  0.2680E+03  0.2680E+03  0.2680E+03  0.2720E+03
  0.2720E+03  0.2720E+03  0.2720E+03  0.2720E+03  0.2720E+03  0.2720E+03
  0.2720E+03  0.2720E+03  0.2720E+03  0.2720E+03  0.2720E+03  0.2720E+03
  0.2680E+03  0.2680E+03  0.2680E+03  0.2680E+03  0.2680E+03  0.2680E+03
  0.2680E+03  0.2680E+03  0.2680E+03  0.2680E+03  0.2680E+03  0.2680E+03
  0.2680E+03  0.2680E+03  0.2680E+03  0.2680E+03  0.2680E+03  0.2680E+03
  0.2680E+03  0.2720E+03  0.2720E+03  0.2680E+03  0.2680E+03  0.2680E+03
  0.2680E+03  0.2680E+03  0.2680E+03  0.2680E+03  0.2720E+03  0.2720E+03
  0.2680E+03  0.2680E+03  0.2680E+03  0.2680E+03  0.2680E+03  0.2680E+03
  0.2680E+03  0.2680E+03  0.2680E+03  0.2680E+03  0.2680E+03  0.2680E+03
  0.2680E+03  0.2680E+03  0.2680E+03  0.2680E+03  0.2680E+03  0.2680E+03
  0.2680E+03  0.2680E+03  0.2680E+03  0.2680E+03  0.2680E+03  0.2680E+03
  0.2680E+03  0.2680E+03  0.2720E+03  0.2720E+03  0.2720E+03  0.2720E+03
  0.2720E+03  0.2720E+03  0.2720E+03  0.2720E+03  0.2720E+03  0.2720E+03
  0.2720E+03  0.2720E+03  0.2720E+03  0.2720E+03  0.2720E+03  0.2680E+03
  0.2680E+03  0.2680E+03  0.2680E+03  0.2680E+03  0.2680E+03  0.2680E+03
  0.2680E+03  0.2680E+03  0.2680E+03  0.2680E+03  0.2680E+03  0.2680E+03
  0.2680E+03  0.2680E+03  0.2680E+03  0.2680E+03  0.2680E+03  0.2680E+03
  0.2720E+03  0.2720E+03  0.2680E+03  0.2680E+03  0.2680E+03  0.2680E+03
  0.2680E+03  0.2680E+03  0.2680E+03  0.2720E+03  0.2720E+03  0.2680E+03
  0.2680E+03  0.2680E+03  0.2680E+03  0.2680E+03  0.2680E+03  0.2680E+03
  0.2680E+03  0.2680E+03  0.2680E+03  0.2680E+03  0.2680E+03  0.2680E+03
  0.2680E+03  0.2680E+03  0.2680E+03  0.2680E+03  0.2680E+03  0.2680E+03
  0.2680E+03  0.2680E+03  0.2680E+03  0.2680E+03  0.2680E+03  0.2680E+03
  0.2680E+03  0.2720E+03  0.2680E+03  0.2720E+03  0.2720E+03  0.2720E+03
  0.2720E+03  0.2720E+03  0.2720E+03  0.2720E+03  0.2720E+03  0.2720E+03
  0.2680E+03  0.2680E+03  0.2720E+03  0.2720E+03  0.2680E+03  0.2680E+03
  0.2680E+03  0.2680E+03  0.2680E+03  0.2680E+03  0.2680E+03  0.2680E+03
  0.2680E+03  0.2680E+03  0.2680E+03  0.2680E+03  0.2680E+03  0.2680E+03
  0.2680E+03  0.2680E+03  0.2680E+03  0.2680E+03  0.2680E+03  0.2720E+03
  0.2720E+03  0.2680E+03  0.2680E+03  0.2680E+03  0.2680E+03  0.2680E+03
  0.2680E+03  0.2680E+03  0.2720E+03  0.2720E+03  0.2680E+03  0.2680E+03
  0.2680E+03  0.2680E+03  0.2680E+03  0.2680E+03  0.2680E+03  0.2680E+03
  0.2680E+03  0.2680E+03  0.2680E+03  0.2680E+03  0.2680E+03  0.2680E+03
  0.2680E+03  0.2680E+03  0.2680E+03  0.2680E+03  0.2680E+03  0.2680E+03
  0.2680E+03  0.2680E+03  0.2680E+03  0.2680E+03  0.2680E+03  0.2680E+03
  0.2680E+03  0.2680E+03  0.2720E+03  0.2720E+03  0.2720E+03  0.2720E+03
  0.2720E+03  0.2720E+03  0.2720E+03  0.2720E+03  0.2720E+03  0.2720E+03
  0.2720E+03  0.2720E+03  0.2720E+03  0.2680E+03  0.2680E+03  0.2680E+03
  0.2680E+03  0.2680E+03  0.2680E+03  0.2680E+03  0.2680E+03  0.2680E+03
  0.2680E+03  0.2680E+03  0.2680E+03  0.2680E+03  0.2680E+03  0.2680E+03
  0.2680E+03  0.2680E+03  0.2680E+03  0.2680E+03  0.2720E+03  0.2720E+03
  0.2680E+03  0.2680E+03  0.2680E+03  0.2680E+03  0.2680E+03  0.2680E+03
  0.2680E+03  0.2720E+03  0.2720E+03  0.2680E+03  0.2680E+03  0.2680E+03
  0.2680E+03  0.2680E+03  0.2680E+03  0.2680E+03  0.2680E+03  0.2680E+03
  0.2680E+03  0.2680E+03  0.2680E+03  0.2680E+03  0.2680E+03  0.2680E+03
  0.2680E+03  0.2680E+03  0.2680E+03  0.2680E+03  0.2680E+03  0.2680E+03
  0.2680E+03  0.2680E+03  0.2680E+03  0.2680E+03  0.2680E+03  0.2680E+03
  0.2680E+03  0.2720E+03  0.2720E+03  0.2720E+03  0.2720E+03  0.2720E+03
  0.2720E+03  0.2720E+03  0.2720E+03  0.2720E+03  0.2720E+03  0.2720E+03
  0.2720E+03  0.2720E+03  0.2680E+03  0.2680E+03  0.2680E+03  0.2680E+03
  0.2680E+03  0.2680E+03  0.2680E+03  0.2680E+03  0.2680E+03  0.2680E+03
  0.2680E+03  0.2680E+03  0.2680E+03  0.2680E+03  0.2680E+03  0.2680E+03
  0.2680E+03  0.2680E+03  0.2680E+03  0.2720E+03  0.2720E+03  0.2680E+03
  0.2680E+03  0.2680E+03  0.2680E+03  0.2680E+03  0.2680E+03  0.2680E+03
  0.2720E+03  0.2720E+03  0.2680E+03  0.2680E+03  0.2680E+03  0.2680E+03
  0.2680E+03  0.2680E+03  0.2680E+03  0.2680E+03  0.2680E+03  0.2680E+03
  0.2680E+03  0.2680E+03  0.2680E+03  0.2680E+03  0.2680E+03  0.2680E+03
  0.2680E+03  0.2680E+03  0.2680E+03  0.2680E+03  0.2680E+03  0.2680E+03
  0.2680E+03  0.2680E+03  0.2680E+03  0.2680E+03  0.2720E+03  0.2720E+03
  0.2720E+03  0.2720E+03  0.2720E+03  0.2720E+03  0.2720E+03  0.2720E+03
  0.2720E+03  0.2720E+03  0.2720E+03  0.2720E+03  0.2720E+03  0.2720E+03
  0.2720E+03  0.2680E+03  0.2680E+03  0.2680E+03  0.2680E+03  0.2680E+03
  0.2680E+03  0.2680E+03  0.2680E+03  0.2680E+03  0.2680E+03  0.2680E+03
  0.2680E+03  0.2680E+03  0.2680E+03  0.2680E+03  0.2680E+03  0.2680E+03
  0.2680E+03  0.2680E+03  0.2720E+03  0.2720E+03  0.2680E+03  0.2680E+03
  0.2680E+03  0.2680E+03  0.2680E+03  0.2680E+03  0.2680E+03  0.2720E+03
  0.2720E+03  0.2680E+03  0.2680E+03  0.2680E+03  0.2680E+03  0.2680E+03
  0.2680E+03  0.2680E+03  0.2680E+03  0.2680E+03  0.2680E+03  0.2680E+03
  0.2680E+03  0.2680E+03  0.2680E+03  0.2680E+03  0.2680E+03  0.2680E+03
  0.2680E+03  0.2680E+03  0.2680E+03  0.2680E+03  0.2680E+03  0.2680E+03
  0.2680E+03  0.2680E+03  0.2680E+03  0.2720E+03  0.2680E+03  0.2720E+03
  0.2720E+03  0.2720E+03  0.2720E+03  0.2720E+03  0.2720E+03  0.2720E+03
  0.2720E+03  0.2720E+03  0.2680E+03  0.2680E+03  0.2720E+03  0.2720E+03
  0.2680E+03  0.2680E+03  0.2680E+03  0.2680E+03  0.2680E+03  0.2680E+03
  0.2680E+03  0.2680E+03  0.2680E+03  0.2680E+03  0.2680E+03  0.2680E+03
  0.2680E+03  0.2680E+03  0.2680E+03  0.2680E+03  0.2680E+03  0.2680E+03
  0.2680E+03  0.2720E+03  0.2720E+03  0.2680E+03  0.2680E+03  0.2680E+03
  0.2680E+03  0.2680E+03  0.2680E+03  0.2680E+03  0.2720E+03  0.2720E+03
  0.2680E+03  0.2680E+03  0.2680E+03  0.2680E+03  0.2680E+03  0.2680E+03
  0.2680E+03  0.2680E+03  0.2680E+03  0.2680E+03  0.2680E+03  0.2680E+03
  0.2680E+03  0.2680E+03  0.2680E+03  0.2680E+03  0.2680E+03  0.2680E+03
  0.2680E+03  0.2680E+03  0.2680E+03  0.2680E+03  0.2680E+03  0.2680E+03
  0.2680E+03  0.2680E+03  0.2680E+03  0.2680E+03  0.2720E+03  0.2720E+03
  0.2720E+03  0.2720E+03  0.2720E+03  0.2720E+03  0.2720E+03  0.2720E+03
  0.2720E+03  0.2720E+03  0.2720E+03  0.2720E+03  0.2720E+03  0.2680E+03
  0.2680E+03  0.2680E+03  0.2680E+03  0.2680E+03  0.2680E+03  0.2680E+03
  0.2680E+03  0.2680E+03  0.2680E+03  0.2680E+03  0.2680E+03  0.2680E+03
  0.2680E+03  0.2680E+03  0.2680E+03  0.2680E+03  0.2680E+03  0.2680E+03
  0.2720E+03  0.2720E+03  0.2680E+03  0.2680E+03  0.2680E+03  0.2680E+03
  0.2680E+03  0.2680E+03  0.2680E+03  0.2720E+03  0.2720E+03  0.2680E+03
  0.2680E+03  0.2680E+03  0.2680E+03  0.2680E+03  0.2680E+03  0.2680E+03
  0.2680E+03  0.2680E+03  0.2680E+03  0.2680E+03  0.2680E+03  0.2680E+03
  0.2680E+03  0.2680E+03  0.2680E+03  0.2680E+03  0.2680E+03  0.2680E+03
  0.2680E+03  0.2680E+03  0.2680E+03  0.2680E+03  0.2680E+03  0.2680E+03
  0.2680E+03  0.2680E+03  0.2680E+03  0.2720E+03  0.2720E+03  0.2720E+03
  0.2720E+03  0.2720E+03  0.2720E+03  0.2720E+03  0.2720E+03  0.2720E+03
  0.2720E+03  0.2720E+03  0.2720E+03  0.2720E+03  0.2720E+03  0.2720E+03
  0.2720E+03  0.2680E+03  0.2680E+03  0.2680E+03  0.2680E+03  0.2680E+03
  0.2680E+03  0.2680E+03  0.2680E+03  0.2680E+03  0.2680E+03  0.2680E+03
  0.2680E+03  0.2680E+03  0.2680E+03  0.2680E+03  0.2680E+03  0.2720E+03
  0.2720E+03  0.2680E+03  0.2680E+03  0.2680E+03  0.2680E+03  0.2680E+03
  0.2680E+03  0.2680E+03  0.2720E+03  0.2720E+03  0.2680E+03  0.2680E+03
  0.2680E+03  0.2680E+03  0.2680E+03  0.2680E+03  0.2680E+03  0.2680E+03
  0.2680E+03  0.2680E+03  0.2680E+03  0.2680E+03  0.2680E+03  0.2680E+03
  0.2680E+03  0.2680E+03  0.2680E+03  0.2680E+03  0.2680E+03  0.2680E+03
  0.2680E+03  0.2680E+03  0.2680E+03  0.2680E+03  0.2680E+03  0.2680E+03
  0.2720E+03  0.2720E+03  0.2720E+03  0.2720E+03  0.2720E+03  0.2720E+03
  0.2720E+03  0.2720E+03  0.2720E+03  0.2720E+03  0.2720E+03  0.2720E+03
  0.2720E+03  0.2720E+03  0.2720E+03  0.2680E+03  0.2680E+03  0.2720E+03
  0.2680E+03  0.2680E+03  0.2680E+03  0.2680E+03  0.2680E+03  0.2680E+03
  0.2680E+03  0.2680E+03  0.2680E+03  0.2680E+03  0.2680E+03  0.2680E+03
  0.2680E+03  0.2680E+03  0.2680E+03  0.2680E+03  0.2720E+03  0.2720E+03
  0.2680E+03  0.2680E+03  0.2680E+03  0.2680E+03  0.2680E+03  0.2680E+03
  0.2680E+03  0.2720E+03  0.2720E+03  0.2680E+03  0.2680E+03  0.2680E+03
  0.2680E+03  0.2680E+03  0.2680E+03  0.2680E+03  0.2680E+03  0.2680E+03
  0.2680E+03  0.2680E+03  0.2680E+03  0.2680E+03  0.2680E+03  0.2680E+03
  0.2680E+03  0.2680E+03  0.2680E+03  0.2680E+03  0.2680E+03  0.2680E+03
  0.2680E+03  0.2680E+03  0.2680E+03  0.2680E+03  0.2680E+03  0.2720E+03
  0.2680E+03  0.2720E+03  0.2720E+03  0.2720E+03  0.2720E+03  0.2720E+03
  0.2720E+03  0.2720E+03  0.2720E+03  0.2720E+03  0.2680E+03  0.2680E+03
  0.2720E+03  0.2720E+03  0.2680E+03  0.2680E+03  0.2680E+03  0.2680E+03
  0.2680E+03  0.2680E+03  0.2680E+03  0.2680E+03  0.2680E+03  0.2680E+03
  0.2680E+03  0.2680E+03  0.2680E+03  0.2680E+03  0.2680E+03  0.2680E+03
  0.2680E+03  0.2680E+03  0.2680E+03  0.2720E+03  0.2720E+03  0.2680E+03
  0.2680E+03  0.2680E+03  0.2680E+03  0.2680E+03  0.2680E+03  0.2680E+03
  0.2720E+03  0.2720E+03  0.2680E+03  0.2680E+03  0.2680E+03  0.2680E+03
  0.2680E+03  0.2680E+03  0.2680E+03  0.2680E+03  0.2680E+03  0.2680E+03
  0.2680E+03  0.2680E+03  0.2680E+03  0.2680E+03  0.2680E+03  0.2680E+03
  0.2680E+03  0.2680E+03  0.2680E+03  0.2680E+03  0.2680E+03  0.2680E+03
  0.2680E+03  0.2680E+03  0.2680E+03  0.2680E+03  0.2680E+03  0.2680E+03
  0.2720E+03  0.2720E+03  0.2720E+03  0.2720E+03  0.2720E+03  0.2720E+03
  0.2720E+03  0.2720E+03  0.2720E+03  0.2720E+03  0.2720E+03  0.2720E+03
  0.2720E+03  0.2680E+03  0.2680E+03  0.2680E+03  0.2680E+03  0.2680E+03
  0.2680E+03  0.2680E+03  0.2680E+03  0.2680E+03  0.2680E+03  0.2680E+03
  0.2680E+03  0.2680E+03  0.2680E+03  0.2680E+03  0.2680E+03  0.2680E+03
  0.2680E+03  0.2680E+03  0.2720E+03  0.2720E+03  0.2680E+03  0.2680E+03
  0.2680E+03  0.2680E+03  0.2680E+03  0.2680E+03  0.2680E+03  0.2720E+03
  0.2720E+03  0.2680E+03  0.2680E+03  0.2680E+03  0.2680E+03  0.2680E+03
  0.2680E+03  0.2680E+03  0.2680E+03  0.2680E+03  0.2680E+03  0.2680E+03
  0.2680E+03  0.2680E+03  0.2680E+03  0.2680E+03  0.2680E+03  0.2680E+03
  0.2680E+03  0.2680E+03  0.2680E+03  0.2680E+03  0.2680E+03  0.2680E+03
  0.2680E+03  0.2680E+03  0.2680E+03  0.2680E+03  0.2680E+03  0.2720E+03
  0.2720E+03  0.2720E+03  0.2720E+03  0.2720E+03  0.2720E+03  0.2720E+03
  0.2720E+03  0.2720E+03  0.2720E+03  0.2720E+03  0.2720E+03  0.2720E+03
  0.2680E+03  0.2680E+03  0.2680E+03  0.2680E+03  0.2680E+03  0.2680E+03
  0.2680E+03  0.2680E+03  0.2680E+03  0.2680E+03  0.2680E+03  0.2680E+03
  0.2680E+03  0.2680E+03  0.2680E+03  0.2680E+03  0.2680E+03  0.2680E+03
  0.2680E+03  0.2720E+03  0.2720E+03  0.2680E+03  0.2680E+03  0.2680E+03
  0.2680E+03  0.2680E+03  0.2680E+03  0.2680E+03  0.2720E+03  0.2720E+03
  0.2680E+03  0.2680E+03  0.2680E+03  0.2680E+03  0.2680E+03  0.2680E+03
  0.2680E+03  0.2680E+03  0.2680E+03  0.2680E+03  0.2680E+03  0.2680E+03
  0.2680E+03  0.2680E+03  0.2680E+03  0.2680E+03  0.2680E+03  0.2680E+03
  0.2680E+03  0.2680E+03  0.2680E+03  0.2680E+03  0.2680E+03  0.2680E+03
  0.2680E+03  0.2680E+03  0.2720E+03  0.2720E+03  0.2720E+03  0.2720E+03
  0.2720E+03  0.2720E+03  0.2720E+03  0.2720E+03  0.2720E+03  0.2720E+03
  0.2720E+03  0.2720E+03  0.2680E+03  0.2720E+03  0.2720E+03  0.2680E+03
  0.2680E+03  0.2680E+03  0.2680E+03  0.2680E+03  0.2680E+03  0.2680E+03
  0.2680E+03  0.2680E+03  0.2680E+03  0.2680E+03  0.2680E+03  0.2680E+03
  0.2680E+03  0.2680E+03  0.2680E+03  0.2680E+03  0.2680E+03  0.2680E+03
  0.2720E+03  0.2720E+03  0.2680E+03  0.2680E+03  0.2680E+03  0.2680E+03
  0.2680E+03  0.2680E+03  0.2680E+03  0.2720E+03  0.2720E+03  0.2680E+03
  0.2680E+03  0.2680E+03  0.2680E+03  0.2680E+03  0.2680E+03  0.2680E+03
  0.2680E+03  0.2680E+03  0.2680E+03  0.2680E+03  0.2680E+03  0.2680E+03
  0.2680E+03  0.2680E+03  0.2680E+03  0.2680E+03  0.2680E+03  0.2680E+03
  0.2680E+03  0.2680E+03  0.2680E+03  0.2680E+03  0.2680E+03  0.2680E+03
  0.2680E+03  0.2720E+03  0.2680E+03  0.2720E+03  0.2720E+03  0.2720E+03
  0.2720E+03  0.2720E+03  0.2720E+03  0.2720E+03  0.2720E+03  0.2720E+03
  0.2680E+03  0.2680E+03  0.2720E+03  0.2720E+03  0.2680E+03  0.2680E+03
  0.2680E+03  0.2680E+03  0.2680E+03  0.2680E+03  0.2680E+03  0.2680E+03
  0.2680E+03  0.2680E+03  0.2680E+03  0.2680E+03  0.2680E+03  0.2680E+03
  0.2680E+03  0.2680E+03  0.2680E+03  0.2680E+03  0.2680E+03  0.2720E+03
  0.2720E+03  0.2680E+03  0.2680E+03  0.2680E+03  0.2680E+03  0.2680E+03
  0.2680E+03  0.2680E+03  0.2720E+03  0.2720E+03  0.2680E+03  0.2680E+03
  0.2680E+03  0.2680E+03  0.2680E+03  0.2680E+03  0.2680E+03  0.2680E+03
  0.2680E+03  0.2680E+03  0.2680E+03  0.2680E+03  0.2680E+03  0.2680E+03
  0.2680E+03  0.2680E+03  0.2680E+03  0.2680E+03  0.2680E+03  0.2680E+03
  0.2680E+03  0.2680E+03  0.2680E+03  0.2680E+03  0.2680E+03  0.2680E+03
  0.2680E+03  0.2680E+03  0.2720E+03  0.2720E+03  0.2720E+03  0.2720E+03
  0.2720E+03  0.2720E+03  0.2720E+03  0.2720E+03  0.2720E+03  0.2720E+03
  0.2680E+03  0.2720E+03  0.2720E+03  0.2680E+03  0.2680E+03  0.2680E+03
  0.2680E+03  0.2680E+03  0.2680E+03  0.2680E+03  0.2680E+03  0.2680E+03
  0.2680E+03  0.2680E+03  0.2680E+03  0.2680E+03  0.2680E+03  0.2680E+03
  0.2680E+03  0.2680E+03  0.2680E+03  0.2680E+03  0.2720E+03  0.2720E+03
  0.2680E+03  0.2680E+03  0.2680E+03  0.2680E+03  0.2680E+03  0.2680E+03
  0.2680E+03  0.2720E+03  0.2720E+03  0.2680E+03  0.2680E+03  0.2680E+03
  0.2680E+03  0.2680E+03  0.2680E+03  0.2680E+03  0.2680E+03  0.2680E+03
  0.2680E+03  0.2680E+03  0.2680E+03  0.2680E+03  0.2680E+03  0.2680E+03
  0.2680E+03  0.2680E+03  0.2680E+03  0.2680E+03  0.2680E+03  0.2680E+03
  0.2680E+03  0.2680E+03  0.2680E+03  0.2680E+03  0.2680E+03  0.2680E+03
  0.2680E+03  0.2720E+03  0.2720E+03  0.2720E+03  0.2720E+03  0.2720E+03
  0.2720E+03  0.2720E+03  0.2720E+03  0.2720E+03  0.2720E+03  0.2720E+03
  0.2720E+03  0.2720E+03  0.2680E+03  0.2680E+03  0.2680E+03  0.2680E+03
  0.2680E+03  0.2680E+03  0.2680E+03  0.2680E+03  0.2680E+03  0.2680E+03
  0.2680E+03  0.2680E+03  0.2680E+03  0.2680E+03  0.2680E+03  0.2680E+03
  0.2680E+03  0.2680E+03  0.2680E+03  0.2720E+03  0.2720E+03  0.2680E+03
  0.2680E+03  0.2680E+03  0.2680E+03  0.2680E+03  0.2680E+03  0.2680E+03
  0.2720E+03  0.2720E+03  0.2680E+03  0.2680E+03  0.2680E+03  0.2680E+03
  0.2680E+03  0.2680E+03  0.2680E+03  0.2680E+03  0.2680E+03  0.2680E+03
  0.2680E+03  0.2680E+03  0.2680E+03  0.2680E+03  0.2680E+03  0.2680E+03
  0.2680E+03  0.2680E+03  0.2680E+03  0.2680E+03  0.2680E+03  0.2680E+03
  0.2680E+03  0.2680E+03  0.2680E+03  0.2680E+03  0.2720E+03  0.2720E+03
  0.2720E+03  0.2720E+03  0.2720E+03  0.2720E+03  0.2720E+03  0.2720E+03
  0.2720E+03  0.2720E+03  0.2720E+03  0.2720E+03  0.2680E+03  0.2720E+03
  0.2720E+03  0.2680E+03  0.2680E+03  0.2680E+03  0.2680E+03  0.2680E+03
  0.2680E+03  0.2680E+03  0.2680E+03  0.2680E+03  0.2680E+03  0.2680E+03
  0.2680E+03  0.2680E+03  0.2680E+03  0.2680E+03  0.2680E+03  0.2680E+03
  0.2680E+03  0.2680E+03  0.2720E+03  0.2720E+03  0.2680E+03  0.2680E+03
  0.2680E+03  0.2680E+03  0.2680E+03  0.2680E+03  0.2680E+03  0.2720E+03
  0.2720E+03  0.2680E+03  0.2680E+03  0.2680E+03  0.2680E+03  0.2680E+03
  0.2680E+03  0.2680E+03  0.2680E+03  0.2680E+03  0.2680E+03  0.2680E+03
  0.2680E+03  0.2680E+03  0.2680E+03  0.2680E+03  0.2680E+03  0.2680E+03
  0.2680E+03  0.2680E+03  0.2680E+03  0.2680E+03  0.2680E+03  0.2680E+03
  0.2680E+03  0.2680E+03  0.2680E+03  0.2720E+03  0.2680E+03  0.2720E+03
  0.2720E+03  0.2720E+03  0.2720E+03  0.2720E+03  0.2720E+03  0.2720E+03
  0.2720E+03  0.2720E+03  0.2680E+03  0.2680E+03  0.2720E+03  0.2720E+03
  0.2680E+03  0.2680E+03  0.2680E+03  0.2680E+03  0.2680E+03  0.2680E+03
  0.2680E+03  0.2680E+03  0.2680E+03  0.2680E+03  0.2680E+03  0.2680E+03
  0.2680E+03  0.2680E+03  0.2680E+03  0.2680E+03  0.2680E+03  0.2680E+03
  0.2680E+03  0.2720E+03  0.2720E+03  0.2680E+03  0.2680E+03  0.2680E+03
  0.2680E+03  0.2680E+03  0.2680E+03  0.2680E+03  0.2720E+03  0.2720E+03
  0.2680E+03  0.2680E+03  0.2680E+03  0.2680E+03  0.2680E+03  0.2680E+03
  0.2680E+03  0.2680E+03  0.2680E+03  0.2680E+03  0.2680E+03  0.2680E+03
  0.2680E+03  0.2680E+03  0.2680E+03  0.2680E+03  0.2680E+03  0.2680E+03
  0.2680E+03  0.2680E+03  0.2680E+03  0.2680E+03  0.2680E+03  0.2680E+03
  0.2680E+03  0.2680E+03  0.2680E+03  0.2680E+03  0.2720E+03  0.2720E+03
  0.2720E+03  0.2720E+03  0.2720E+03  0.2720E+03  0.2720E+03  0.2720E+03
  0.2720E+03  0.2720E+03  0.2680E+03  0.2720E+03  0.2720E+03  0.2680E+03
  0.2680E+03  0.2680E+03  0.2680E+03  0.2680E+03  0.2680E+03  0.2680E+03
  0.2680E+03  0.2680E+03  0.2680E+03  0.2680E+03  0.2680E+03  0.2680E+03
  0.2680E+03  0.2680E+03  0.2680E+03  0.2680E+03  0.2680E+03  0.2680E+03
  0.2720E+03  0.2720E+03  0.2680E+03  0.2680E+03  0.2680E+03  0.2680E+03
  0.2680E+03  0.2680E+03  0.2680E+03  0.2720E+03  0.2720E+03  0.2680E+03
  0.2680E+03  0.2680E+03  0.2680E+03  0.2680E+03  0.2680E+03  0.2680E+03
  0.2680E+03  0.2680E+03  0.2680E+03  0.2680E+03  0.2680E+03  0.2680E+03
  0.2680E+03  0.2680E+03  0.2680E+03  0.2680E+03  0.2680E+03  0.2680E+03
  0.2680E+03  0.2680E+03  0.2680E+03  0.2680E+03  0.2680E+03  0.2680E+03
  0.2680E+03  0.2680E+03  0.2680E+03  0.2720E+03  0.2720E+03  0.2720E+03
  0.2720E+03  0.2720E+03  0.2720E+03  0.2720E+03  0.2720E+03  0.2720E+03
  0.2720E+03  0.2720E+03  0.2720E+03  0.2720E+03  0.2680E+03  0.2680E+03
  0.2680E+03  0.2680E+03  0.2680E+03  0.2680E+03  0.2680E+03  0.2680E+03
  0.2680E+03  0.2680E+03  0.2680E+03  0.2680E+03  0.2680E+03  0.2680E+03
  0.2680E+03  0.2680E+03  0.2680E+03  0.2680E+03  0.2680E+03  0.2720E+03
  0.2720E+03  0.2680E+03  0.2680E+03  0.2680E+03  0.2680E+03  0.2680E+03
  0.2680E+03  0.2680E+03  0.2720E+03  0.2720E+03  0.2680E+03  0.2680E+03
  0.2680E+03  0.2680E+03  0.2680E+03  0.2680E+03  0.2680E+03  0.2680E+03
  0.2680E+03  0.2680E+03  0.2680E+03  0.2680E+03  0.2680E+03  0.2680E+03
  0.2680E+03  0.2680E+03  0.2680E+03  0.2680E+03  0.2680E+03  0.2680E+03
  0.2680E+03  0.2680E+03  0.2680E+03  0.2680E+03  0.2680E+03  0.2680E+03
  0.2720E+03  0.2720E+03  0.2720E+03  0.2720E+03  0.2720E+03  0.2720E+03
  0.2720E+03  0.2720E+03  0.2720E+03  0.2720E+03  0.2720E+03  0.2720E+03
  0.2680E+03  0.2720E+03  0.2720E+03  0.2680E+03  0.2680E+03  0.2680E+03
  0.2680E+03  0.2680E+03  0.2680E+03  0.2680E+03  0.2680E+03  0.2680E+03
  0.2680E+03  0.2680E+03  0.2680E+03  0.2680E+03  0.2680E+03  0.2680E+03
  0.2680E+03  0.2680E+03  0.2680E+03  0.2680E+03  0.2720E+03  0.2720E+03
  0.2680E+03  0.2680E+03  0.2680E+03  0.2680E+03  0.2680E+03  0.2680E+03
  0.2680E+03  0.2720E+03  0.2720E+03  0.2680E+03  0.2680E+03  0.2680E+03
  0.2680E+03  0.2680E+03  0.2680E+03  0.2680E+03  0.2680E+03  0.2680E+03
  0.2680E+03  0.2680E+03  0.2680E+03  0.2680E+03  0.2680E+03  0.2680E+03
  0.2680E+03  0.2680E+03  0.2680E+03  0.2680E+03  0.2680E+03  0.2680E+03
  0.2680E+03  0.2680E+03  0.2680E+03  0.2680E+03  0.2680E+03  0.2720E+03
  0.2680E+03  0.2720E+03  0.2720E+03  0.2720E+03  0.2720E+03  0.2720E+03
  0.2720E+03  0.2720E+03  0.2720E+03  0.2720E+03  0.2680E+03  0.2680E+03
  0.2720E+03  0.2720E+03  0.2680E+03  0.2680E+03  0.2680E+03  0.2680E+03
  0.2680E+03  0.2680E+03  0.2680E+03  0.2680E+03  0.2680E+03  0.2680E+03
  0.2680E+03  0.2680E+03  0.2680E+03  0.2680E+03  0.2680E+03  0.2680E+03
  0.2680E+03  0.2680E+03  0.2680E+03  0.2720E+03  0.2720E+03  0.2680E+03
  0.2680E+03  0.2680E+03  0.2680E+03  0.2680E+03  0.2680E+03  0.2680E+03
  0.2720E+03  0.2720E+03  0.2680E+03  0.2680E+03  0.2680E+03  0.2680E+03
  0.2680E+03  0.2680E+03  0.2680E+03  0.2680E+03  0.2680E+03  0.2680E+03
  0.2680E+03  0.2680E+03  0.2680E+03  0.2680E+03  0.2680E+03  0.2680E+03
  0.2680E+03  0.2680E+03  0.2680E+03  0.2680E+03  0.2680E+03  0.2680E+03
  0.2680E+03  0.2680E+03  0.2680E+03  0.2680E+03  0.2680E+03  0.2680E+03
  0.2720E+03  0.2720E+03  0.2720E+03  0.2720E+03  0.2720E+03  0.2720E+03
  0.2720E+03  0.2720E+03  0.2720E+03  0.2720E+03  0.2680E+03  0.2720E+03
  0.2720E+03  0.2680E+03  0.2680E+03  0.2680E+03  0.2680E+03  0.2680E+03
  0.2680E+03  0.2680E+03  0.2680E+03  0.2680E+03  0.2680E+03  0.2680E+03
  0.2680E+03  0.2680E+03  0.2680E+03  0.2680E+03  0.2680E+03  0.2680E+03
  0.2680E+03  0.2680E+03  0.2720E+03  0.2720E+03  0.2680E+03  0.2680E+03
  0.2680E+03  0.2680E+03  0.2680E+03  0.2680E+03  0.2680E+03  0.2720E+03
  0.2720E+03  0.2680E+03  0.2680E+03  0.2680E+03  0.2680E+03  0.2680E+03
  0.2680E+03  0.2680E+03  0.2680E+03  0.2680E+03  0.2680E+03  0.2680E+03
  0.2680E+03  0.2680E+03  0.2680E+03  0.2680E+03  0.2680E+03  0.2680E+03
  0.2680E+03  0.2680E+03  0.2680E+03  0.2680E+03  0.2680E+03  0.2680E+03
  0.2680E+03  0.2680E+03  0.2680E+03  0.2680E+03  0.2680E+03  0.2720E+03
  0.2720E+03  0.2720E+03  0.2720E+03  0.2720E+03  0.2720E+03  0.2720E+03
  0.2720E+03  0.2720E+03  0.2720E+03  0.2720E+03  0.2720E+03  0.2720E+03
  0.2680E+03  0.2680E+03  0.2680E+03  0.2680E+03  0.2680E+03  0.2680E+03
  0.2680E+03  0.2680E+03  0.2680E+03  0.2680E+03  0.2680E+03  0.2680E+03
  0.2680E+03  0.2680E+03  0.2680E+03  0.2680E+03  0.2680E+03  0.2680E+03
  0.2680E+03  0.2720E+03  0.2720E+03  0.2680E+03  0.2680E+03  0.2680E+03
  0.2680E+03  0.2680E+03  0.2680E+03  0.2680E+03  0.2720E+03  0.2720E+03
  0.2680E+03  0.2680E+03  0.2680E+03  0.2680E+03  0.2680E+03  0.2680E+03
  0.2680E+03  0.2680E+03  0.2680E+03  0.2680E+03  0.2680E+03  0.2680E+03
  0.2680E+03  0.2680E+03  0.2680E+03  0.2680E+03  0.2680E+03  0.2680E+03
  0.2680E+03  0.2680E+03  0.2680E+03  0.2680E+03  0.2680E+03  0.2680E+03
  0.2680E+03  0.2680E+03  0.2720E+03  0.2720E+03  0.2720E+03  0.2720E+03
  0.2720E+03  0.2720E+03  0.2720E+03  0.2720E+03  0.2720E+03  0.2720E+03
  0.2720E+03  0.2720E+03  0.2680E+03  0.2720E+03  0.2720E+03  0.2680E+03
  0.2680E+03  0.2680E+03  0.2680E+03  0.2680E+03  0.2680E+03  0.2680E+03
  0.2680E+03  0.2680E+03  0.2680E+03  0.2680E+03  0.2680E+03  0.2680E+03
  0.2680E+03  0.2680E+03  0.2680E+03  0.2680E+03  0.2680E+03  0.2680E+03
  0.2720E+03  0.2720E+03  0.2680E+03  0.2680E+03  0.2680E+03  0.2680E+03
  0.2680E+03  0.2680E+03  0.2680E+03  0.2720E+03  0.2720E+03  0.2680E+03
  0.2680E+03  0.2680E+03  0.2680E+03  0.2680E+03  0.2680E+03  0.2680E+03
  0.2680E+03  0.2680E+03  0.2680E+03  0.2680E+03  0.2680E+03  0.2680E+03
  0.2680E+03  0.2680E+03  0.2680E+03  0.2680E+03  0.2680E+03  0.2680E+03
  0.2680E+03  0.2680E+03  0.2680E+03  0.2680E+03  0.2680E+03  0.2680E+03
  0.2680E+03  0.2720E+03  0.2680E+03  0.2720E+03  0.2720E+03  0.2720E+03
  0.2720E+03  0.2720E+03  0.2720E+03  0.2720E+03  0.2720E+03  0.2720E+03
  0.2680E+03  0.2680E+03  0.2720E+03  0.2720E+03  0.2680E+03  0.2680E+03
  0.2680E+03  0.2680E+03  0.2680E+03  0.2680E+03  0.2680E+03  0.2680E+03
  0.2680E+03  0.2680E+03  0.2680E+03  0.2680E+03  0.2680E+03  0.2680E+03
  0.2680E+03  0.2680E+03  0.2680E+03  0.2680E+03  0.2680E+03  0.2720E+03
  0.2720E+03  0.2680E+03  0.2680E+03  0.2680E+03  0.2680E+03  0.2680E+03
  0.2680E+03  0.2680E+03  0.2720E+03  0.2720E+03  0.2680E+03  0.2680E+03
  0.2680E+03  0.2680E+03  0.2680E+03  0.2680E+03  0.2680E+03  0.2680E+03
  0.2680E+03  0.2680E+03  0.2680E+03  0.2680E+03  0.2680E+03  0.2680E+03
  0.2680E+03  0.2680E+03  0.2680E+03  0.2680E+03  0.2680E+03  0.2680E+03
  0.2680E+03  0.2680E+03  0.2680E+03  0.2680E+03  0.2680E+03  0.2680E+03
  0.2680E+03  0.2680E+03  0.2720E+03  0.2720E+03  0.2720E+03  0.2720E+03
  0.2720E+03  0.2720E+03  0.2720E+03  0.2720E+03  0.2720E+03  0.2720E+03
  0.2680E+03  0.2720E+03  0.2720E+03  0.2680E+03  0.2680E+03  0.2680E+03
  0.2680E+03  0.2680E+03  0.2680E+03  0.2680E+03  0.2680E+03  0.2680E+03
  0.2680E+03  0.2680E+03  0.2680E+03  0.2680E+03  0.2680E+03  0.2680E+03
  0.2680E+03  0.2680E+03  0.2680E+03  0.2680E+03  0.2720E+03  0.2720E+03
  0.2680E+03  0.2680E+03  0.2680E+03  0.2680E+03  0.2680E+03  0.2680E+03
  0.2680E+03  0.2720E+03  0.2720E+03  0.2680E+03  0.2680E+03  0.2680E+03
  0.2680E+03  0.2680E+03  0.2680E+03  0.2680E+03  0.2680E+03  0.2680E+03
  0.2680E+03  0.2680E+03  0.2680E+03  0.2680E+03  0.2680E+03  0.2680E+03
  0.2680E+03  0.2680E+03  0.2680E+03  0.2680E+03  0.2680E+03  0.2680E+03
  0.2680E+03  0.2680E+03  0.2680E+03  0.2680E+03  0.2680E+03  0.2680E+03
  0.2680E+03  0.2720E+03  0.2720E+03  0.2720E+03  0.2720E+03  0.2720E+03
  0.2720E+03  0.2720E+03  0.2720E+03  0.2720E+03  0.2720E+03  0.2720E+03
  0.2720E+03  0.2720E+03  0.2680E+03  0.2680E+03  0.2680E+03  0.2680E+03
  0.2680E+03  0.2680E+03  0.2680E+03  0.2680E+03  0.2680E+03  0.2680E+03
  0.2680E+03  0.2680E+03  0.2680E+03  0.2680E+03  0.2680E+03  0.2680E+03
  0.2680E+03  0.2680E+03  0.2680E+03  0.2720E+03  0.2720E+03  0.2680E+03
  0.2680E+03  0.2680E+03  0.2680E+03  0.2680E+03  0.2680E+03  0.2680E+03
  0.2720E+03  0.2720E+03  0.2680E+03  0.2680E+03  0.2680E+03  0.2680E+03
  0.2680E+03  0.2680E+03  0.2680E+03  0.2680E+03  0.2680E+03  0.2680E+03
  0.2680E+03  0.2680E+03  0.2680E+03  0.2680E+03  0.2680E+03  0.2680E+03
  0.2680E+03  0.2680E+03  0.2680E+03  0.2680E+03  0.2680E+03  0.2680E+03
  0.2680E+03  0.2680E+03  0.2680E+03  0.2680E+03  0.2720E+03  0.2720E+03
  0.2720E+03  0.2720E+03  0.2720E+03  0.2720E+03  0.2720E+03  0.2720E+03
  0.2720E+03  0.2720E+03  0.2720E+03  0.2720E+03  0.2680E+03  0.2720E+03
  0.2720E+03  0.2680E+03  0.2680E+03  0.2680E+03  0.2680E+03  0.2680E+03
  0.2680E+03  0.2680E+03  0.2680E+03  0.2680E+03  0.2680E+03  0.2680E+03
  0.2680E+03  0.2680E+03  0.2680E+03  0.2680E+03  0.2680E+03  0.2680E+03
  0.2680E+03  0.2680E+03  0.2720E+03  0.2720E+03  0.2680E+03  0.2680E+03
  0.2680E+03  0.2680E+03  0.2680E+03  0.2680E+03  0.2680E+03  0.2720E+03
  0.2720E+03  0.2680E+03  0.2680E+03  0.2680E+03  0.2680E+03  0.2680E+03
  0.2680E+03  0.2680E+03  0.2680E+03  0.2680E+03  0.2680E+03  0.2680E+03
  0.2680E+03  0.2680E+03  0.2680E+03  0.2680E+03  0.2680E+03  0.2680E+03
  0.2680E+03  0.2680E+03  0.2680E+03  0.2680E+03  0.2680E+03  0.2680E+03
  0.2680E+03  0.2680E+03  0.2680E+03  0.2720E+03  0.2680E+03  0.2720E+03
  0.2720E+03  0.2720E+03  0.2720E+03  0.2720E+03  0.2720E+03  0.2720E+03
  0.2720E+03  0.2720E+03  0.2680E+03  0.2680E+03  0.2720E+03  0.2720E+03
  0.2680E+03  0.2680E+03  0.2680E+03  0.2680E+03  0.2680E+03  0.2680E+03
  0.2680E+03  0.2680E+03  0.2680E+03  0.2680E+03  0.2680E+03  0.2680E+03
  0.2680E+03  0.2680E+03  0.2680E+03  0.2680E+03  0.2680E+03  0.2680E+03
  0.2680E+03  0.2720E+03  0.2720E+03  0.2680E+03  0.2680E+03  0.2680E+03
  0.2680E+03  0.2680E+03  0.2680E+03  0.2680E+03  0.2720E+03  0.2720E+03
  0.2680E+03  0.2680E+03  0.2680E+03  0.2680E+03  0.2680E+03  0.2680E+03
  0.2680E+03  0.2680E+03  0.2680E+03  0.2680E+03  0.2680E+03  0.2680E+03
  0.2680E+03  0.2680E+03  0.2680E+03  0.2680E+03  0.2680E+03  0.2680E+03
  0.2680E+03  0.2680E+03  0.2680E+03  0.2680E+03  0.2680E+03  0.2680E+03
  0.2680E+03  0.2680E+03  0.2680E+03  0.2680E+03  0.2720E+03  0.2720E+03
  0.2720E+03  0.2720E+03  0.2720E+03  0.2720E+03  0.2720E+03  0.2720E+03
  0.2720E+03  0.2720E+03  0.2680E+03  0.2720E+03  0.2720E+03  0.2680E+03
  0.2680E+03  0.2680E+03  0.2680E+03  0.2680E+03  0.2680E+03  0.2680E+03
  0.2680E+03  0.2680E+03  0.2680E+03  0.2680E+03  0.2680E+03  0.2680E+03
  0.2680E+03  0.2680E+03  0.2680E+03  0.2680E+03  0.2680E+03  0.2680E+03
  0.2720E+03  0.2720E+03  0.2680E+03  0.2680E+03  0.2680E+03  0.2680E+03
  0.2680E+03  0.2680E+03  0.2680E+03  0.2720E+03  0.2720E+03  0.2680E+03
  0.2680E+03  0.2680E+03  0.2680E+03  0.2680E+03  0.2680E+03  0.2680E+03
  0.2680E+03  0.2680E+03  0.2680E+03  0.2680E+03  0.2680E+03  0.2680E+03
  0.2680E+03  0.2680E+03  0.2680E+03  0.2680E+03  0.2680E+03  0.2680E+03
  0.2680E+03  0.2680E+03  0.2680E+03  0.2680E+03  0.2680E+03  0.2680E+03
  0.2680E+03  0.2680E+03  0.2680E+03  0.2720E+03  0.2720E+03  0.2720E+03
  0.2720E+03  0.2720E+03  0.2720E+03  0.2720E+03  0.2720E+03  0.2720E+03
  0.2720E+03  0.2720E+03  0.2720E+03  0.2720E+03  0.2680E+03  0.2680E+03
  0.2680E+03  0.2680E+03  0.2680E+03  0.2680E+03  0.2680E+03  0.2680E+03
  0.2680E+03  0.2680E+03  0.2680E+03  0.2680E+03  0.2680E+03  0.2680E+03
  0.2680E+03  0.2680E+03  0.2680E+03  0.2680E+03  0.2680E+03  0.2720E+03
  0.2720E+03  0.2680E+03  0.2680E+03  0.2680E+03  0.2680E+03  0.2680E+03
  0.2680E+03  0.2680E+03  0.2720E+03  0.2720E+03  0.2680E+03  0.2680E+03
  0.2680E+03  0.2680E+03  0.2680E+03  0.2680E+03  0.2680E+03  0.2680E+03
  0.2680E+03  0.2680E+03  0.2680E+03  0.2680E+03  0.2680E+03  0.2680E+03
  0.2680E+03  0.2680E+03  0.2680E+03  0.2680E+03  0.2680E+03  0.2680E+03
  0.2680E+03  0.2680E+03  0.2680E+03  0.2680E+03  0.2680E+03  0.2680E+03
  0.2720E+03  0.2720E+03  0.2720E+03  0.2720E+03  0.2720E+03  0.2720E+03
  0.2720E+03  0.2720E+03  0.2720E+03  0.2720E+03  0.2720E+03  0.2720E+03
  0.2680E+03  0.2720E+03  0.2720E+03  0.2680E+03  0.2680E+03  0.2680E+03
  0.2680E+03  0.2680E+03  0.2680E+03  0.2680E+03  0.2680E+03  0.2680E+03
  0.2680E+03  0.2680E+03  0.2680E+03  0.2680E+03  0.2680E+03  0.2680E+03
  0.2680E+03  0.2680E+03  0.2680E+03  0.2680E+03  0.2720E+03  0.2720E+03
  0.2680E+03  0.2680E+03  0.2680E+03  0.2680E+03  0.2680E+03  0.2680E+03
  0.2680E+03  0.2720E+03  0.2720E+03  0.2680E+03  0.2680E+03  0.2680E+03
  0.2680E+03  0.2680E+03  0.2680E+03  0.2680E+03  0.2680E+03  0.2680E+03
  0.2680E+03  0.2680E+03  0.2680E+03  0.2680E+03  0.2680E+03  0.2680E+03
  0.2680E+03  0.2680E+03  0.2680E+03  0.2680E+03  0.2680E+03  0.2680E+03
  0.2680E+03  0.2680E+03  0.2680E+03  0.2680E+03  0.2680E+03  0.2720E+03
  0.2680E+03  0.2720E+03  0.2720E+03  0.2720E+03  0.2720E+03  0.2720E+03
  0.2720E+03  0.2720E+03  0.2720E+03  0.2720E+03  0.2680E+03  0.2680E+03
  0.2720E+03  0.2720E+03  0.2680E+03  0.2720E+03  0.2680E+03  0.2680E+03
  0.2680E+03  0.2680E+03  0.2680E+03  0.2680E+03  0.2680E+03  0.2680E+03
  0.2680E+03  0.2680E+03  0.2680E+03  0.2680E+03  0.2680E+03  0.2680E+03
  0.2680E+03  0.2680E+03  0.2680E+03  0.2720E+03  0.2720E+03  0.2680E+03
  0.2680E+03  0.2680E+03  0.2680E+03  0.2680E+03  0.2680E+03  0.2680E+03
  0.2720E+03  0.2720E+03  0.2680E+03  0.2680E+03  0.2680E+03  0.2680E+03
  0.2680E+03  0.2680E+03  0.2680E+03  0.2680E+03  0.2680E+03  0.2680E+03
  0.2680E+03  0.2680E+03  0.2680E+03  0.2680E+03  0.2680E+03  0.2680E+03
  0.2680E+03  0.2680E+03  0.2680E+03  0.2680E+03  0.2680E+03  0.2680E+03
  0.2680E+03  0.2680E+03  0.2680E+03  0.2680E+03  0.2680E+03  0.2680E+03
  0.2720E+03  0.2720E+03  0.2720E+03  0.2720E+03  0.2720E+03  0.2720E+03
  0.2720E+03  0.2720E+03  0.2720E+03  0.2720E+03  0.2720E+03  0.2720E+03
  0.2720E+03  0.2680E+03  0.2680E+03  0.2680E+03  0.2680E+03  0.2680E+03
  0.2680E+03  0.2680E+03  0.2680E+03  0.2680E+03  0.2680E+03  0.2680E+03
  0.2680E+03  0.2680E+03  0.2680E+03  0.2680E+03  0.2680E+03  0.2680E+03
  0.2680E+03  0.2680E+03  0.2720E+03  0.2720E+03  0.2680E+03  0.2680E+03
  0.2680E+03  0.2680E+03  0.2680E+03  0.2680E+03  0.2680E+03  0.2720E+03
  0.2720E+03  0.2680E+03  0.2680E+03  0.2680E+03  0.2680E+03  0.2680E+03
  0.2680E+03  0.2680E+03  0.2680E+03  0.2680E+03  0.2680E+03  0.2680E+03
  0.2680E+03  0.2680E+03  0.2680E+03  0.2680E+03  0.2680E+03  0.2680E+03
  0.2680E+03  0.2680E+03  0.2680E+03  0.2680E+03  0.2680E+03  0.2680E+03
  0.2680E+03  0.2680E+03  0.2680E+03  0.2680E+03  0.2680E+03  0.2720E+03
  0.2720E+03  0.2720E+03  0.2720E+03  0.2720E+03  0.2720E+03  0.2720E+03
  0.2720E+03  0.2720E+03  0.2720E+03  0.2720E+03  0.2720E+03  0.2720E+03
  0.2680E+03  0.2680E+03  0.2680E+03  0.2680E+03  0.2680E+03  0.2680E+03
  0.2680E+03  0.2680E+03  0.2680E+03  0.2680E+03  0.2680E+03  0.2680E+03
  0.2680E+03  0.2680E+03  0.2680E+03  0.2680E+03  0.2680E+03  0.2680E+03
  0.2680E+03  0.2720E+03  0.2720E+03  0.2680E+03  0.2680E+03  0.2680E+03
  0.2680E+03  0.2680E+03  0.2680E+03  0.2680E+03  0.2720E+03  0.2720E+03
  0.2680E+03  0.2680E+03  0.2680E+03  0.2680E+03  0.2680E+03  0.2680E+03
  0.2680E+03  0.2680E+03  0.2680E+03  0.2680E+03  0.2680E+03  0.2680E+03
  0.2680E+03  0.2680E+03  0.2680E+03  0.2680E+03  0.2680E+03  0.2680E+03
  0.2680E+03  0.2680E+03  0.2680E+03  0.2680E+03  0.2680E+03  0.2680E+03
  0.2680E+03  0.2680E+03  0.2720E+03  0.2720E+03  0.2720E+03  0.2720E+03
  0.2720E+03  0.2720E+03  0.2720E+03  0.2720E+03  0.2720E+03  0.2720E+03
  0.2720E+03  0.2720E+03  0.2720E+03  0.2720E+03  0.2720E+03  0.2680E+03
  0.2680E+03  0.2680E+03  0.2680E+03  0.2680E+03  0.2680E+03  0.2680E+03
  0.2680E+03  0.2680E+03  0.2680E+03  0.2680E+03  0.2680E+03  0.2680E+03
  0.2680E+03  0.2680E+03  0.2680E+03  0.2680E+03  0.2680E+03  0.2680E+03
  0.2720E+03  0.2720E+03  0.2680E+03  0.2680E+03  0.2680E+03  0.2680E+03
  0.2680E+03  0.2680E+03  0.2680E+03  0.2720E+03  0.2720E+03  0.2680E+03
  0.2680E+03  0.2680E+03  0.2680E+03  0.2680E+03  0.2680E+03  0.2680E+03
  0.2680E+03  0.2680E+03  0.2680E+03  0.2680E+03  0.2680E+03  0.2680E+03
  0.2680E+03  0.2680E+03  0.2680E+03  0.2680E+03  0.2680E+03  0.2680E+03
  0.2680E+03  0.2680E+03  0.2680E+03  0.2680E+03  0.2680E+03  0.2680E+03
  0.2680E+03  0.2720E+03  0.2680E+03  0.2720E+03  0.2720E+03  0.2720E+03
  0.2720E+03  0.2720E+03  0.2720E+03  0.2720E+03  0.2720E+03  0.2720E+03
  0.2720E+03  0.2680E+03  0.2680E+03  0.2720E+03  0.2680E+03  0.2680E+03
  0.2680E+03  0.2680E+03  0.2680E+03  0.2680E+03  0.2680E+03  0.2680E+03
  0.2680E+03  0.2680E+03  0.2680E+03  0.2680E+03  0.2680E+03  0.2680E+03
  0.2680E+03  0.2680E+03  0.2680E+03  0.2680E+03  0.2680E+03  0.2720E+03
  0.2720E+03  0.2680E+03  0.2680E+03  0.2680E+03  0.2680E+03  0.2680E+03
  0.2680E+03  0.2680E+03  0.2720E+03  0.2720E+03  0.2680E+03  0.2680E+03
  0.2680E+03  0.2680E+03  0.2680E+03  0.2680E+03  0.2680E+03  0.2680E+03
  0.2680E+03  0.2680E+03  0.2680E+03  0.2680E+03  0.2680E+03  0.2680E+03
  0.2680E+03  0.2680E+03  0.2680E+03  0.2680E+03  0.2680E+03  0.2680E+03
  0.2680E+03  0.2680E+03  0.2680E+03  0.2680E+03  0.2680E+03  0.2680E+03
  0.2680E+03  0.2680E+03  0.2720E+03  0.2720E+03  0.2720E+03  0.2720E+03
  0.2720E+03  0.2720E+03  0.2720E+03  0.2720E+03  0.2720E+03  0.2720E+03
  0.2720E+03  0.2720E+03  0.2720E+03  0.2680E+03  0.2680E+03  0.2680E+03
  0.2680E+03  0.2680E+03  0.2680E+03  0.2680E+03  0.2680E+03  0.2680E+03
  0.2680E+03  0.2680E+03  0.2680E+03  0.2680E+03  0.2680E+03  0.2680E+03
  0.2680E+03  0.2680E+03  0.2680E+03  0.2680E+03  0.2720E+03  0.2720E+03
  0.2680E+03  0.2680E+03  0.2680E+03  0.2680E+03  0.2680E+03  0.2680E+03
  0.2680E+03  0.2720E+03  0.2720E+03  0.2680E+03  0.2680E+03  0.2680E+03
  0.2680E+03  0.2680E+03  0.2680E+03  0.2680E+03  0.2680E+03  0.2680E+03
  0.2680E+03  0.2680E+03  0.2680E+03  0.2680E+03  0.2680E+03  0.2680E+03
  0.2680E+03  0.2680E+03  0.2680E+03  0.2680E+03  0.2680E+03  0.2680E+03
  0.2680E+03  0.2680E+03  0.2680E+03  0.2680E+03  0.2680E+03  0.2680E+03
  0.2680E+03  0.2720E+03  0.2720E+03  0.2720E+03  0.2720E+03  0.2720E+03
  0.2720E+03  0.2720E+03  0.2680E+03  0.2720E+03  0.2720E+03  0.2680E+03
  0.2720E+03  0.2720E+03  0.2680E+03  0.2680E+03  0.2680E+03  0.2680E+03
  0.2680E+03  0.2680E+03  0.2680E+03  0.2680E+03  0.2680E+03  0.2680E+03
  0.2680E+03  0.2680E+03  0.2680E+03  0.2680E+03  0.2680E+03  0.2680E+03
  0.2680E+03  0.2680E+03  0.2680E+03  0.2720E+03  0.2720E+03  0.2680E+03
  0.2680E+03  0.2680E+03  0.2680E+03  0.2680E+03  0.2680E+03  0.2680E+03
  0.2720E+03  0.2720E+03  0.2680E+03  0.2680E+03  0.2680E+03  0.2680E+03
  0.2680E+03  0.2680E+03  0.2680E+03  0.2680E+03  0.2680E+03  0.2680E+03
  0.2680E+03  0.2680E+03  0.2680E+03  0.2680E+03  0.2680E+03  0.2680E+03
  0.2680E+03  0.2680E+03  0.2680E+03  0.2680E+03  0.2680E+03  0.2680E+03
  0.2680E+03  0.2680E+03  0.2680E+03  0.2680E+03  0.2720E+03  0.2720E+03
  0.2720E+03  0.2680E+03  0.2720E+03  0.2720E+03  0.2720E+03  0.2720E+03
  0.2720E+03  0.2720E+03  0.2720E+03  0.2720E+03  0.2720E+03  0.2720E+03
  0.2720E+03  0.2720E+03  0.2720E+03  0.2720E+03  0.2680E+03  0.2680E+03
  0.2680E+03  0.2680E+03  0.2680E+03  0.2680E+03  0.2680E+03  0.2680E+03
  0.2680E+03  0.2680E+03  0.2680E+03  0.2680E+03  0.2680E+03  0.2680E+03
  0.2680E+03  0.2680E+03  0.2720E+03  0.2720E+03  0.2680E+03  0.2680E+03
  0.2680E+03  0.2680E+03  0.2680E+03  0.2680E+03  0.2680E+03  0.2720E+03
  0.2720E+03  0.2680E+03  0.2680E+03  0.2680E+03  0.2680E+03  0.2680E+03
  0.2680E+03  0.2680E+03  0.2680E+03  0.2680E+03  0.2680E+03  0.2680E+03
  0.2680E+03  0.2680E+03  0.2680E+03  0.2680E+03  0.2680E+03  0.2680E+03
  0.2680E+03  0.2680E+03  0.2680E+03  0.2680E+03  0.2680E+03  0.2680E+03
  0.2680E+03  0.2680E+03  0.2680E+03  0.2680E+03  0.2720E+03  0.2720E+03
  0.2680E+03  0.2720E+03  0.2720E+03  0.2720E+03  0.2720E+03  0.2720E+03
  0.2720E+03  0.2720E+03  0.2720E+03  0.2680E+03  0.2720E+03  0.2720E+03
  0.2680E+03  0.2680E+03  0.2680E+03  0.2680E+03  0.2680E+03  0.2680E+03
  0.2680E+03  0.2680E+03  0.2680E+03  0.2680E+03  0.2680E+03  0.2680E+03
  0.2680E+03  0.2680E+03  0.2680E+03  0.2680E+03  0.2680E+03  0.2680E+03
  0.2680E+03  0.2720E+03  0.2720E+03  0.2680E+03  0.2680E+03  0.2680E+03
  0.2680E+03  0.2680E+03  0.2680E+03  0.2680E+03  0.2720E+03  0.2720E+03
  0.2680E+03  0.2680E+03  0.2680E+03  0.2680E+03  0.2680E+03  0.2680E+03
  0.2680E+03  0.2680E+03  0.2680E+03  0.2680E+03  0.2680E+03  0.2680E+03
  0.2680E+03  0.2680E+03  0.2680E+03  0.2680E+03  0.2680E+03  0.2680E+03
  0.2680E+03  0.2680E+03  0.2680E+03  0.2680E+03  0.2680E+03  0.2680E+03
  0.2680E+03  0.2680E+03  0.2680E+03  0.2680E+03  0.2680E+03  0.2680E+03
  0.2680E+03  0.2720E+03  0.2720E+03  0.2720E+03  0.2680E+03  0.2680E+03
  0.2680E+03  0.2720E+03  0.2680E+03  0.2680E+03  0.2680E+03  0.2680E+03
  0.2680E+03  0.2680E+03  0.2680E+03  0.2680E+03  0.2680E+03  0.2680E+03
  0.2680E+03  0.2680E+03  0.2680E+03  0.2680E+03  0.2680E+03  0.2680E+03
  0.2680E+03  0.2680E+03  0.2680E+03  0.2680E+03  0.2680E+03  0.2680E+03
  0.2720E+03  0.2720E+03  0.2680E+03  0.2680E+03  0.2680E+03  0.2680E+03
  0.2680E+03  0.2680E+03  0.2680E+03  0.2720E+03  0.2720E+03  0.2680E+03
  0.2680E+03  0.2680E+03  0.2680E+03  0.2680E+03  0.2680E+03  0.2680E+03
  0.2680E+03  0.2680E+03  0.2680E+03  0.2680E+03  0.2680E+03  0.2680E+03
  0.2680E+03  0.2680E+03  0.2680E+03  0.2680E+03  0.2680E+03  0.2680E+03
  0.2680E+03  0.2680E+03  0.2680E+03  0.2680E+03  0.2680E+03  0.2680E+03
  0.2680E+03  0.2680E+03  0.2680E+03  0.2680E+03  0.2680E+03  0.2720E+03
  0.2720E+03  0.2720E+03  0.2720E+03  0.2680E+03  0.2680E+03  0.2680E+03
  0.2680E+03  0.2680E+03  0.2680E+03  0.2680E+03  0.2680E+03  0.2680E+03
  0.2680E+03  0.2680E+03  0.2680E+03  0.2680E+03  0.2680E+03  0.2680E+03
  0.2680E+03  0.2680E+03  0.2680E+03  0.2680E+03  0.2680E+03  0.2680E+03
  0.2680E+03  0.2680E+03  0.2680E+03  0.2680E+03  0.2680E+03  0.2720E+03
  0.2720E+03  0.2680E+03  0.2680E+03  0.2680E+03  0.2680E+03  0.2680E+03
  0.2680E+03  0.2680E+03  0.2720E+03  0.2720E+03  0.2680E+03  0.2680E+03
  0.2680E+03  0.2680E+03  0.2680E+03  0.2680E+03  0.2680E+03  0.2680E+03
  0.2680E+03  0.2680E+03  0.2680E+03  0.2680E+03  0.2680E+03  0.2680E+03
  0.2680E+03  0.2680E+03  0.2680E+03  0.2680E+03  0.2680E+03  0.2680E+03
  0.2680E+03  0.2680E+03  0.2680E+03  0.2680E+03  0.2680E+03  0.2680E+03
  0.2680E+03  0.2720E+03  0.2720E+03  0.2680E+03  0.2720E+03  0.2720E+03
  0.2720E+03  0.2720E+03  0.2680E+03  0.2680E+03  0.2680E+03  0.2720E+03
  0.2680E+03  0.2680E+03  0.2720E+03  0.2680E+03  0.2680E+03  0.2680E+03
  0.2680E+03  0.2680E+03  0.2680E+03  0.2680E+03  0.2680E+03  0.2680E+03
  0.2680E+03  0.2680E+03  0.2680E+03  0.2680E+03  0.2680E+03  0.2680E+03
  0.2680E+03  0.2680E+03  0.2680E+03  0.2680E+03  0.2720E+03  0.2720E+03
  0.2680E+03  0.2680E+03  0.2680E+03  0.2680E+03  0.2680E+03  0.2680E+03
  0.2680E+03  0.2720E+03  0.2720E+03  0.2680E+03  0.2680E+03  0.2680E+03
  0.2680E+03  0.2680E+03  0.2680E+03  0.2680E+03  0.2680E+03  0.2680E+03
  0.2680E+03  0.2680E+03  0.2680E+03  0.2680E+03  0.2680E+03  0.2680E+03
  0.2680E+03  0.2680E+03  0.2680E+03  0.2680E+03  0.2680E+03  0.2680E+03
  0.2680E+03  0.2680E+03  0.2680E+03  0.2680E+03  0.2680E+03  0.2680E+03
  0.2680E+03  0.2680E+03  0.2720E+03  0.2720E+03  0.2720E+03  0.2720E+03
  0.2680E+03  0.2680E+03  0.2720E+03  0.2720E+03  0.2680E+03  0.2720E+03
  0.2720E+03  0.2720E+03  0.2720E+03  0.2720E+03  0.2720E+03  0.2680E+03
  0.2680E+03  0.2680E+03  0.2680E+03  0.2680E+03  0.2680E+03  0.2680E+03
  0.2680E+03  0.2680E+03  0.2680E+03  0.2680E+03  0.2680E+03  0.2680E+03
  0.2680E+03  0.2680E+03  0.2680E+03  0.2720E+03  0.2720E+03  0.2680E+03
  0.2680E+03  0.2680E+03  0.2680E+03  0.2680E+03  0.2680E+03  0.2680E+03
  0.2720E+03  0.2720E+03  0.2680E+03  0.2680E+03  0.2680E+03  0.2680E+03
  0.2680E+03  0.2680E+03  0.2680E+03  0.2680E+03  0.2680E+03  0.2680E+03
  0.2680E+03  0.2680E+03  0.2680E+03  0.2680E+03  0.2680E+03  0.2680E+03
  0.2680E+03  0.2680E+03  0.2680E+03  0.2680E+03  0.2680E+03  0.2680E+03
  0.2680E+03  0.2680E+03  0.2680E+03  0.2680E+03  0.2680E+03  0.2680E+03
  0.2680E+03  0.2680E+03  0.2720E+03  0.2720E+03  0.2720E+03  0.2720E+03
  0.2720E+03  0.2680E+03  0.2720E+03  0.2720E+03  0.2720E+03  0.2720E+03
  0.2720E+03  0.2720E+03  0.2720E+03  0.2720E+03  0.2720E+03  0.2720E+03
  0.2680E+03  0.2680E+03  0.2680E+03  0.2680E+03  0.2680E+03  0.2680E+03
  0.2680E+03  0.2680E+03  0.2680E+03  0.2680E+03  0.2680E+03  0.2680E+03
  0.2680E+03  0.2680E+03  0.2720E+03  0.2720E+03  0.2680E+03  0.2680E+03
  0.2680E+03  0.2680E+03  0.2680E+03  0.2680E+03  0.2680E+03  0.2720E+03
  0.2720E+03  0.2680E+03  0.2680E+03  0.2680E+03  0.2680E+03  0.2680E+03
  0.2680E+03  0.2680E+03  0.2680E+03  0.2680E+03  0.2680E+03  0.2680E+03
  0.2680E+03  0.2680E+03  0.2680E+03  0.2680E+03  0.2680E+03  0.2680E+03
  0.2680E+03  0.2680E+03  0.2680E+03  0.2680E+03  0.2680E+03  0.2680E+03
  0.2680E+03  0.2680E+03  0.2680E+03  0.2680E+03  0.2680E+03  0.2680E+03
  0.2680E+03  0.2720E+03  0.2720E+03  0.2720E+03  0.2680E+03  0.2680E+03
  0.2680E+03  0.2680E+03  0.2720E+03  0.2720E+03  0.2720E+03  0.2720E+03
  0.2720E+03  0.2720E+03  0.2720E+03  0.2680E+03  0.2720E+03  0.2680E+03
  0.2680E+03  0.2680E+03  0.2680E+03  0.2680E+03  0.2680E+03  0.2680E+03
  0.2680E+03  0.2680E+03  0.2680E+03  0.2680E+03  0.2680E+03  0.2680E+03
  0.2680E+03  0.2720E+03  0.2720E+03  0.2680E+03  0.2680E+03  0.2680E+03
  0.2680E+03  0.2680E+03  0.2680E+03  0.2680E+03  0.2720E+03  0.2720E+03
  0.2680E+03  0.2680E+03  0.2680E+03  0.2680E+03  0.2680E+03  0.2680E+03
  0.2680E+03  0.2680E+03  0.2680E+03  0.2680E+03  0.2680E+03  0.2680E+03
  0.2680E+03  0.2680E+03  0.2680E+03  0.2680E+03  0.2680E+03  0.2680E+03
  0.2680E+03  0.2680E+03  0.2680E+03  0.2680E+03  0.2680E+03  0.2680E+03
  0.2680E+03  0.2680E+03  0.2680E+03  0.2720E+03  0.2680E+03  0.2680E+03
  0.2720E+03  0.2720E+03  0.2720E+03  0.2720E+03  0.2720E+03  0.2720E+03
  0.2720E+03  0.2720E+03  0.2680E+03  0.2720E+03  0.2720E+03  0.2680E+03
  0.2680E+03  0.2680E+03  0.2680E+03  0.2720E+03  0.2680E+03  0.2680E+03
  0.2680E+03  0.2680E+03  0.2680E+03  0.2680E+03  0.2680E+03  0.2680E+03
  0.2680E+03  0.2680E+03  0.2680E+03  0.2680E+03  0.2680E+03  0.2680E+03
  0.2720E+03  0.2720E+03  0.2680E+03  0.2680E+03  0.2680E+03  0.2680E+03
  0.2680E+03  0.2680E+03  0.2680E+03  0.2720E+03  0.2720E+03  0.2680E+03
  0.2680E+03  0.2680E+03  0.2680E+03  0.2680E+03  0.2680E+03  0.2680E+03
  0.2680E+03  0.2680E+03  0.2680E+03  0.2680E+03  0.2680E+03  0.2680E+03
  0.2680E+03  0.2680E+03  0.2680E+03  0.2680E+03  0.2680E+03  0.2680E+03
  0.2680E+03  0.2680E+03  0.2680E+03  0.2680E+03  0.2680E+03  0.2680E+03
  0.2680E+03  0.2680E+03  0.2720E+03  0.2680E+03  0.2680E+03  0.2720E+03
  0.2720E+03  0.2720E+03  0.2720E+03  0.2680E+03  0.2680E+03  0.2680E+03
  0.2720E+03  0.2680E+03  0.2680E+03  0.2680E+03  0.2680E+03  0.2680E+03
  0.2680E+03  0.2680E+03  0.2680E+03  0.2680E+03  0.2680E+03  0.2680E+03
  0.2680E+03  0.2680E+03  0.2680E+03  0.2680E+03  0.2680E+03  0.2680E+03
  0.2680E+03  0.2680E+03  0.2680E+03  0.2680E+03  0.2680E+03  0.2720E+03
  0.2720E+03  0.2680E+03  0.2680E+03  0.2680E+03  0.2680E+03  0.2680E+03
  0.2680E+03  0.2680E+03  0.2720E+03  0.2720E+03  0.2680E+03  0.2680E+03
  0.2680E+03  0.2680E+03  0.2680E+03  0.2680E+03  0.2680E+03  0.2680E+03
  0.2680E+03  0.2680E+03  0.2680E+03  0.2680E+03  0.2680E+03  0.2680E+03
  0.2680E+03  0.2680E+03  0.2680E+03  0.2680E+03  0.2680E+03  0.2680E+03
  0.2680E+03  0.2680E+03  0.2680E+03  0.2680E+03  0.2680E+03  0.2680E+03
  0.2680E+03  0.2680E+03  0.2680E+03  0.2680E+03  0.2680E+03  0.2680E+03
  0.2680E+03  0.2680E+03  0.2680E+03  0.2680E+03  0.2680E+03  0.2680E+03
  0.2680E+03  0.2680E+03  0.2680E+03  0.2680E+03  0.2680E+03  0.2680E+03
  0.2680E+03  0.2680E+03  0.2680E+03  0.2680E+03  0.2680E+03  0.2680E+03
  0.2680E+03  0.2680E+03  0.2680E+03  0.2680E+03  0.2680E+03  0.2680E+03
  0.2680E+03  0.2680E+03  0.2680E+03  0.2680E+03  0.2720E+03  0.2720E+03
  0.2680E+03  0.2680E+03  0.2680E+03  0.2680E+03  0.2680E+03  0.2680E+03
  0.2680E+03  0.2720E+03  0.2720E+03  0.2680E+03  0.2680E+03  0.2680E+03
  0.2680E+03  0.2680E+03  0.2680E+03  0.2680E+03  0.2680E+03  0.2680E+03
  0.2680E+03  0.2680E+03  0.2680E+03  0.2680E+03  0.2680E+03  0.2680E+03
  0.2680E+03  0.2680E+03  0.2680E+03  0.2680E+03  0.2680E+03  0.2680E+03
  0.2680E+03  0.2680E+03  0.2680E+03  0.2680E+03  0.2680E+03  0.2680E+03
  0.2680E+03  0.2680E+03  0.2680E+03  0.2680E+03  0.2680E+03  0.2680E+03
  0.2680E+03  0.2680E+03  0.2680E+03  0.2680E+03  0.2680E+03  0.2680E+03
  0.2680E+03  0.2680E+03  0.2680E+03  0.2680E+03  0.2680E+03  0.2680E+03
  0.2680E+03  0.2680E+03  0.2680E+03  0.2680E+03  0.2680E+03  0.2680E+03
  0.2680E+03  0.2680E+03  0.2680E+03  0.2680E+03  0.2680E+03  0.2680E+03
  0.2680E+03  0.2680E+03  0.2680E+03  0.2720E+03  0.2720E+03  0.2680E+03
  0.2680E+03  0.2680E+03  0.2680E+03  0.2680E+03  0.2680E+03  0.2680E+03
  0.2720E+03  0.2720E+03  0.2680E+03  0.2680E+03  0.2680E+03  0.2680E+03
  0.2680E+03  0.2680E+03  0.2680E+03  0.2680E+03  0.2680E+03  0.2680E+03
  0.2680E+03  0.2680E+03  0.2680E+03  0.2680E+03  0.2680E+03  0.2680E+03
  0.2680E+03  0.2680E+03  0.2680E+03  0.2680E+03  0.2680E+03  0.2680E+03
  0.2680E+03  0.2680E+03  0.2680E+03  0.2680E+03  0.2680E+03  0.2680E+03
  0.2680E+03  0.2680E+03  0.2680E+03  0.2680E+03  0.2680E+03  0.2680E+03
  0.2680E+03  0.2680E+03  0.2680E+03  0.2680E+03  0.2720E+03  0.2720E+03
  0.2720E+03  0.2720E+03  0.2720E+03  0.2720E+03  0.2720E+03  0.2680E+03
  0.2680E+03  0.2680E+03  0.2680E+03  0.2680E+03  0.2680E+03  0.2680E+03
  0.2680E+03  0.2680E+03  0.2680E+03  0.2680E+03  0.2680E+03  0.2680E+03
  0.2680E+03  0.2680E+03  0.2720E+03  0.2720E+03  0.2680E+03  0.2680E+03
  0.2680E+03  0.2680E+03  0.2680E+03  0.2680E+03  0.2680E+03  0.2720E+03
  0.2720E+03  0.2680E+03  0.2680E+03  0.2680E+03  0.2680E+03  0.2680E+03
  0.2680E+03  0.2680E+03  0.2680E+03  0.2680E+03  0.2680E+03  0.2680E+03
  0.2680E+03  0.2680E+03  0.2680E+03  0.2680E+03  0.2680E+03  0.2680E+03
  0.2680E+03  0.2680E+03  0.2680E+03  0.2680E+03  0.2680E+03  0.2680E+03
  0.2680E+03  0.2680E+03  0.2680E+03  0.2680E+03  0.2680E+03  0.2680E+03
  0.2680E+03  0.2680E+03  0.2680E+03  0.2680E+03  0.2680E+03  0.2720E+03
  0.2720E+03  0.2720E+03  0.2720E+03  0.2720E+03  0.2720E+03  0.2720E+03
  0.2720E+03  0.2720E+03  0.2720E+03  0.2720E+03  0.2720E+03  0.2720E+03
  0.2720E+03  0.2680E+03  0.2680E+03  0.2680E+03  0.2680E+03  0.2680E+03
  0.2680E+03  0.2680E+03  0.2680E+03  0.2680E+03  0.2680E+03  0.2680E+03
  0.2680E+03  0.2720E+03  0.2720E+03  0.2680E+03  0.2680E+03  0.2680E+03
  0.2680E+03  0.2680E+03  0.2680E+03  0.2680E+03  0.2720E+03  0.2720E+03
  0.2680E+03  0.2680E+03  0.2680E+03  0.2680E+03  0.2680E+03  0.2680E+03
  0.2680E+03  0.2680E+03  0.2680E+03  0.2680E+03  0.2680E+03  0.2680E+03
  0.2680E+03  0.2680E+03  0.2680E+03  0.2680E+03  0.2680E+03  0.2680E+03
  0.2680E+03  0.2680E+03  0.2680E+03  0.2680E+03  0.2680E+03  0.2680E+03
  0.2680E+03  0.2680E+03  0.2680E+03  0.2680E+03  0.2680E+03  0.2720E+03
  0.2720E+03  0.2720E+03  0.2720E+03  0.2720E+03  0.2720E+03  0.2720E+03
  0.2720E+03  0.2720E+03  0.2720E+03  0.2720E+03  0.2720E+03  0.2720E+03
  0.2720E+03  0.2720E+03  0.2720E+03  0.2720E+03  0.2720E+03  0.2720E+03
  0.2720E+03  0.2680E+03  0.2680E+03  0.2680E+03  0.2680E+03  0.2680E+03
  0.2680E+03  0.2680E+03  0.2680E+03  0.2680E+03  0.2680E+03  0.2680E+03
  0.2720E+03  0.2720E+03  0.2680E+03  0.2680E+03  0.2680E+03  0.2680E+03
  0.2680E+03  0.2680E+03  0.2680E+03  0.2720E+03  0.2720E+03  0.2680E+03
  0.2680E+03  0.2680E+03  0.2680E+03  0.2680E+03  0.2680E+03  0.2680E+03
  0.2680E+03  0.2680E+03  0.2680E+03  0.2680E+03  0.2680E+03  0.2680E+03
  0.2680E+03  0.2680E+03  0.2680E+03  0.2680E+03  0.2680E+03  0.2680E+03
  0.2680E+03  0.2680E+03  0.2680E+03  0.2680E+03  0.2680E+03  0.2680E+03
  0.2720E+03  0.2720E+03  0.2720E+03  0.2720E+03  0.2720E+03  0.2720E+03
  0.2720E+03  0.2720E+03  0.2720E+03  0.2720E+03  0.2720E+03  0.2720E+03
  0.2720E+03  0.2720E+03  0.2720E+03  0.2720E+03  0.2720E+03  0.2720E+03
  0.2720E+03  0.2720E+03  0.2720E+03  0.2720E+03  0.2720E+03  0.2680E+03
  0.2680E+03  0.2680E+03  0.2680E+03  0.2680E+03  0.2680E+03  0.2680E+03
  0.2680E+03  0.2680E+03  0.2680E+03  0.2680E+03  0.2680E+03  0.2720E+03
  0.2720E+03  0.2680E+03  0.2680E+03  0.2680E+03  0.2680E+03  0.2680E+03
  0.2680E+03  0.2680E+03  0.2720E+03  0.2720E+03  0.2680E+03  0.2680E+03
  0.2680E+03  0.2680E+03  0.2680E+03  0.2680E+03  0.2680E+03  0.2680E+03
  0.2680E+03  0.2680E+03  0.2680E+03  0.2680E+03  0.2680E+03  0.2680E+03
  0.2680E+03  0.2680E+03  0.2680E+03  0.2680E+03  0.2680E+03  0.2680E+03
  0.2680E+03  0.2680E+03  0.2720E+03  0.2720E+03  0.2720E+03  0.2720E+03
  0.2720E+03  0.2720E+03  0.2720E+03  0.2720E+03  0.2720E+03  0.2720E+03
  0.2720E+03  0.2720E+03  0.2720E+03  0.2720E+03  0.2680E+03  0.2680E+03
  0.2680E+03  0.2680E+03  0.2680E+03  0.2680E+03  0.2680E+03  0.2680E+03
  0.2680E+03  0.2680E+03  0.2680E+03  0.2680E+03  0.2680E+03  0.2680E+03
  0.2680E+03  0.2680E+03  0.2680E+03  0.2680E+03  0.2680E+03  0.2680E+03
  0.2680E+03  0.2680E+03  0.2680E+03  0.2680E+03  0.2680E+03  0.2720E+03
  0.2680E+03  0.2680E+03  0.2680E+03  0.2680E+03  0.2680E+03  0.2680E+03
  0.2680E+03  0.2720E+03  0.2720E+03  0.2680E+03  0.2680E+03  0.2680E+03
  0.2680E+03  0.2680E+03  0.2680E+03  0.2680E+03  0.2680E+03  0.2680E+03
  0.2680E+03  0.2680E+03  0.2680E+03  0.2680E+03  0.2680E+03  0.2680E+03
  0.2680E+03  0.2680E+03  0.2680E+03  0.2680E+03  0.2680E+03  0.2680E+03
  0.2680E+03  0.2720E+03  0.2720E+03  0.2720E+03  0.2720E+03  0.2720E+03
  0.2720E+03  0.2680E+03  0.2680E+03  0.2680E+03  0.2680E+03  0.2680E+03
  0.2680E+03  0.2680E+03  0.2680E+03  0.2680E+03  0.2680E+03  0.2680E+03
  0.2680E+03  0.2680E+03  0.2680E+03  0.2680E+03  0.2680E+03  0.2680E+03
  0.2680E+03  0.2680E+03  0.2680E+03  0.2680E+03  0.2680E+03  0.2680E+03
  0.2680E+03  0.2680E+03  0.2680E+03  0.2680E+03  0.2680E+03  0.2680E+03
  0.2680E+03  0.2680E+03  0.2680E+03  0.2680E+03  0.2720E+03  0.2680E+03
  0.2680E+03  0.2680E+03  0.2680E+03  0.2680E+03  0.2680E+03  0.2680E+03
  0.2680E+03  0.2680E+03  0.2680E+03  0.2680E+03  0.2680E+03  0.2680E+03
  0.2680E+03  0.2680E+03  0.2680E+03  0.2680E+03  0.2680E+03  0.2720E+03
  0.2720E+03  0.2720E+03  0.2720E+03  0.2720E+03  0.2720E+03  0.2720E+03
  0.2720E+03  0.2720E+03  0.2720E+03  0.2720E+03  0.2720E+03  0.2720E+03
  0.2720E+03  0.2720E+03  0.2720E+03  0.2720E+03  0.2720E+03  0.2720E+03
  0.2720E+03  0.2720E+03  0.2720E+03  0.2680E+03  0.2680E+03  0.2680E+03
  0.2680E+03  0.2680E+03  0.2680E+03  0.2680E+03  0.2680E+03  0.2680E+03
  0.2680E+03  0.2680E+03  0.2680E+03  0.2680E+03  0.2680E+03  0.2680E+03
  0.2680E+03  0.2680E+03  0.2680E+03  0.2680E+03  0.2680E+03  0.2680E+03
  0.2680E+03  0.2680E+03  0.2680E+03  0.2680E+03  0.2680E+03  0.2680E+03
  0.2680E+03  0.2680E+03  0.2680E+03  0.2720E+03  0.2680E+03  0.2680E+03
  0.2680E+03  0.2680E+03  0.2680E+03  0.2720E+03  0.2720E+03  0.2720E+03
  0.2720E+03  0.2720E+03  0.2720E+03  0.2720E+03  0.2720E+03  0.2720E+03
  0.2720E+03  0.2720E+03  0.2720E+03  0.2720E+03  0.2720E+03  0.2720E+03
  0.2720E+03  0.2720E+03  0.2720E+03  0.2720E+03  0.2720E+03  0.2720E+03
  0.2720E+03  0.2720E+03  0.2720E+03  0.2720E+03  0.2720E+03  0.2720E+03
  0.2720E+03  0.2720E+03  0.2720E+03  0.2720E+03  0.2720E+03  0.2720E+03
  0.2720E+03  0.2680E+03  0.2680E+03  0.2680E+03  0.2680E+03  0.2680E+03
  0.2680E+03  0.2680E+03  0.2680E+03  0.2680E+03  0.2680E+03  0.2680E+03
  0.2680E+03  0.2680E+03  0.2680E+03  0.2680E+03  0.2680E+03  0.2680E+03
  0.2680E+03  0.2680E+03  0.2680E+03  0.2680E+03  0.2680E+03  0.2680E+03
  0.2680E+03  0.2680E+03  0.2680E+03  0.2680E+03  0.2680E+03  0.2680E+03
  0.2680E+03  0.2680E+03  0.2720E+03  0.2680E+03  0.2680E+03  0.2680E+03
  0.2720E+03  0.2720E+03  0.2720E+03  0.2720E+03  0.2720E+03  0.2720E+03
  0.2720E+03  0.2720E+03  0.2720E+03  0.2720E+03  0.2720E+03  0.2720E+03
  0.2720E+03  0.2720E+03  0.2720E+03  0.2720E+03  0.2720E+03  0.2720E+03
  0.2720E+03  0.2720E+03  0.2680E+03  0.2680E+03  0.2680E+03  0.2680E+03
  0.2680E+03  0.2680E+03  0.2680E+03  0.2680E+03  0.2680E+03  0.2680E+03
  0.2680E+03  0.2680E+03  0.2680E+03  0.2680E+03  0.2680E+03  0.2680E+03
  0.2680E+03  0.2680E+03  0.2680E+03  0.2680E+03  0.2680E+03  0.2680E+03
  0.2680E+03  0.2680E+03  0.2680E+03  0.2680E+03  0.2680E+03  0.2680E+03
  0.2680E+03  0.2680E+03  0.2680E+03  0.2720E+03  0.2720E+03  0.2720E+03
  0.2720E+03  0.2720E+03  0.2680E+03  0.2680E+03  0.2680E+03  0.2680E+03
  0.2680E+03  0.2680E+03  0.2680E+03  0.2680E+03  0.2680E+03  0.2680E+03
  0.2680E+03  0.2720E+03  0.2680E+03  0.2680E+03  0.2680E+03  0.2720E+03
  0.2720E+03  0.2720E+03  0.2680E+03  0.2680E+03  0.2680E+03  0.2680E+03
  0.2680E+03  0.2680E+03  0.2680E+03  0.2680E+03  0.2680E+03  0.2680E+03
  0.2680E+03  0.2680E+03  0.2680E+03  0.2680E+03  0.2680E+03  0.2680E+03
  0.2680E+03  0.2680E+03  0.2680E+03  0.2680E+03  0.2680E+03  0.2680E+03
  0.2680E+03  0.2680E+03  0.2680E+03  0.2680E+03  0.2680E+03  0.2680E+03
  0.2680E+03  0.2680E+03  0.2680E+03  0.2680E+03  0.2680E+03  0.2680E+03
  0.2680E+03  0.2680E+03  0.2680E+03  0.2680E+03  0.2680E+03  0.2680E+03
  0.2680E+03  0.2680E+03  0.2680E+03  0.2680E+03  0.2680E+03  0.2680E+03
  0.2720E+03  0.2720E+03  0.2720E+03  0.2720E+03  0.2720E+03  0.2720E+03
  0.2720E+03  0.2720E+03  0.2680E+03  0.2680E+03  0.2680E+03  0.2680E+03
  0.2680E+03  0.2680E+03  0.2680E+03  0.2680E+03  0.2680E+03  0.2720E+03
  0.2720E+03  0.2680E+03  0.2680E+03  0.2680E+03  0.2680E+03  0.2680E+03
  0.2680E+03  0.2680E+03  0.2680E+03  0.2680E+03  0.2680E+03  0.2680E+03
  0.2680E+03  0.2680E+03  0.2680E+03  0.2680E+03  0.2680E+03  0.2680E+03
  0.2680E+03  0.2680E+03  0.2680E+03  0.2680E+03  0.2680E+03  0.2680E+03
  0.2680E+03  0.2680E+03  0.2680E+03  0.2680E+03  0.2680E+03  0.2680E+03
  0.2680E+03  0.2680E+03  0.2680E+03  0.2680E+03  0.2680E+03  0.2680E+03
  0.2720E+03  0.2720E+03  0.2720E+03  0.2720E+03  0.2720E+03  0.2720E+03
  0.2720E+03  0.2720E+03  0.2720E+03  0.2720E+03  0.2720E+03  0.2720E+03
  0.2720E+03  0.2720E+03  0.2720E+03  0.2720E+03  0.2720E+03  0.2720E+03
  0.2720E+03  0.2720E+03  0.2720E+03  0.2720E+03  0.2720E+03  0.2720E+03
  0.2720E+03  0.2720E+03  0.2680E+03  0.2680E+03  0.2680E+03  0.2680E+03
  0.2680E+03  0.2680E+03  0.2680E+03  0.2680E+03  0.2720E+03  0.2720E+03
  0.2680E+03  0.2680E+03  0.2680E+03  0.2680E+03  0.2680E+03  0.2680E+03
  0.2680E+03  0.2680E+03  0.2680E+03  0.2680E+03  0.2680E+03  0.2680E+03
  0.2720E+03  0.2720E+03  0.2720E+03  0.2720E+03  0.2720E+03  0.2720E+03
  0.2720E+03  0.2720E+03  0.2720E+03  0.2720E+03  0.2720E+03  0.2720E+03
  0.2720E+03  0.2720E+03  0.2720E+03  0.2720E+03  0.2720E+03  0.2720E+03
  0.2720E+03  0.2720E+03  0.2720E+03  0.2720E+03  0.2720E+03  0.2720E+03
  0.2720E+03  0.2720E+03  0.2720E+03  0.2720E+03  0.2720E+03  0.2720E+03
  0.2720E+03  0.2720E+03  0.2720E+03  0.2720E+03  0.2720E+03  0.2720E+03
  0.2720E+03  0.2720E+03  0.2720E+03  0.2720E+03  0.2720E+03  0.2720E+03
  0.2720E+03  0.2720E+03  0.2720E+03  0.2720E+03  0.2720E+03  0.2720E+03
  0.2720E+03  0.2680E+03  0.2680E+03  0.2680E+03  0.2680E+03  0.2680E+03
  0.2680E+03  0.2680E+03  0.2680E+03  0.2720E+03  0.2720E+03  0.2680E+03
  0.2680E+03  0.2720E+03  0.2720E+03  0.2720E+03  0.2720E+03  0.2720E+03
  0.2720E+03  0.2720E+03  0.2720E+03  0.2720E+03  0.2720E+03  0.2720E+03
  0.2720E+03  0.2720E+03  0.2720E+03  0.2720E+03  0.2720E+03  0.2720E+03
  0.2720E+03  0.2720E+03  0.2720E+03  0.2720E+03  0.2720E+03  0.2720E+03
  0.2720E+03  0.2720E+03  0.2720E+03  0.2720E+03  0.2720E+03  0.2720E+03
  0.2720E+03  0.2720E+03  0.2720E+03  0.2720E+03  0.2720E+03  0.2720E+03
  0.2720E+03  0.2720E+03  0.2720E+03  0.2720E+03  0.2720E+03  0.2720E+03
  0.2720E+03  0.2720E+03  0.2720E+03  0.2720E+03  0.2720E+03  0.2720E+03
  0.2720E+03  0.2720E+03  0.2720E+03  0.2720E+03  0.2720E+03  0.2720E+03
  0.2720E+03  0.2680E+03  0.2680E+03  0.2680E+03  0.2680E+03  0.2680E+03
  0.2680E+03  0.2680E+03  0.2680E+03  0.2680E+03  0.2680E+03  0.2680E+03
  0.2680E+03  0.2680E+03  0.2720E+03  0.2720E+03  0.2680E+03  0.2680E+03
  0.2720E+03  0.2720E+03  0.2720E+03  0.2720E+03  0.2720E+03  0.2720E+03
  0.2720E+03  0.2720E+03  0.2720E+03  0.2720E+03  0.2720E+03  0.2720E+03
  0.2720E+03  0.2720E+03  0.2720E+03  0.2720E+03  0.2720E+03  0.2720E+03
  0.2720E+03  0.2720E+03  0.2720E+03  0.2720E+03  0.2720E+03  0.2720E+03
  0.2720E+03  0.2720E+03  0.2720E+03  0.2680E+03  0.2680E+03  0.2680E+03
  0.2680E+03  0.2680E+03  0.2680E+03  0.2680E+03  0.2680E+03  0.2680E+03
  0.2680E+03  0.2680E+03  0.2680E+03  0.2680E+03  0.2680E+03  0.2680E+03
  0.2680E+03  0.2680E+03  0.2680E+03  0.2680E+03  0.2680E+03  0.2680E+03
  0.2680E+03  0.2680E+03  0.2680E+03  0.2680E+03  0.2680E+03  0.2680E+03
  0.2680E+03  0.2680E+03  0.2680E+03  0.2680E+03  0.2680E+03  0.2680E+03
  0.2680E+03  0.2680E+03  0.2680E+03  0.2680E+03  0.2680E+03  0.2680E+03
  0.2680E+03  0.2680E+03  0.2720E+03  0.2680E+03  0.2680E+03  0.2680E+03
  0.2680E+03  0.2680E+03  0.2680E+03  0.2680E+03  0.2680E+03  0.2680E+03
  0.2680E+03  0.2680E+03  0.2680E+03  0.2680E+03  0.2680E+03  0.2680E+03
  0.2680E+03  0.2680E+03  0.2680E+03  0.2680E+03  0.2680E+03  0.2680E+03
  0.2680E+03  0.2680E+03  0.2680E+03  0.2680E+03  0.2680E+03  0.2680E+03
  0.2680E+03  0.2680E+03  0.2680E+03  0.2680E+03  0.2680E+03  0.2680E+03
  0.2680E+03  0.2680E+03  0.2680E+03  0.2680E+03  0.2680E+03  0.2680E+03
  0.2680E+03  0.2680E+03  0.2680E+03  0.2680E+03  0.2680E+03  0.2680E+03
  0.2680E+03  0.2680E+03  0.2680E+03  0.2680E+03  0.2680E+03  0.2680E+03
  0.2680E+03  0.2680E+03  0.2680E+03  0.2680E+03  0.2680E+03  0.2680E+03
  0.2680E+03  0.2680E+03  0.2680E+03  0.2680E+03  0.2680E+03  0.2680E+03
  0.2680E+03  0.2680E+03  0.2680E+03  0.2680E+03  0.2680E+03  0.2680E+03
  0.2680E+03  0.2720E+03  0.2680E+03  0.2680E+03  0.2680E+03  0.2680E+03
  0.2680E+03  0.2680E+03  0.2680E+03  0.2680E+03  0.2680E+03  0.2680E+03
  0.2680E+03  0.2680E+03  0.2680E+03  0.2680E+03  0.2680E+03  0.2680E+03
  0.2680E+03  0.2680E+03  0.2680E+03  0.2680E+03  0.2680E+03  0.2680E+03
  0.2680E+03  0.2680E+03  0.2680E+03  0.2680E+03  0.2680E+03  0.2680E+03
  0.2680E+03  0.2680E+03  0.2680E+03  0.2680E+03  0.2680E+03  0.2680E+03
  0.2680E+03  0.2680E+03  0.2680E+03  0.2680E+03  0.2680E+03  0.2680E+03
  0.2680E+03  0.2680E+03  0.2680E+03  0.2680E+03  0.2680E+03  0.2680E+03
  0.2680E+03  0.2680E+03  0.2680E+03  0.2680E+03  0.2680E+03  0.2680E+03
  0.2680E+03  0.2680E+03  0.2680E+03  0.2680E+03  0.2680E+03  0.2680E+03
  0.2680E+03  0.2680E+03  0.2680E+03  0.2680E+03  0.2680E+03  0.2680E+03
  0.2680E+03  0.2680E+03  0.2680E+03  0.2680E+03  0.2680E+03  0.2680E+03
  0.2600E+03
