  0.7164E+01  0.7143E+01  0.7122E+01  0.7102E+01  0.7081E+01  0.7060E+01
  0.7039E+01  0.7018E+01  0.6997E+01  0.6976E+01  0.6954E+01  0.6933E+01
  0.6912E+01  0.6891E+01  0.6870E+01  0.6849E+01  0.6828E+01  0.6806E+01
  0.6785E+01  0.6764E+01  0.6743E+01  0.6723E+01  0.6702E+01  0.6681E+01
  0.6660E+01  0.6640E+01  0.6619E+01  0.6599E+01  0.6579E+01  0.6558E+01
  0.6538E+01  0.6518E+01  0.6498E+01  0.6478E+01  0.6459E+01  0.6439E+01
  0.6420E+01  0.6400E+01  0.6381E+01  0.6362E+01  0.6343E+01  0.6323E+01
  0.6304E+01  0.6285E+01  0.6266E+01  0.6247E+01  0.6228E+01  0.6209E+01
  0.6190E+01  0.6171E+01  0.6151E+01  0.6132E+01  0.6112E+01  0.6093E+01
  0.6073E+01  0.6053E+01  0.6032E+01  0.6012E+01  0.5991E+01  0.5971E+01
  0.5950E+01  0.5928E+01  0.5907E+01  0.5886E+01  0.5864E+01  0.5843E+01
  0.5822E+01  0.5804E+01  0.5789E+01  0.5774E+01  0.5749E+01  0.7164E+01
  0.7143E+01  0.7123E+01  0.7102E+01  0.7081E+01  0.7060E+01  0.7039E+01
  0.7018E+01  0.6998E+01  0.6977E+01  0.6956E+01  0.6935E+01  0.6914E+01
  0.6892E+01  0.6871E+01  0.6850E+01  0.6830E+01  0.6809E+01  0.6788E+01
  0.6767E+01  0.6746E+01  0.6725E+01  0.6705E+01  0.6684E+01  0.6664E+01
  0.6643E+01  0.6623E+01  0.6603E+01  0.6582E+01  0.6562E+01  0.6543E+01
  0.6523E+01  0.6503E+01  0.6483E+01  0.6464E+01  0.6445E+01  0.6425E+01
  0.6406E+01  0.6387E+01  0.6368E+01  0.6349E+01  0.6330E+01  0.6312E+01
  0.6293E+01  0.6274E+01  0.6256E+01  0.6237E+01  0.6218E+01  0.6200E+01
  0.6181E+01  0.6162E+01  0.6143E+01  0.6124E+01  0.6105E+01  0.6086E+01
  0.6067E+01  0.6048E+01  0.6028E+01  0.6009E+01  0.5989E+01  0.5970E+01
  0.5950E+01  0.5931E+01  0.5911E+01  0.5892E+01  0.5873E+01  0.5856E+01
  0.5842E+01  0.5819E+01  0.5795E+01  0.5802E+01  0.7164E+01  0.7143E+01
  0.7123E+01  0.7102E+01  0.7081E+01  0.7060E+01  0.7039E+01  0.7018E+01
  0.6997E+01  0.6976E+01  0.6955E+01  0.6934E+01  0.6913E+01  0.6892E+01
  0.6871E+01  0.6850E+01  0.6829E+01  0.6808E+01  0.6788E+01  0.6767E+01
  0.6746E+01  0.6725E+01  0.6705E+01  0.6684E+01  0.6664E+01  0.6643E+01
  0.6623E+01  0.6603E+01  0.6583E+01  0.6563E+01  0.6543E+01  0.6523E+01
  0.6504E+01  0.6484E+01  0.6465E+01  0.6445E+01  0.6426E+01  0.6407E+01
  0.6388E+01  0.6369E+01  0.6350E+01  0.6332E+01  0.6313E+01  0.6294E+01
  0.6276E+01  0.6257E+01  0.6239E+01  0.6220E+01  0.6202E+01  0.6183E+01
  0.6164E+01  0.6146E+01  0.6127E+01  0.6108E+01  0.6089E+01  0.6070E+01
  0.6051E+01  0.6032E+01  0.6012E+01  0.5993E+01  0.5974E+01  0.5955E+01
  0.5935E+01  0.5916E+01  0.5898E+01  0.5879E+01  0.5863E+01  0.5851E+01
  0.5825E+01  0.5788E+01  0.5689E+01  0.7164E+01  0.7143E+01  0.7123E+01
  0.7102E+01  0.7081E+01  0.7060E+01  0.7039E+01  0.7018E+01  0.6997E+01
  0.6976E+01  0.6955E+01  0.6934E+01  0.6913E+01  0.6892E+01  0.6871E+01
  0.6850E+01  0.6829E+01  0.6808E+01  0.6787E+01  0.6766E+01  0.6745E+01
  0.6725E+01  0.6704E+01  0.6684E+01  0.6663E+01  0.6643E+01  0.6622E+01
  0.6602E+01  0.6582E+01  0.6562E+01  0.6542E+01  0.6523E+01  0.6503E+01
  0.6483E+01  0.6464E+01  0.6445E+01  0.6426E+01  0.6406E+01  0.6387E+01
  0.6369E+01  0.6350E+01  0.6331E+01  0.6312E+01  0.6294E+01  0.6275E+01
  0.6257E+01  0.6238E+01  0.6220E+01  0.6201E+01  0.6182E+01  0.6164E+01
  0.6145E+01  0.6126E+01  0.6108E+01  0.6089E+01  0.6070E+01  0.6050E+01
  0.6031E+01  0.6012E+01  0.5993E+01  0.5973E+01  0.5954E+01  0.5935E+01
  0.5915E+01  0.5897E+01  0.5878E+01  0.5864E+01  0.5851E+01  0.5823E+01
  0.5781E+01  0.5647E+01  0.7164E+01  0.7143E+01  0.7123E+01  0.7102E+01
  0.7081E+01  0.7060E+01  0.7039E+01  0.7018E+01  0.6997E+01  0.6976E+01
  0.6955E+01  0.6934E+01  0.6913E+01  0.6892E+01  0.6871E+01  0.6850E+01
  0.6829E+01  0.6808E+01  0.6787E+01  0.6766E+01  0.6745E+01  0.6724E+01
  0.6704E+01  0.6683E+01  0.6663E+01  0.6642E+01  0.6622E+01  0.6602E+01
  0.6581E+01  0.6561E+01  0.6542E+01  0.6522E+01  0.6502E+01  0.6483E+01
  0.6463E+01  0.6444E+01  0.6425E+01  0.6406E+01  0.6387E+01  0.6368E+01
  0.6349E+01  0.6330E+01  0.6311E+01  0.6293E+01  0.6274E+01  0.6256E+01
  0.6237E+01  0.6219E+01  0.6200E+01  0.6181E+01  0.6163E+01  0.6144E+01
  0.6125E+01  0.6106E+01  0.6088E+01  0.6069E+01  0.6049E+01  0.6030E+01
  0.6011E+01  0.5991E+01  0.5972E+01  0.5953E+01  0.5933E+01  0.5914E+01
  0.5895E+01  0.5877E+01  0.5863E+01  0.5850E+01  0.5821E+01  0.5790E+01
  0.5042E+01  0.7164E+01  0.7143E+01  0.7123E+01  0.7102E+01  0.7081E+01
  0.7060E+01  0.7039E+01  0.7018E+01  0.6997E+01  0.6976E+01  0.6955E+01
  0.6934E+01  0.6913E+01  0.6892E+01  0.6871E+01  0.6850E+01  0.6829E+01
  0.6808E+01  0.6787E+01  0.6766E+01  0.6745E+01  0.6724E+01  0.6704E+01
  0.6683E+01  0.6662E+01  0.6642E+01  0.6622E+01  0.6601E+01  0.6581E+01
  0.6561E+01  0.6541E+01  0.6521E+01  0.6502E+01  0.6482E+01  0.6463E+01
  0.6443E+01  0.6424E+01  0.6405E+01  0.6386E+01  0.6367E+01  0.6348E+01
  0.6329E+01  0.6310E+01  0.6292E+01  0.6273E+01  0.6255E+01  0.6236E+01
  0.6217E+01  0.6199E+01  0.6180E+01  0.6161E+01  0.6143E+01  0.6124E+01
  0.6105E+01  0.6086E+01  0.6067E+01  0.6048E+01  0.6029E+01  0.6009E+01
  0.5990E+01  0.5971E+01  0.5951E+01  0.5932E+01  0.5912E+01  0.5893E+01
  0.5875E+01  0.5862E+01  0.5848E+01  0.5818E+01  0.5787E+01  0.4662E+01
  0.7164E+01  0.7143E+01  0.7123E+01  0.7102E+01  0.7081E+01  0.7060E+01
  0.7039E+01  0.7018E+01  0.6997E+01  0.6976E+01  0.6955E+01  0.6934E+01
  0.6913E+01  0.6892E+01  0.6871E+01  0.6850E+01  0.6829E+01  0.6808E+01
  0.6787E+01  0.6766E+01  0.6745E+01  0.6724E+01  0.6704E+01  0.6683E+01
  0.6662E+01  0.6642E+01  0.6621E+01  0.6601E+01  0.6581E+01  0.6561E+01
  0.6541E+01  0.6521E+01  0.6501E+01  0.6482E+01  0.6462E+01  0.6443E+01
  0.6424E+01  0.6404E+01  0.6385E+01  0.6366E+01  0.6347E+01  0.6329E+01
  0.6310E+01  0.6291E+01  0.6272E+01  0.6254E+01  0.6235E+01  0.6216E+01
  0.6198E+01  0.6179E+01  0.6160E+01  0.6142E+01  0.6123E+01  0.6104E+01
  0.6085E+01  0.6065E+01  0.6046E+01  0.6027E+01  0.6008E+01  0.5988E+01
  0.5969E+01  0.5949E+01  0.5930E+01  0.5911E+01  0.5891E+01  0.5873E+01
  0.5860E+01  0.5846E+01  0.5816E+01  0.5784E+01  0.4647E+01  0.7164E+01
  0.7143E+01  0.7123E+01  0.7102E+01  0.7081E+01  0.7060E+01  0.7039E+01
  0.7018E+01  0.6997E+01  0.6976E+01  0.6955E+01  0.6934E+01  0.6913E+01
  0.6892E+01  0.6871E+01  0.6850E+01  0.6829E+01  0.6808E+01  0.6787E+01
  0.6766E+01  0.6745E+01  0.6724E+01  0.6704E+01  0.6683E+01  0.6662E+01
  0.6642E+01  0.6622E+01  0.6601E+01  0.6581E+01  0.6561E+01  0.6541E+01
  0.6521E+01  0.6501E+01  0.6482E+01  0.6462E+01  0.6443E+01  0.6423E+01
  0.6404E+01  0.6385E+01  0.6366E+01  0.6347E+01  0.6328E+01  0.6310E+01
  0.6291E+01  0.6272E+01  0.6253E+01  0.6235E+01  0.6216E+01  0.6197E+01
  0.6179E+01  0.6160E+01  0.6141E+01  0.6122E+01  0.6103E+01  0.6084E+01
  0.6064E+01  0.6045E+01  0.6026E+01  0.6006E+01  0.5987E+01  0.5967E+01
  0.5948E+01  0.5928E+01  0.5909E+01  0.5890E+01  0.5872E+01  0.5858E+01
  0.5844E+01  0.5813E+01  0.5781E+01  0.4499E+01  0.7164E+01  0.7143E+01
  0.7123E+01  0.7102E+01  0.7081E+01  0.7060E+01  0.7039E+01  0.7018E+01
  0.6997E+01  0.6976E+01  0.6955E+01  0.6934E+01  0.6913E+01  0.6892E+01
  0.6871E+01  0.6850E+01  0.6829E+01  0.6808E+01  0.6787E+01  0.6766E+01
  0.6745E+01  0.6724E+01  0.6704E+01  0.6683E+01  0.6662E+01  0.6642E+01
  0.6622E+01  0.6601E+01  0.6581E+01  0.6561E+01  0.6541E+01  0.6521E+01
  0.6501E+01  0.6482E+01  0.6462E+01  0.6443E+01  0.6424E+01  0.6404E+01
  0.6385E+01  0.6366E+01  0.6347E+01  0.6328E+01  0.6310E+01  0.6291E+01
  0.6272E+01  0.6253E+01  0.6235E+01  0.6216E+01  0.6197E+01  0.6178E+01
  0.6160E+01  0.6141E+01  0.6122E+01  0.6103E+01  0.6083E+01  0.6064E+01
  0.6045E+01  0.6025E+01  0.6006E+01  0.5986E+01  0.5966E+01  0.5947E+01
  0.5927E+01  0.5908E+01  0.5888E+01  0.5870E+01  0.5857E+01  0.5843E+01
  0.5812E+01  0.5779E+01  0.4437E+01  0.7164E+01  0.7143E+01  0.7123E+01
  0.7102E+01  0.7081E+01  0.7060E+01  0.7039E+01  0.7018E+01  0.6997E+01
  0.6976E+01  0.6955E+01  0.6934E+01  0.6913E+01  0.6892E+01  0.6871E+01
  0.6850E+01  0.6829E+01  0.6808E+01  0.6787E+01  0.6766E+01  0.6745E+01
  0.6724E+01  0.6704E+01  0.6683E+01  0.6662E+01  0.6642E+01  0.6622E+01
  0.6601E+01  0.6581E+01  0.6561E+01  0.6541E+01  0.6521E+01  0.6501E+01
  0.6482E+01  0.6462E+01  0.6443E+01  0.6424E+01  0.6404E+01  0.6385E+01
  0.6366E+01  0.6347E+01  0.6328E+01  0.6310E+01  0.6291E+01  0.6272E+01
  0.6253E+01  0.6235E+01  0.6216E+01  0.6197E+01  0.6178E+01  0.6160E+01
  0.6141E+01  0.6122E+01  0.6103E+01  0.6083E+01  0.6064E+01  0.6045E+01
  0.6025E+01  0.6005E+01  0.5986E+01  0.5966E+01  0.5946E+01  0.5927E+01
  0.5907E+01  0.5888E+01  0.5870E+01  0.5856E+01  0.5842E+01  0.5811E+01
  0.5778E+01  0.4440E+01  0.7164E+01  0.7143E+01  0.7123E+01  0.7102E+01
  0.7081E+01  0.7060E+01  0.7039E+01  0.7018E+01  0.6997E+01  0.6976E+01
  0.6955E+01  0.6934E+01  0.6913E+01  0.6892E+01  0.6871E+01  0.6850E+01
  0.6829E+01  0.6808E+01  0.6787E+01  0.6766E+01  0.6745E+01  0.6724E+01
  0.6704E+01  0.6683E+01  0.6662E+01  0.6642E+01  0.6622E+01  0.6601E+01
  0.6581E+01  0.6561E+01  0.6541E+01  0.6521E+01  0.6501E+01  0.6482E+01
  0.6462E+01  0.6443E+01  0.6424E+01  0.6404E+01  0.6385E+01  0.6366E+01
  0.6347E+01  0.6328E+01  0.6310E+01  0.6291E+01  0.6272E+01  0.6253E+01
  0.6235E+01  0.6216E+01  0.6197E+01  0.6178E+01  0.6160E+01  0.6141E+01
  0.6122E+01  0.6102E+01  0.6083E+01  0.6064E+01  0.6045E+01  0.6025E+01
  0.6005E+01  0.5986E+01  0.5966E+01  0.5946E+01  0.5927E+01  0.5907E+01
  0.5888E+01  0.5870E+01  0.5856E+01  0.5842E+01  0.5811E+01  0.5778E+01
  0.4447E+01  0.7164E+01  0.7143E+01  0.7123E+01  0.7102E+01  0.7081E+01
  0.7060E+01  0.7039E+01  0.7018E+01  0.6997E+01  0.6976E+01  0.6955E+01
  0.6934E+01  0.6913E+01  0.6892E+01  0.6871E+01  0.6850E+01  0.6829E+01
  0.6808E+01  0.6787E+01  0.6766E+01  0.6745E+01  0.6724E+01  0.6704E+01
  0.6683E+01  0.6662E+01  0.6642E+01  0.6622E+01  0.6601E+01  0.6581E+01
  0.6561E+01  0.6541E+01  0.6521E+01  0.6501E+01  0.6482E+01  0.6462E+01
  0.6443E+01  0.6424E+01  0.6404E+01  0.6385E+01  0.6366E+01  0.6347E+01
  0.6328E+01  0.6310E+01  0.6291E+01  0.6272E+01  0.6253E+01  0.6235E+01
  0.6216E+01  0.6197E+01  0.6178E+01  0.6160E+01  0.6141E+01  0.6122E+01
  0.6102E+01  0.6083E+01  0.6064E+01  0.6045E+01  0.6025E+01  0.6005E+01
  0.5986E+01  0.5966E+01  0.5946E+01  0.5927E+01  0.5907E+01  0.5888E+01
  0.5869E+01  0.5856E+01  0.5842E+01  0.5811E+01  0.5777E+01  0.4449E+01
  0.7164E+01  0.7143E+01  0.7123E+01  0.7102E+01  0.7081E+01  0.7060E+01
  0.7039E+01  0.7018E+01  0.6997E+01  0.6976E+01  0.6955E+01  0.6934E+01
  0.6913E+01  0.6892E+01  0.6871E+01  0.6850E+01  0.6829E+01  0.6808E+01
  0.6787E+01  0.6766E+01  0.6745E+01  0.6724E+01  0.6704E+01  0.6683E+01
  0.6662E+01  0.6642E+01  0.6622E+01  0.6601E+01  0.6581E+01  0.6561E+01
  0.6541E+01  0.6521E+01  0.6501E+01  0.6482E+01  0.6462E+01  0.6443E+01
  0.6424E+01  0.6404E+01  0.6385E+01  0.6366E+01  0.6347E+01  0.6328E+01
  0.6310E+01  0.6291E+01  0.6272E+01  0.6253E+01  0.6235E+01  0.6216E+01
  0.6197E+01  0.6178E+01  0.6160E+01  0.6141E+01  0.6122E+01  0.6103E+01
  0.6083E+01  0.6064E+01  0.6045E+01  0.6025E+01  0.6005E+01  0.5986E+01
  0.5966E+01  0.5946E+01  0.5927E+01  0.5907E+01  0.5888E+01  0.5869E+01
  0.5856E+01  0.5842E+01  0.5811E+01  0.5777E+01  0.4453E+01  0.7164E+01
  0.7143E+01  0.7123E+01  0.7102E+01  0.7081E+01  0.7060E+01  0.7039E+01
  0.7018E+01  0.6997E+01  0.6976E+01  0.6955E+01  0.6934E+01  0.6913E+01
  0.6892E+01  0.6871E+01  0.6850E+01  0.6829E+01  0.6808E+01  0.6787E+01
  0.6766E+01  0.6745E+01  0.6724E+01  0.6704E+01  0.6683E+01  0.6662E+01
  0.6642E+01  0.6622E+01  0.6601E+01  0.6581E+01  0.6561E+01  0.6541E+01
  0.6521E+01  0.6501E+01  0.6482E+01  0.6462E+01  0.6443E+01  0.6424E+01
  0.6404E+01  0.6385E+01  0.6366E+01  0.6347E+01  0.6328E+01  0.6310E+01
  0.6291E+01  0.6272E+01  0.6253E+01  0.6235E+01  0.6216E+01  0.6197E+01
  0.6178E+01  0.6160E+01  0.6141E+01  0.6122E+01  0.6103E+01  0.6083E+01
  0.6064E+01  0.6045E+01  0.6025E+01  0.6005E+01  0.5986E+01  0.5966E+01
  0.5946E+01  0.5927E+01  0.5907E+01  0.5888E+01  0.5869E+01  0.5856E+01
  0.5842E+01  0.5811E+01  0.5777E+01  0.4461E+01  0.7164E+01  0.7143E+01
  0.7123E+01  0.7102E+01  0.7081E+01  0.7060E+01  0.7039E+01  0.7018E+01
  0.6997E+01  0.6976E+01  0.6955E+01  0.6934E+01  0.6913E+01  0.6892E+01
  0.6871E+01  0.6850E+01  0.6829E+01  0.6808E+01  0.6787E+01  0.6766E+01
  0.6745E+01  0.6724E+01  0.6704E+01  0.6683E+01  0.6662E+01  0.6642E+01
  0.6622E+01  0.6601E+01  0.6581E+01  0.6561E+01  0.6541E+01  0.6521E+01
  0.6501E+01  0.6482E+01  0.6462E+01  0.6443E+01  0.6424E+01  0.6404E+01
  0.6385E+01  0.6366E+01  0.6347E+01  0.6328E+01  0.6310E+01  0.6291E+01
  0.6272E+01  0.6253E+01  0.6235E+01  0.6216E+01  0.6197E+01  0.6178E+01
  0.6160E+01  0.6141E+01  0.6122E+01  0.6103E+01  0.6083E+01  0.6064E+01
  0.6045E+01  0.6025E+01  0.6005E+01  0.5986E+01  0.5966E+01  0.5946E+01
  0.5927E+01  0.5907E+01  0.5888E+01  0.5870E+01  0.5856E+01  0.5842E+01
  0.5811E+01  0.5777E+01  0.4465E+01  0.7164E+01  0.7143E+01  0.7123E+01
  0.7102E+01  0.7081E+01  0.7060E+01  0.7039E+01  0.7018E+01  0.6997E+01
  0.6976E+01  0.6955E+01  0.6934E+01  0.6913E+01  0.6892E+01  0.6871E+01
  0.6850E+01  0.6829E+01  0.6808E+01  0.6787E+01  0.6766E+01  0.6745E+01
  0.6724E+01  0.6704E+01  0.6683E+01  0.6662E+01  0.6642E+01  0.6622E+01
  0.6601E+01  0.6581E+01  0.6561E+01  0.6541E+01  0.6521E+01  0.6501E+01
  0.6482E+01  0.6462E+01  0.6443E+01  0.6424E+01  0.6404E+01  0.6385E+01
  0.6366E+01  0.6347E+01  0.6328E+01  0.6310E+01  0.6291E+01  0.6272E+01
  0.6253E+01  0.6235E+01  0.6216E+01  0.6197E+01  0.6178E+01  0.6160E+01
  0.6141E+01  0.6122E+01  0.6103E+01  0.6083E+01  0.6064E+01  0.6045E+01
  0.6025E+01  0.6006E+01  0.5986E+01  0.5966E+01  0.5946E+01  0.5927E+01
  0.5907E+01  0.5888E+01  0.5870E+01  0.5856E+01  0.5842E+01  0.5811E+01
  0.5777E+01  0.4467E+01  0.7164E+01  0.7143E+01  0.7123E+01  0.7102E+01
  0.7081E+01  0.7060E+01  0.7039E+01  0.7018E+01  0.6997E+01  0.6976E+01
  0.6955E+01  0.6934E+01  0.6913E+01  0.6892E+01  0.6871E+01  0.6850E+01
  0.6829E+01  0.6808E+01  0.6787E+01  0.6766E+01  0.6745E+01  0.6724E+01
  0.6704E+01  0.6683E+01  0.6662E+01  0.6642E+01  0.6622E+01  0.6601E+01
  0.6581E+01  0.6561E+01  0.6541E+01  0.6521E+01  0.6501E+01  0.6482E+01
  0.6462E+01  0.6443E+01  0.6424E+01  0.6404E+01  0.6385E+01  0.6366E+01
  0.6347E+01  0.6328E+01  0.6310E+01  0.6291E+01  0.6272E+01  0.6253E+01
  0.6235E+01  0.6216E+01  0.6197E+01  0.6178E+01  0.6160E+01  0.6141E+01
  0.6122E+01  0.6103E+01  0.6083E+01  0.6064E+01  0.6045E+01  0.6025E+01
  0.6006E+01  0.5986E+01  0.5966E+01  0.5946E+01  0.5927E+01  0.5907E+01
  0.5888E+01  0.5870E+01  0.5856E+01  0.5842E+01  0.5811E+01  0.5778E+01
  0.4466E+01  0.7164E+01  0.7143E+01  0.7123E+01  0.7102E+01  0.7081E+01
  0.7060E+01  0.7039E+01  0.7018E+01  0.6997E+01  0.6976E+01  0.6955E+01
  0.6934E+01  0.6913E+01  0.6892E+01  0.6871E+01  0.6850E+01  0.6829E+01
  0.6808E+01  0.6787E+01  0.6766E+01  0.6745E+01  0.6724E+01  0.6704E+01
  0.6683E+01  0.6662E+01  0.6642E+01  0.6622E+01  0.6601E+01  0.6581E+01
  0.6561E+01  0.6541E+01  0.6521E+01  0.6501E+01  0.6482E+01  0.6462E+01
  0.6443E+01  0.6424E+01  0.6404E+01  0.6385E+01  0.6366E+01  0.6347E+01
  0.6328E+01  0.6310E+01  0.6291E+01  0.6272E+01  0.6253E+01  0.6235E+01
  0.6216E+01  0.6197E+01  0.6178E+01  0.6160E+01  0.6141E+01  0.6122E+01
  0.6103E+01  0.6083E+01  0.6064E+01  0.6045E+01  0.6025E+01  0.6006E+01
  0.5986E+01  0.5966E+01  0.5946E+01  0.5927E+01  0.5907E+01  0.5888E+01
  0.5870E+01  0.5856E+01  0.5842E+01  0.5811E+01  0.5778E+01  0.4465E+01
  0.7164E+01  0.7143E+01  0.7123E+01  0.7102E+01  0.7081E+01  0.7060E+01
  0.7039E+01  0.7018E+01  0.6997E+01  0.6976E+01  0.6955E+01  0.6934E+01
  0.6913E+01  0.6892E+01  0.6871E+01  0.6850E+01  0.6829E+01  0.6808E+01
  0.6787E+01  0.6766E+01  0.6745E+01  0.6724E+01  0.6704E+01  0.6683E+01
  0.6662E+01  0.6642E+01  0.6622E+01  0.6601E+01  0.6581E+01  0.6561E+01
  0.6541E+01  0.6521E+01  0.6501E+01  0.6482E+01  0.6462E+01  0.6443E+01
  0.6424E+01  0.6404E+01  0.6385E+01  0.6366E+01  0.6347E+01  0.6328E+01
  0.6310E+01  0.6291E+01  0.6272E+01  0.6253E+01  0.6235E+01  0.6216E+01
  0.6197E+01  0.6178E+01  0.6160E+01  0.6141E+01  0.6122E+01  0.6103E+01
  0.6083E+01  0.6064E+01  0.6045E+01  0.6025E+01  0.6006E+01  0.5986E+01
  0.5966E+01  0.5946E+01  0.5927E+01  0.5907E+01  0.5888E+01  0.5870E+01
  0.5856E+01  0.5842E+01  0.5811E+01  0.5778E+01  0.4465E+01  0.7164E+01
  0.7143E+01  0.7123E+01  0.7102E+01  0.7081E+01  0.7060E+01  0.7039E+01
  0.7018E+01  0.6997E+01  0.6976E+01  0.6955E+01  0.6934E+01  0.6913E+01
  0.6892E+01  0.6871E+01  0.6850E+01  0.6829E+01  0.6808E+01  0.6787E+01
  0.6766E+01  0.6745E+01  0.6724E+01  0.6704E+01  0.6683E+01  0.6662E+01
  0.6642E+01  0.6622E+01  0.6601E+01  0.6581E+01  0.6561E+01  0.6541E+01
  0.6521E+01  0.6501E+01  0.6482E+01  0.6462E+01  0.6443E+01  0.6424E+01
  0.6404E+01  0.6385E+01  0.6366E+01  0.6347E+01  0.6328E+01  0.6310E+01
  0.6291E+01  0.6272E+01  0.6253E+01  0.6235E+01  0.6216E+01  0.6197E+01
  0.6178E+01  0.6160E+01  0.6141E+01  0.6122E+01  0.6103E+01  0.6083E+01
  0.6064E+01  0.6045E+01  0.6025E+01  0.6006E+01  0.5986E+01  0.5966E+01
  0.5946E+01  0.5927E+01  0.5907E+01  0.5888E+01  0.5870E+01  0.5856E+01
  0.5842E+01  0.5811E+01  0.5778E+01  0.4465E+01  0.7164E+01  0.7143E+01
  0.7123E+01  0.7102E+01  0.7081E+01  0.7060E+01  0.7039E+01  0.7018E+01
  0.6997E+01  0.6976E+01  0.6955E+01  0.6934E+01  0.6913E+01  0.6892E+01
  0.6871E+01  0.6850E+01  0.6829E+01  0.6808E+01  0.6787E+01  0.6766E+01
  0.6745E+01  0.6724E+01  0.6704E+01  0.6683E+01  0.6662E+01  0.6642E+01
  0.6622E+01  0.6601E+01  0.6581E+01  0.6561E+01  0.6541E+01  0.6521E+01
  0.6501E+01  0.6482E+01  0.6462E+01  0.6443E+01  0.6424E+01  0.6404E+01
  0.6385E+01  0.6366E+01  0.6347E+01  0.6328E+01  0.6310E+01  0.6291E+01
  0.6272E+01  0.6253E+01  0.6235E+01  0.6216E+01  0.6197E+01  0.6178E+01
  0.6160E+01  0.6141E+01  0.6122E+01  0.6103E+01  0.6083E+01  0.6064E+01
  0.6045E+01  0.6025E+01  0.6006E+01  0.5986E+01  0.5966E+01  0.5946E+01
  0.5927E+01  0.5907E+01  0.5888E+01  0.5870E+01  0.5856E+01  0.5842E+01
  0.5811E+01  0.5778E+01  0.4465E+01  0.7164E+01  0.7143E+01  0.7123E+01
  0.7102E+01  0.7081E+01  0.7060E+01  0.7039E+01  0.7018E+01  0.6997E+01
  0.6976E+01  0.6955E+01  0.6934E+01  0.6913E+01  0.6892E+01  0.6871E+01
  0.6850E+01  0.6829E+01  0.6808E+01  0.6787E+01  0.6766E+01  0.6745E+01
  0.6724E+01  0.6704E+01  0.6683E+01  0.6662E+01  0.6642E+01  0.6622E+01
  0.6601E+01  0.6581E+01  0.6561E+01  0.6541E+01  0.6521E+01  0.6501E+01
  0.6482E+01  0.6462E+01  0.6443E+01  0.6424E+01  0.6404E+01  0.6385E+01
  0.6366E+01  0.6347E+01  0.6328E+01  0.6310E+01  0.6291E+01  0.6272E+01
  0.6253E+01  0.6235E+01  0.6216E+01  0.6197E+01  0.6178E+01  0.6160E+01
  0.6141E+01  0.6122E+01  0.6103E+01  0.6083E+01  0.6064E+01  0.6045E+01
  0.6025E+01  0.6006E+01  0.5986E+01  0.5966E+01  0.5946E+01  0.5927E+01
  0.5907E+01  0.5888E+01  0.5870E+01  0.5856E+01  0.5842E+01  0.5811E+01
  0.5778E+01  0.4465E+01  0.7164E+01  0.7143E+01  0.7123E+01  0.7102E+01
  0.7081E+01  0.7060E+01  0.7039E+01  0.7018E+01  0.6997E+01  0.6976E+01
  0.6955E+01  0.6934E+01  0.6913E+01  0.6892E+01  0.6871E+01  0.6850E+01
  0.6829E+01  0.6808E+01  0.6787E+01  0.6766E+01  0.6745E+01  0.6724E+01
  0.6704E+01  0.6683E+01  0.6662E+01  0.6642E+01  0.6622E+01  0.6601E+01
  0.6581E+01  0.6561E+01  0.6541E+01  0.6521E+01  0.6501E+01  0.6482E+01
  0.6462E+01  0.6443E+01  0.6424E+01  0.6404E+01  0.6385E+01  0.6366E+01
  0.6347E+01  0.6328E+01  0.6310E+01  0.6291E+01  0.6272E+01  0.6253E+01
  0.6235E+01  0.6216E+01  0.6197E+01  0.6178E+01  0.6160E+01  0.6141E+01
  0.6122E+01  0.6103E+01  0.6083E+01  0.6064E+01  0.6045E+01  0.6025E+01
  0.6006E+01  0.5986E+01  0.5966E+01  0.5946E+01  0.5927E+01  0.5907E+01
  0.5888E+01  0.5870E+01  0.5856E+01  0.5842E+01  0.5811E+01  0.5778E+01
  0.4465E+01  0.7164E+01  0.7143E+01  0.7123E+01  0.7102E+01  0.7081E+01
  0.7060E+01  0.7039E+01  0.7018E+01  0.6997E+01  0.6976E+01  0.6955E+01
  0.6934E+01  0.6913E+01  0.6892E+01  0.6871E+01  0.6850E+01  0.6829E+01
  0.6808E+01  0.6787E+01  0.6766E+01  0.6745E+01  0.6724E+01  0.6704E+01
  0.6683E+01  0.6662E+01  0.6642E+01  0.6622E+01  0.6601E+01  0.6581E+01
  0.6561E+01  0.6541E+01  0.6521E+01  0.6501E+01  0.6482E+01  0.6462E+01
  0.6443E+01  0.6424E+01  0.6404E+01  0.6385E+01  0.6366E+01  0.6347E+01
  0.6328E+01  0.6310E+01  0.6291E+01  0.6272E+01  0.6253E+01  0.6235E+01
  0.6216E+01  0.6197E+01  0.6178E+01  0.6160E+01  0.6141E+01  0.6122E+01
  0.6103E+01  0.6083E+01  0.6064E+01  0.6045E+01  0.6025E+01  0.6006E+01
  0.5986E+01  0.5966E+01  0.5946E+01  0.5927E+01  0.5907E+01  0.5888E+01
  0.5870E+01  0.5856E+01  0.5842E+01  0.5811E+01  0.5778E+01  0.4465E+01
  0.7164E+01  0.7143E+01  0.7123E+01  0.7102E+01  0.7081E+01  0.7060E+01
  0.7039E+01  0.7018E+01  0.6997E+01  0.6976E+01  0.6955E+01  0.6934E+01
  0.6913E+01  0.6892E+01  0.6871E+01  0.6850E+01  0.6829E+01  0.6808E+01
  0.6787E+01  0.6766E+01  0.6745E+01  0.6724E+01  0.6704E+01  0.6683E+01
  0.6662E+01  0.6642E+01  0.6622E+01  0.6601E+01  0.6581E+01  0.6561E+01
  0.6541E+01  0.6521E+01  0.6501E+01  0.6482E+01  0.6462E+01  0.6443E+01
  0.6424E+01  0.6404E+01  0.6385E+01  0.6366E+01  0.6347E+01  0.6328E+01
  0.6310E+01  0.6291E+01  0.6272E+01  0.6253E+01  0.6235E+01  0.6216E+01
  0.6197E+01  0.6178E+01  0.6160E+01  0.6141E+01  0.6122E+01  0.6103E+01
  0.6083E+01  0.6064E+01  0.6045E+01  0.6025E+01  0.6006E+01  0.5986E+01
  0.5966E+01  0.5946E+01  0.5927E+01  0.5907E+01  0.5888E+01  0.5870E+01
  0.5856E+01  0.5842E+01  0.5811E+01  0.5778E+01  0.4465E+01  0.7164E+01
  0.7143E+01  0.7123E+01  0.7102E+01  0.7081E+01  0.7060E+01  0.7039E+01
  0.7018E+01  0.6997E+01  0.6976E+01  0.6955E+01  0.6934E+01  0.6913E+01
  0.6892E+01  0.6871E+01  0.6850E+01  0.6829E+01  0.6808E+01  0.6787E+01
  0.6766E+01  0.6745E+01  0.6724E+01  0.6704E+01  0.6683E+01  0.6662E+01
  0.6642E+01  0.6622E+01  0.6601E+01  0.6581E+01  0.6561E+01  0.6541E+01
  0.6521E+01  0.6501E+01  0.6482E+01  0.6462E+01  0.6443E+01  0.6424E+01
  0.6404E+01  0.6385E+01  0.6366E+01  0.6347E+01  0.6328E+01  0.6310E+01
  0.6291E+01  0.6272E+01  0.6253E+01  0.6235E+01  0.6216E+01  0.6197E+01
  0.6178E+01  0.6160E+01  0.6141E+01  0.6122E+01  0.6103E+01  0.6083E+01
  0.6064E+01  0.6045E+01  0.6025E+01  0.6006E+01  0.5986E+01  0.5966E+01
  0.5946E+01  0.5927E+01  0.5907E+01  0.5888E+01  0.5870E+01  0.5856E+01
  0.5842E+01  0.5811E+01  0.5778E+01  0.4465E+01  0.7164E+01  0.7143E+01
  0.7123E+01  0.7102E+01  0.7081E+01  0.7060E+01  0.7039E+01  0.7018E+01
  0.6997E+01  0.6976E+01  0.6955E+01  0.6934E+01  0.6913E+01  0.6892E+01
  0.6871E+01  0.6850E+01  0.6829E+01  0.6808E+01  0.6787E+01  0.6766E+01
  0.6745E+01  0.6724E+01  0.6704E+01  0.6683E+01  0.6662E+01  0.6642E+01
  0.6622E+01  0.6601E+01  0.6581E+01  0.6561E+01  0.6541E+01  0.6521E+01
  0.6501E+01  0.6482E+01  0.6462E+01  0.6443E+01  0.6424E+01  0.6404E+01
  0.6385E+01  0.6366E+01  0.6347E+01  0.6328E+01  0.6310E+01  0.6291E+01
  0.6272E+01  0.6253E+01  0.6235E+01  0.6216E+01  0.6197E+01  0.6178E+01
  0.6160E+01  0.6141E+01  0.6122E+01  0.6103E+01  0.6083E+01  0.6064E+01
  0.6045E+01  0.6025E+01  0.6006E+01  0.5986E+01  0.5966E+01  0.5946E+01
  0.5927E+01  0.5907E+01  0.5888E+01  0.5870E+01  0.5856E+01  0.5842E+01
  0.5811E+01  0.5778E+01  0.4465E+01  0.7164E+01  0.7143E+01  0.7123E+01
  0.7102E+01  0.7081E+01  0.7060E+01  0.7039E+01  0.7018E+01  0.6997E+01
  0.6976E+01  0.6955E+01  0.6934E+01  0.6913E+01  0.6892E+01  0.6871E+01
  0.6850E+01  0.6829E+01  0.6808E+01  0.6787E+01  0.6766E+01  0.6745E+01
  0.6724E+01  0.6704E+01  0.6683E+01  0.6662E+01  0.6642E+01  0.6622E+01
  0.6601E+01  0.6581E+01  0.6561E+01  0.6541E+01  0.6521E+01  0.6501E+01
  0.6482E+01  0.6462E+01  0.6443E+01  0.6424E+01  0.6404E+01  0.6385E+01
  0.6366E+01  0.6347E+01  0.6328E+01  0.6310E+01  0.6291E+01  0.6272E+01
  0.6253E+01  0.6235E+01  0.6216E+01  0.6197E+01  0.6178E+01  0.6160E+01
  0.6141E+01  0.6122E+01  0.6103E+01  0.6083E+01  0.6064E+01  0.6045E+01
  0.6025E+01  0.6006E+01  0.5986E+01  0.5966E+01  0.5946E+01  0.5927E+01
  0.5907E+01  0.5888E+01  0.5870E+01  0.5856E+01  0.5842E+01  0.5811E+01
  0.5778E+01  0.4465E+01  0.7164E+01  0.7143E+01  0.7123E+01  0.7102E+01
  0.7081E+01  0.7060E+01  0.7039E+01  0.7018E+01  0.6997E+01  0.6976E+01
  0.6955E+01  0.6934E+01  0.6913E+01  0.6892E+01  0.6871E+01  0.6850E+01
  0.6829E+01  0.6808E+01  0.6787E+01  0.6766E+01  0.6745E+01  0.6724E+01
  0.6704E+01  0.6683E+01  0.6662E+01  0.6642E+01  0.6622E+01  0.6601E+01
  0.6581E+01  0.6561E+01  0.6541E+01  0.6521E+01  0.6501E+01  0.6482E+01
  0.6462E+01  0.6443E+01  0.6424E+01  0.6404E+01  0.6385E+01  0.6366E+01
  0.6347E+01  0.6328E+01  0.6310E+01  0.6291E+01  0.6272E+01  0.6253E+01
  0.6235E+01  0.6216E+01  0.6197E+01  0.6178E+01  0.6160E+01  0.6141E+01
  0.6122E+01  0.6103E+01  0.6083E+01  0.6064E+01  0.6045E+01  0.6025E+01
  0.6006E+01  0.5986E+01  0.5966E+01  0.5946E+01  0.5927E+01  0.5907E+01
  0.5888E+01  0.5870E+01  0.5856E+01  0.5842E+01  0.5811E+01  0.5778E+01
  0.4465E+01  0.7164E+01  0.7143E+01  0.7123E+01  0.7102E+01  0.7081E+01
  0.7060E+01  0.7039E+01  0.7018E+01  0.6997E+01  0.6976E+01  0.6955E+01
  0.6934E+01  0.6913E+01  0.6892E+01  0.6871E+01  0.6850E+01  0.6829E+01
  0.6808E+01  0.6787E+01  0.6766E+01  0.6745E+01  0.6724E+01  0.6704E+01
  0.6683E+01  0.6662E+01  0.6642E+01  0.6622E+01  0.6601E+01  0.6581E+01
  0.6561E+01  0.6541E+01  0.6521E+01  0.6501E+01  0.6482E+01  0.6462E+01
  0.6443E+01  0.6424E+01  0.6404E+01  0.6385E+01  0.6366E+01  0.6347E+01
  0.6328E+01  0.6310E+01  0.6291E+01  0.6272E+01  0.6253E+01  0.6235E+01
  0.6216E+01  0.6197E+01  0.6178E+01  0.6160E+01  0.6141E+01  0.6122E+01
  0.6103E+01  0.6083E+01  0.6064E+01  0.6045E+01  0.6025E+01  0.6006E+01
  0.5986E+01  0.5966E+01  0.5946E+01  0.5927E+01  0.5907E+01  0.5888E+01
  0.5870E+01  0.5856E+01  0.5842E+01  0.5811E+01  0.5778E+01  0.4465E+01
  0.7164E+01  0.7143E+01  0.7123E+01  0.7102E+01  0.7081E+01  0.7060E+01
  0.7039E+01  0.7018E+01  0.6997E+01  0.6976E+01  0.6955E+01  0.6934E+01
  0.6913E+01  0.6892E+01  0.6871E+01  0.6850E+01  0.6829E+01  0.6808E+01
  0.6787E+01  0.6766E+01  0.6745E+01  0.6724E+01  0.6704E+01  0.6683E+01
  0.6662E+01  0.6642E+01  0.6622E+01  0.6601E+01  0.6581E+01  0.6561E+01
  0.6541E+01  0.6521E+01  0.6501E+01  0.6482E+01  0.6462E+01  0.6443E+01
  0.6424E+01  0.6404E+01  0.6385E+01  0.6366E+01  0.6347E+01  0.6328E+01
  0.6310E+01  0.6291E+01  0.6272E+01  0.6253E+01  0.6235E+01  0.6216E+01
  0.6197E+01  0.6178E+01  0.6160E+01  0.6141E+01  0.6122E+01  0.6103E+01
  0.6083E+01  0.6064E+01  0.6045E+01  0.6025E+01  0.6006E+01  0.5986E+01
  0.5966E+01  0.5946E+01  0.5927E+01  0.5907E+01  0.5888E+01  0.5870E+01
  0.5856E+01  0.5842E+01  0.5811E+01  0.5778E+01  0.4465E+01  0.7164E+01
  0.7143E+01  0.7123E+01  0.7102E+01  0.7081E+01  0.7060E+01  0.7039E+01
  0.7018E+01  0.6997E+01  0.6976E+01  0.6955E+01  0.6934E+01  0.6913E+01
  0.6892E+01  0.6871E+01  0.6850E+01  0.6829E+01  0.6808E+01  0.6787E+01
  0.6766E+01  0.6745E+01  0.6724E+01  0.6704E+01  0.6683E+01  0.6662E+01
  0.6642E+01  0.6622E+01  0.6601E+01  0.6581E+01  0.6561E+01  0.6541E+01
  0.6521E+01  0.6501E+01  0.6482E+01  0.6462E+01  0.6443E+01  0.6424E+01
  0.6404E+01  0.6385E+01  0.6366E+01  0.6347E+01  0.6328E+01  0.6310E+01
  0.6291E+01  0.6272E+01  0.6253E+01  0.6235E+01  0.6216E+01  0.6197E+01
  0.6178E+01  0.6160E+01  0.6141E+01  0.6122E+01  0.6103E+01  0.6083E+01
  0.6064E+01  0.6045E+01  0.6025E+01  0.6006E+01  0.5986E+01  0.5966E+01
  0.5946E+01  0.5927E+01  0.5907E+01  0.5888E+01  0.5870E+01  0.5856E+01
  0.5842E+01  0.5811E+01  0.5778E+01  0.4465E+01  0.7164E+01  0.7143E+01
  0.7123E+01  0.7102E+01  0.7081E+01  0.7060E+01  0.7039E+01  0.7018E+01
  0.6997E+01  0.6976E+01  0.6955E+01  0.6934E+01  0.6913E+01  0.6892E+01
  0.6871E+01  0.6850E+01  0.6829E+01  0.6808E+01  0.6787E+01  0.6766E+01
  0.6745E+01  0.6724E+01  0.6704E+01  0.6683E+01  0.6662E+01  0.6642E+01
  0.6622E+01  0.6601E+01  0.6581E+01  0.6561E+01  0.6541E+01  0.6521E+01
  0.6501E+01  0.6482E+01  0.6462E+01  0.6443E+01  0.6424E+01  0.6404E+01
  0.6385E+01  0.6366E+01  0.6347E+01  0.6328E+01  0.6310E+01  0.6291E+01
  0.6272E+01  0.6253E+01  0.6235E+01  0.6216E+01  0.6197E+01  0.6178E+01
  0.6160E+01  0.6141E+01  0.6122E+01  0.6103E+01  0.6083E+01  0.6064E+01
  0.6045E+01  0.6025E+01  0.6006E+01  0.5986E+01  0.5966E+01  0.5946E+01
  0.5927E+01  0.5907E+01  0.5888E+01  0.5870E+01  0.5856E+01  0.5842E+01
  0.5811E+01  0.5778E+01  0.4465E+01  0.7164E+01  0.7143E+01  0.7123E+01
  0.7102E+01  0.7081E+01  0.7060E+01  0.7039E+01  0.7018E+01  0.6997E+01
  0.6976E+01  0.6955E+01  0.6934E+01  0.6913E+01  0.6892E+01  0.6871E+01
  0.6850E+01  0.6829E+01  0.6808E+01  0.6787E+01  0.6766E+01  0.6745E+01
  0.6724E+01  0.6704E+01  0.6683E+01  0.6662E+01  0.6642E+01  0.6622E+01
  0.6601E+01  0.6581E+01  0.6561E+01  0.6541E+01  0.6521E+01  0.6501E+01
  0.6482E+01  0.6462E+01  0.6443E+01  0.6424E+01  0.6404E+01  0.6385E+01
  0.6366E+01  0.6347E+01  0.6328E+01  0.6310E+01  0.6291E+01  0.6272E+01
  0.6253E+01  0.6235E+01  0.6216E+01  0.6197E+01  0.6178E+01  0.6160E+01
  0.6141E+01  0.6122E+01  0.6103E+01  0.6083E+01  0.6064E+01  0.6045E+01
  0.6025E+01  0.6006E+01  0.5986E+01  0.5966E+01  0.5946E+01  0.5927E+01
  0.5907E+01  0.5888E+01  0.5870E+01  0.5856E+01  0.5842E+01  0.5811E+01
  0.5778E+01  0.4465E+01  0.7164E+01  0.7143E+01  0.7123E+01  0.7102E+01
  0.7081E+01  0.7060E+01  0.7039E+01  0.7018E+01  0.6997E+01  0.6976E+01
  0.6955E+01  0.6934E+01  0.6913E+01  0.6892E+01  0.6871E+01  0.6850E+01
  0.6829E+01  0.6808E+01  0.6787E+01  0.6766E+01  0.6745E+01  0.6724E+01
  0.6704E+01  0.6683E+01  0.6662E+01  0.6642E+01  0.6622E+01  0.6601E+01
  0.6581E+01  0.6561E+01  0.6541E+01  0.6521E+01  0.6501E+01  0.6482E+01
  0.6462E+01  0.6443E+01  0.6424E+01  0.6404E+01  0.6385E+01  0.6366E+01
  0.6347E+01  0.6328E+01  0.6310E+01  0.6291E+01  0.6272E+01  0.6253E+01
  0.6235E+01  0.6216E+01  0.6197E+01  0.6178E+01  0.6160E+01  0.6141E+01
  0.6122E+01  0.6103E+01  0.6083E+01  0.6064E+01  0.6045E+01  0.6025E+01
  0.6006E+01  0.5986E+01  0.5966E+01  0.5946E+01  0.5927E+01  0.5907E+01
  0.5888E+01  0.5870E+01  0.5856E+01  0.5842E+01  0.5811E+01  0.5778E+01
  0.4465E+01  0.7164E+01  0.7143E+01  0.7123E+01  0.7102E+01  0.7081E+01
  0.7060E+01  0.7039E+01  0.7018E+01  0.6997E+01  0.6976E+01  0.6955E+01
  0.6934E+01  0.6913E+01  0.6892E+01  0.6871E+01  0.6850E+01  0.6829E+01
  0.6808E+01  0.6787E+01  0.6766E+01  0.6745E+01  0.6724E+01  0.6704E+01
  0.6683E+01  0.6662E+01  0.6642E+01  0.6622E+01  0.6601E+01  0.6581E+01
  0.6561E+01  0.6541E+01  0.6521E+01  0.6501E+01  0.6482E+01  0.6462E+01
  0.6443E+01  0.6424E+01  0.6404E+01  0.6385E+01  0.6366E+01  0.6347E+01
  0.6328E+01  0.6310E+01  0.6291E+01  0.6272E+01  0.6253E+01  0.6235E+01
  0.6216E+01  0.6197E+01  0.6178E+01  0.6160E+01  0.6141E+01  0.6122E+01
  0.6103E+01  0.6083E+01  0.6064E+01  0.6045E+01  0.6025E+01  0.6006E+01
  0.5986E+01  0.5966E+01  0.5946E+01  0.5927E+01  0.5907E+01  0.5888E+01
  0.5870E+01  0.5856E+01  0.5842E+01  0.5811E+01  0.5778E+01  0.4465E+01
  0.7164E+01  0.7143E+01  0.7123E+01  0.7102E+01  0.7081E+01  0.7060E+01
  0.7039E+01  0.7018E+01  0.6997E+01  0.6976E+01  0.6955E+01  0.6934E+01
  0.6913E+01  0.6892E+01  0.6871E+01  0.6850E+01  0.6829E+01  0.6808E+01
  0.6787E+01  0.6766E+01  0.6745E+01  0.6724E+01  0.6704E+01  0.6683E+01
  0.6662E+01  0.6642E+01  0.6622E+01  0.6601E+01  0.6581E+01  0.6561E+01
  0.6541E+01  0.6521E+01  0.6501E+01  0.6482E+01  0.6462E+01  0.6443E+01
  0.6424E+01  0.6404E+01  0.6385E+01  0.6366E+01  0.6347E+01  0.6328E+01
  0.6310E+01  0.6291E+01  0.6272E+01  0.6253E+01  0.6235E+01  0.6216E+01
  0.6197E+01  0.6178E+01  0.6160E+01  0.6141E+01  0.6122E+01  0.6103E+01
  0.6083E+01  0.6064E+01  0.6045E+01  0.6025E+01  0.6006E+01  0.5986E+01
  0.5966E+01  0.5946E+01  0.5927E+01  0.5907E+01  0.5888E+01  0.5870E+01
  0.5856E+01  0.5842E+01  0.5811E+01  0.5778E+01  0.4465E+01  0.7164E+01
  0.7143E+01  0.7123E+01  0.7102E+01  0.7081E+01  0.7060E+01  0.7039E+01
  0.7018E+01  0.6997E+01  0.6976E+01  0.6955E+01  0.6934E+01  0.6913E+01
  0.6892E+01  0.6871E+01  0.6850E+01  0.6829E+01  0.6808E+01  0.6787E+01
  0.6766E+01  0.6745E+01  0.6724E+01  0.6704E+01  0.6683E+01  0.6662E+01
  0.6642E+01  0.6622E+01  0.6601E+01  0.6581E+01  0.6561E+01  0.6541E+01
  0.6521E+01  0.6501E+01  0.6482E+01  0.6462E+01  0.6443E+01  0.6424E+01
  0.6404E+01  0.6385E+01  0.6366E+01  0.6347E+01  0.6328E+01  0.6310E+01
  0.6291E+01  0.6272E+01  0.6253E+01  0.6235E+01  0.6216E+01  0.6197E+01
  0.6178E+01  0.6160E+01  0.6141E+01  0.6122E+01  0.6103E+01  0.6083E+01
  0.6064E+01  0.6045E+01  0.6025E+01  0.6006E+01  0.5986E+01  0.5966E+01
  0.5946E+01  0.5927E+01  0.5907E+01  0.5888E+01  0.5870E+01  0.5856E+01
  0.5842E+01  0.5811E+01  0.5778E+01  0.4465E+01  0.7164E+01  0.7143E+01
  0.7123E+01  0.7102E+01  0.7081E+01  0.7060E+01  0.7039E+01  0.7018E+01
  0.6997E+01  0.6976E+01  0.6955E+01  0.6934E+01  0.6913E+01  0.6892E+01
  0.6871E+01  0.6850E+01  0.6829E+01  0.6808E+01  0.6787E+01  0.6766E+01
  0.6745E+01  0.6724E+01  0.6704E+01  0.6683E+01  0.6662E+01  0.6642E+01
  0.6622E+01  0.6601E+01  0.6581E+01  0.6561E+01  0.6541E+01  0.6521E+01
  0.6501E+01  0.6482E+01  0.6462E+01  0.6443E+01  0.6424E+01  0.6404E+01
  0.6385E+01  0.6366E+01  0.6347E+01  0.6328E+01  0.6310E+01  0.6291E+01
  0.6272E+01  0.6253E+01  0.6235E+01  0.6216E+01  0.6197E+01  0.6178E+01
  0.6160E+01  0.6141E+01  0.6122E+01  0.6103E+01  0.6083E+01  0.6064E+01
  0.6045E+01  0.6025E+01  0.6006E+01  0.5986E+01  0.5966E+01  0.5946E+01
  0.5927E+01  0.5907E+01  0.5888E+01  0.5870E+01  0.5856E+01  0.5842E+01
  0.5811E+01  0.5778E+01  0.4465E+01  0.7164E+01  0.7143E+01  0.7123E+01
  0.7102E+01  0.7081E+01  0.7060E+01  0.7039E+01  0.7018E+01  0.6997E+01
  0.6976E+01  0.6955E+01  0.6934E+01  0.6913E+01  0.6892E+01  0.6871E+01
  0.6850E+01  0.6829E+01  0.6808E+01  0.6787E+01  0.6766E+01  0.6745E+01
  0.6724E+01  0.6704E+01  0.6683E+01  0.6662E+01  0.6642E+01  0.6622E+01
  0.6601E+01  0.6581E+01  0.6561E+01  0.6541E+01  0.6521E+01  0.6501E+01
  0.6482E+01  0.6462E+01  0.6443E+01  0.6424E+01  0.6404E+01  0.6385E+01
  0.6366E+01  0.6347E+01  0.6328E+01  0.6310E+01  0.6291E+01  0.6272E+01
  0.6253E+01  0.6235E+01  0.6216E+01  0.6197E+01  0.6178E+01  0.6160E+01
  0.6141E+01  0.6122E+01  0.6103E+01  0.6083E+01  0.6064E+01  0.6045E+01
  0.6025E+01  0.6006E+01  0.5986E+01  0.5966E+01  0.5946E+01  0.5927E+01
  0.5907E+01  0.5888E+01  0.5870E+01  0.5856E+01  0.5842E+01  0.5811E+01
  0.5778E+01  0.4465E+01  0.7164E+01  0.7143E+01  0.7123E+01  0.7102E+01
  0.7081E+01  0.7060E+01  0.7039E+01  0.7018E+01  0.6997E+01  0.6976E+01
  0.6955E+01  0.6934E+01  0.6913E+01  0.6892E+01  0.6871E+01  0.6850E+01
  0.6829E+01  0.6808E+01  0.6787E+01  0.6766E+01  0.6745E+01  0.6724E+01
  0.6704E+01  0.6683E+01  0.6662E+01  0.6642E+01  0.6622E+01  0.6601E+01
  0.6581E+01  0.6561E+01  0.6541E+01  0.6521E+01  0.6501E+01  0.6482E+01
  0.6462E+01  0.6443E+01  0.6424E+01  0.6404E+01  0.6385E+01  0.6366E+01
  0.6347E+01  0.6328E+01  0.6310E+01  0.6291E+01  0.6272E+01  0.6253E+01
  0.6235E+01  0.6216E+01  0.6197E+01  0.6178E+01  0.6160E+01  0.6141E+01
  0.6122E+01  0.6103E+01  0.6083E+01  0.6064E+01  0.6045E+01  0.6025E+01
  0.6006E+01  0.5986E+01  0.5966E+01  0.5946E+01  0.5927E+01  0.5907E+01
  0.5888E+01  0.5870E+01  0.5856E+01  0.5842E+01  0.5811E+01  0.5778E+01
  0.4465E+01  0.7164E+01  0.7143E+01  0.7123E+01  0.7102E+01  0.7081E+01
  0.7060E+01  0.7039E+01  0.7018E+01  0.6997E+01  0.6976E+01  0.6955E+01
  0.6934E+01  0.6913E+01  0.6892E+01  0.6871E+01  0.6850E+01  0.6829E+01
  0.6808E+01  0.6787E+01  0.6766E+01  0.6745E+01  0.6724E+01  0.6704E+01
  0.6683E+01  0.6662E+01  0.6642E+01  0.6622E+01  0.6601E+01  0.6581E+01
  0.6561E+01  0.6541E+01  0.6521E+01  0.6501E+01  0.6482E+01  0.6462E+01
  0.6443E+01  0.6424E+01  0.6404E+01  0.6385E+01  0.6366E+01  0.6347E+01
  0.6328E+01  0.6310E+01  0.6291E+01  0.6272E+01  0.6253E+01  0.6235E+01
  0.6216E+01  0.6197E+01  0.6178E+01  0.6160E+01  0.6141E+01  0.6122E+01
  0.6103E+01  0.6083E+01  0.6064E+01  0.6045E+01  0.6025E+01  0.6006E+01
  0.5986E+01  0.5966E+01  0.5946E+01  0.5927E+01  0.5907E+01  0.5888E+01
  0.5870E+01  0.5856E+01  0.5842E+01  0.5811E+01  0.5778E+01  0.4465E+01
  0.7164E+01  0.7143E+01  0.7123E+01  0.7102E+01  0.7081E+01  0.7060E+01
  0.7039E+01  0.7018E+01  0.6997E+01  0.6976E+01  0.6955E+01  0.6934E+01
  0.6913E+01  0.6892E+01  0.6871E+01  0.6850E+01  0.6829E+01  0.6808E+01
  0.6787E+01  0.6766E+01  0.6745E+01  0.6724E+01  0.6704E+01  0.6683E+01
  0.6662E+01  0.6642E+01  0.6622E+01  0.6601E+01  0.6581E+01  0.6561E+01
  0.6541E+01  0.6521E+01  0.6501E+01  0.6482E+01  0.6462E+01  0.6443E+01
  0.6424E+01  0.6404E+01  0.6385E+01  0.6366E+01  0.6347E+01  0.6328E+01
  0.6310E+01  0.6291E+01  0.6272E+01  0.6253E+01  0.6235E+01  0.6216E+01
  0.6197E+01  0.6178E+01  0.6160E+01  0.6141E+01  0.6122E+01  0.6103E+01
  0.6083E+01  0.6064E+01  0.6045E+01  0.6025E+01  0.6006E+01  0.5986E+01
  0.5966E+01  0.5946E+01  0.5927E+01  0.5907E+01  0.5888E+01  0.5870E+01
  0.5856E+01  0.5842E+01  0.5811E+01  0.5778E+01  0.4465E+01  0.7164E+01
  0.7143E+01  0.7123E+01  0.7102E+01  0.7081E+01  0.7060E+01  0.7039E+01
  0.7018E+01  0.6997E+01  0.6976E+01  0.6955E+01  0.6934E+01  0.6913E+01
  0.6892E+01  0.6871E+01  0.6850E+01  0.6829E+01  0.6808E+01  0.6787E+01
  0.6766E+01  0.6745E+01  0.6724E+01  0.6704E+01  0.6683E+01  0.6662E+01
  0.6642E+01  0.6622E+01  0.6601E+01  0.6581E+01  0.6561E+01  0.6541E+01
  0.6521E+01  0.6501E+01  0.6482E+01  0.6462E+01  0.6443E+01  0.6424E+01
  0.6404E+01  0.6385E+01  0.6366E+01  0.6347E+01  0.6328E+01  0.6310E+01
  0.6291E+01  0.6272E+01  0.6253E+01  0.6235E+01  0.6216E+01  0.6197E+01
  0.6178E+01  0.6160E+01  0.6141E+01  0.6122E+01  0.6103E+01  0.6083E+01
  0.6064E+01  0.6045E+01  0.6025E+01  0.6006E+01  0.5986E+01  0.5966E+01
  0.5946E+01  0.5927E+01  0.5907E+01  0.5888E+01  0.5870E+01  0.5856E+01
  0.5842E+01  0.5811E+01  0.5778E+01  0.4465E+01  0.7164E+01  0.7143E+01
  0.7123E+01  0.7102E+01  0.7081E+01  0.7060E+01  0.7039E+01  0.7018E+01
  0.6997E+01  0.6976E+01  0.6955E+01  0.6934E+01  0.6913E+01  0.6892E+01
  0.6871E+01  0.6850E+01  0.6829E+01  0.6808E+01  0.6787E+01  0.6766E+01
  0.6745E+01  0.6724E+01  0.6704E+01  0.6683E+01  0.6662E+01  0.6642E+01
  0.6622E+01  0.6601E+01  0.6581E+01  0.6561E+01  0.6541E+01  0.6521E+01
  0.6501E+01  0.6482E+01  0.6462E+01  0.6443E+01  0.6424E+01  0.6404E+01
  0.6385E+01  0.6366E+01  0.6347E+01  0.6328E+01  0.6310E+01  0.6291E+01
  0.6272E+01  0.6253E+01  0.6235E+01  0.6216E+01  0.6197E+01  0.6178E+01
  0.6160E+01  0.6141E+01  0.6122E+01  0.6103E+01  0.6083E+01  0.6064E+01
  0.6045E+01  0.6025E+01  0.6006E+01  0.5986E+01  0.5966E+01  0.5946E+01
  0.5927E+01  0.5907E+01  0.5888E+01  0.5870E+01  0.5856E+01  0.5842E+01
  0.5811E+01  0.5778E+01  0.4465E+01  0.7164E+01  0.7143E+01  0.7123E+01
  0.7102E+01  0.7081E+01  0.7060E+01  0.7039E+01  0.7018E+01  0.6997E+01
  0.6976E+01  0.6955E+01  0.6934E+01  0.6913E+01  0.6892E+01  0.6871E+01
  0.6850E+01  0.6829E+01  0.6808E+01  0.6787E+01  0.6766E+01  0.6745E+01
  0.6724E+01  0.6704E+01  0.6683E+01  0.6662E+01  0.6642E+01  0.6622E+01
  0.6601E+01  0.6581E+01  0.6561E+01  0.6541E+01  0.6521E+01  0.6501E+01
  0.6482E+01  0.6462E+01  0.6443E+01  0.6424E+01  0.6404E+01  0.6385E+01
  0.6366E+01  0.6347E+01  0.6328E+01  0.6310E+01  0.6291E+01  0.6272E+01
  0.6253E+01  0.6235E+01  0.6216E+01  0.6197E+01  0.6178E+01  0.6160E+01
  0.6141E+01  0.6122E+01  0.6103E+01  0.6083E+01  0.6064E+01  0.6045E+01
  0.6025E+01  0.6006E+01  0.5986E+01  0.5966E+01  0.5946E+01  0.5927E+01
  0.5907E+01  0.5888E+01  0.5870E+01  0.5856E+01  0.5842E+01  0.5811E+01
  0.5778E+01  0.4465E+01  0.7164E+01  0.7143E+01  0.7123E+01  0.7102E+01
  0.7081E+01  0.7060E+01  0.7039E+01  0.7018E+01  0.6997E+01  0.6976E+01
  0.6955E+01  0.6934E+01  0.6913E+01  0.6892E+01  0.6871E+01  0.6850E+01
  0.6829E+01  0.6808E+01  0.6787E+01  0.6766E+01  0.6745E+01  0.6724E+01
  0.6704E+01  0.6683E+01  0.6662E+01  0.6642E+01  0.6622E+01  0.6601E+01
  0.6581E+01  0.6561E+01  0.6541E+01  0.6521E+01  0.6501E+01  0.6482E+01
  0.6462E+01  0.6443E+01  0.6424E+01  0.6404E+01  0.6385E+01  0.6366E+01
  0.6347E+01  0.6328E+01  0.6310E+01  0.6291E+01  0.6272E+01  0.6253E+01
  0.6235E+01  0.6216E+01  0.6197E+01  0.6178E+01  0.6160E+01  0.6141E+01
  0.6122E+01  0.6103E+01  0.6083E+01  0.6064E+01  0.6045E+01  0.6025E+01
  0.6006E+01  0.5986E+01  0.5966E+01  0.5946E+01  0.5927E+01  0.5907E+01
  0.5888E+01  0.5870E+01  0.5856E+01  0.5842E+01  0.5811E+01  0.5778E+01
  0.4465E+01  0.7164E+01  0.7143E+01  0.7123E+01  0.7102E+01  0.7081E+01
  0.7060E+01  0.7039E+01  0.7018E+01  0.6997E+01  0.6976E+01  0.6955E+01
  0.6934E+01  0.6913E+01  0.6892E+01  0.6871E+01  0.6850E+01  0.6829E+01
  0.6808E+01  0.6787E+01  0.6766E+01  0.6745E+01  0.6724E+01  0.6704E+01
  0.6683E+01  0.6662E+01  0.6642E+01  0.6622E+01  0.6601E+01  0.6581E+01
  0.6561E+01  0.6541E+01  0.6521E+01  0.6501E+01  0.6482E+01  0.6462E+01
  0.6443E+01  0.6424E+01  0.6404E+01  0.6385E+01  0.6366E+01  0.6347E+01
  0.6328E+01  0.6310E+01  0.6291E+01  0.6272E+01  0.6253E+01  0.6235E+01
  0.6216E+01  0.6197E+01  0.6178E+01  0.6160E+01  0.6141E+01  0.6122E+01
  0.6103E+01  0.6083E+01  0.6064E+01  0.6045E+01  0.6025E+01  0.6006E+01
  0.5986E+01  0.5966E+01  0.5946E+01  0.5927E+01  0.5907E+01  0.5888E+01
  0.5870E+01  0.5856E+01  0.5842E+01  0.5811E+01  0.5778E+01  0.4465E+01
  0.7164E+01  0.7143E+01  0.7123E+01  0.7102E+01  0.7081E+01  0.7060E+01
  0.7039E+01  0.7018E+01  0.6997E+01  0.6976E+01  0.6955E+01  0.6934E+01
  0.6913E+01  0.6892E+01  0.6871E+01  0.6850E+01  0.6829E+01  0.6808E+01
  0.6787E+01  0.6766E+01  0.6745E+01  0.6724E+01  0.6704E+01  0.6683E+01
  0.6662E+01  0.6642E+01  0.6622E+01  0.6601E+01  0.6581E+01  0.6561E+01
  0.6541E+01  0.6521E+01  0.6501E+01  0.6482E+01  0.6462E+01  0.6443E+01
  0.6424E+01  0.6404E+01  0.6385E+01  0.6366E+01  0.6347E+01  0.6328E+01
  0.6310E+01  0.6291E+01  0.6272E+01  0.6253E+01  0.6235E+01  0.6216E+01
  0.6197E+01  0.6178E+01  0.6160E+01  0.6141E+01  0.6122E+01  0.6103E+01
  0.6083E+01  0.6064E+01  0.6045E+01  0.6025E+01  0.6006E+01  0.5986E+01
  0.5966E+01  0.5946E+01  0.5927E+01  0.5907E+01  0.5888E+01  0.5870E+01
  0.5856E+01  0.5842E+01  0.5811E+01  0.5778E+01  0.4465E+01  0.7164E+01
  0.7143E+01  0.7123E+01  0.7102E+01  0.7081E+01  0.7060E+01  0.7039E+01
  0.7018E+01  0.6997E+01  0.6976E+01  0.6955E+01  0.6934E+01  0.6913E+01
  0.6892E+01  0.6871E+01  0.6850E+01  0.6829E+01  0.6808E+01  0.6787E+01
  0.6766E+01  0.6745E+01  0.6724E+01  0.6704E+01  0.6683E+01  0.6662E+01
  0.6642E+01  0.6622E+01  0.6601E+01  0.6581E+01  0.6561E+01  0.6541E+01
  0.6521E+01  0.6501E+01  0.6482E+01  0.6462E+01  0.6443E+01  0.6424E+01
  0.6404E+01  0.6385E+01  0.6366E+01  0.6347E+01  0.6328E+01  0.6310E+01
  0.6291E+01  0.6272E+01  0.6253E+01  0.6235E+01  0.6216E+01  0.6197E+01
  0.6178E+01  0.6160E+01  0.6141E+01  0.6122E+01  0.6103E+01  0.6083E+01
  0.6064E+01  0.6045E+01  0.6025E+01  0.6006E+01  0.5986E+01  0.5966E+01
  0.5946E+01  0.5927E+01  0.5907E+01  0.5888E+01  0.5870E+01  0.5856E+01
  0.5842E+01  0.5811E+01  0.5778E+01  0.4465E+01  0.7164E+01  0.7143E+01
  0.7123E+01  0.7102E+01  0.7081E+01  0.7060E+01  0.7039E+01  0.7018E+01
  0.6997E+01  0.6976E+01  0.6955E+01  0.6934E+01  0.6913E+01  0.6892E+01
  0.6871E+01  0.6850E+01  0.6829E+01  0.6808E+01  0.6787E+01  0.6766E+01
  0.6745E+01  0.6724E+01  0.6704E+01  0.6683E+01  0.6662E+01  0.6642E+01
  0.6622E+01  0.6601E+01  0.6581E+01  0.6561E+01  0.6541E+01  0.6521E+01
  0.6501E+01  0.6482E+01  0.6462E+01  0.6443E+01  0.6424E+01  0.6404E+01
  0.6385E+01  0.6366E+01  0.6347E+01  0.6328E+01  0.6310E+01  0.6291E+01
  0.6272E+01  0.6253E+01  0.6235E+01  0.6216E+01  0.6197E+01  0.6178E+01
  0.6160E+01  0.6141E+01  0.6122E+01  0.6103E+01  0.6083E+01  0.6064E+01
  0.6045E+01  0.6025E+01  0.6006E+01  0.5986E+01  0.5966E+01  0.5946E+01
  0.5927E+01  0.5907E+01  0.5888E+01  0.5870E+01  0.5856E+01  0.5842E+01
  0.5811E+01  0.5778E+01  0.4465E+01  0.7164E+01  0.7143E+01  0.7123E+01
  0.7102E+01  0.7081E+01  0.7060E+01  0.7039E+01  0.7018E+01  0.6997E+01
  0.6976E+01  0.6955E+01  0.6934E+01  0.6913E+01  0.6892E+01  0.6871E+01
  0.6850E+01  0.6829E+01  0.6808E+01  0.6787E+01  0.6766E+01  0.6745E+01
  0.6724E+01  0.6704E+01  0.6683E+01  0.6662E+01  0.6642E+01  0.6622E+01
  0.6601E+01  0.6581E+01  0.6561E+01  0.6541E+01  0.6521E+01  0.6501E+01
  0.6482E+01  0.6462E+01  0.6443E+01  0.6424E+01  0.6404E+01  0.6385E+01
  0.6366E+01  0.6347E+01  0.6328E+01  0.6310E+01  0.6291E+01  0.6272E+01
  0.6253E+01  0.6235E+01  0.6216E+01  0.6197E+01  0.6178E+01  0.6160E+01
  0.6141E+01  0.6122E+01  0.6103E+01  0.6083E+01  0.6064E+01  0.6045E+01
  0.6025E+01  0.6006E+01  0.5986E+01  0.5966E+01  0.5946E+01  0.5927E+01
  0.5907E+01  0.5888E+01  0.5870E+01  0.5856E+01  0.5842E+01  0.5811E+01
  0.5778E+01  0.4465E+01  0.7164E+01  0.7143E+01  0.7123E+01  0.7102E+01
  0.7081E+01  0.7060E+01  0.7039E+01  0.7018E+01  0.6997E+01  0.6976E+01
  0.6955E+01  0.6934E+01  0.6913E+01  0.6892E+01  0.6871E+01  0.6850E+01
  0.6829E+01  0.6808E+01  0.6787E+01  0.6766E+01  0.6745E+01  0.6724E+01
  0.6704E+01  0.6683E+01  0.6662E+01  0.6642E+01  0.6622E+01  0.6601E+01
  0.6581E+01  0.6561E+01  0.6541E+01  0.6521E+01  0.6501E+01  0.6482E+01
  0.6462E+01  0.6443E+01  0.6424E+01  0.6404E+01  0.6385E+01  0.6366E+01
  0.6347E+01  0.6328E+01  0.6310E+01  0.6291E+01  0.6272E+01  0.6253E+01
  0.6235E+01  0.6216E+01  0.6197E+01  0.6178E+01  0.6160E+01  0.6141E+01
  0.6122E+01  0.6103E+01  0.6083E+01  0.6064E+01  0.6045E+01  0.6025E+01
  0.6006E+01  0.5986E+01  0.5966E+01  0.5946E+01  0.5927E+01  0.5907E+01
  0.5888E+01  0.5870E+01  0.5856E+01  0.5842E+01  0.5811E+01  0.5778E+01
  0.4465E+01  0.7164E+01  0.7143E+01  0.7123E+01  0.7102E+01  0.7081E+01
  0.7060E+01  0.7039E+01  0.7018E+01  0.6997E+01  0.6976E+01  0.6955E+01
  0.6934E+01  0.6913E+01  0.6892E+01  0.6871E+01  0.6850E+01  0.6829E+01
  0.6808E+01  0.6787E+01  0.6766E+01  0.6745E+01  0.6724E+01  0.6704E+01
  0.6683E+01  0.6662E+01  0.6642E+01  0.6622E+01  0.6601E+01  0.6581E+01
  0.6561E+01  0.6541E+01  0.6521E+01  0.6501E+01  0.6482E+01  0.6462E+01
  0.6443E+01  0.6424E+01  0.6404E+01  0.6385E+01  0.6366E+01  0.6347E+01
  0.6328E+01  0.6310E+01  0.6291E+01  0.6272E+01  0.6253E+01  0.6235E+01
  0.6216E+01  0.6197E+01  0.6178E+01  0.6160E+01  0.6141E+01  0.6122E+01
  0.6103E+01  0.6083E+01  0.6064E+01  0.6045E+01  0.6025E+01  0.6006E+01
  0.5986E+01  0.5966E+01  0.5946E+01  0.5927E+01  0.5907E+01  0.5888E+01
  0.5870E+01  0.5856E+01  0.5842E+01  0.5811E+01  0.5778E+01  0.4465E+01
  0.7164E+01  0.7143E+01  0.7123E+01  0.7102E+01  0.7081E+01  0.7060E+01
  0.7039E+01  0.7018E+01  0.6997E+01  0.6976E+01  0.6955E+01  0.6934E+01
  0.6913E+01  0.6892E+01  0.6871E+01  0.6850E+01  0.6829E+01  0.6808E+01
  0.6787E+01  0.6766E+01  0.6745E+01  0.6724E+01  0.6704E+01  0.6683E+01
  0.6662E+01  0.6642E+01  0.6622E+01  0.6601E+01  0.6581E+01  0.6561E+01
  0.6541E+01  0.6521E+01  0.6501E+01  0.6482E+01  0.6462E+01  0.6443E+01
  0.6424E+01  0.6404E+01  0.6385E+01  0.6366E+01  0.6347E+01  0.6328E+01
  0.6310E+01  0.6291E+01  0.6272E+01  0.6253E+01  0.6235E+01  0.6216E+01
  0.6197E+01  0.6178E+01  0.6160E+01  0.6141E+01  0.6122E+01  0.6103E+01
  0.6083E+01  0.6064E+01  0.6045E+01  0.6025E+01  0.6006E+01  0.5986E+01
  0.5966E+01  0.5946E+01  0.5927E+01  0.5907E+01  0.5888E+01  0.5870E+01
  0.5856E+01  0.5842E+01  0.5811E+01  0.5778E+01  0.4465E+01  0.7164E+01
  0.7143E+01  0.7123E+01  0.7102E+01  0.7081E+01  0.7060E+01  0.7039E+01
  0.7018E+01  0.6997E+01  0.6976E+01  0.6955E+01  0.6934E+01  0.6913E+01
  0.6892E+01  0.6871E+01  0.6850E+01  0.6829E+01  0.6808E+01  0.6787E+01
  0.6766E+01  0.6745E+01  0.6724E+01  0.6704E+01  0.6683E+01  0.6662E+01
  0.6642E+01  0.6622E+01  0.6601E+01  0.6581E+01  0.6561E+01  0.6541E+01
  0.6521E+01  0.6501E+01  0.6482E+01  0.6462E+01  0.6443E+01  0.6424E+01
  0.6404E+01  0.6385E+01  0.6366E+01  0.6347E+01  0.6328E+01  0.6310E+01
  0.6291E+01  0.6272E+01  0.6253E+01  0.6235E+01  0.6216E+01  0.6197E+01
  0.6178E+01  0.6160E+01  0.6141E+01  0.6122E+01  0.6103E+01  0.6083E+01
  0.6064E+01  0.6045E+01  0.6025E+01  0.6006E+01  0.5986E+01  0.5966E+01
  0.5946E+01  0.5927E+01  0.5907E+01  0.5888E+01  0.5870E+01  0.5856E+01
  0.5842E+01  0.5811E+01  0.5778E+01  0.4465E+01  0.7164E+01  0.7143E+01
  0.7123E+01  0.7102E+01  0.7081E+01  0.7060E+01  0.7039E+01  0.7018E+01
  0.6997E+01  0.6976E+01  0.6955E+01  0.6934E+01  0.6913E+01  0.6892E+01
  0.6871E+01  0.6850E+01  0.6829E+01  0.6808E+01  0.6787E+01  0.6766E+01
  0.6745E+01  0.6724E+01  0.6704E+01  0.6683E+01  0.6662E+01  0.6642E+01
  0.6622E+01  0.6601E+01  0.6581E+01  0.6561E+01  0.6541E+01  0.6521E+01
  0.6501E+01  0.6482E+01  0.6462E+01  0.6443E+01  0.6424E+01  0.6404E+01
  0.6385E+01  0.6366E+01  0.6347E+01  0.6328E+01  0.6310E+01  0.6291E+01
  0.6272E+01  0.6253E+01  0.6235E+01  0.6216E+01  0.6197E+01  0.6178E+01
  0.6160E+01  0.6141E+01  0.6122E+01  0.6103E+01  0.6083E+01  0.6064E+01
  0.6045E+01  0.6025E+01  0.6006E+01  0.5986E+01  0.5966E+01  0.5946E+01
  0.5927E+01  0.5907E+01  0.5888E+01  0.5870E+01  0.5856E+01  0.5842E+01
  0.5811E+01  0.5778E+01  0.4465E+01  0.7164E+01  0.7143E+01  0.7123E+01
  0.7102E+01  0.7081E+01  0.7060E+01  0.7039E+01  0.7018E+01  0.6997E+01
  0.6976E+01  0.6955E+01  0.6934E+01  0.6913E+01  0.6892E+01  0.6871E+01
  0.6850E+01  0.6829E+01  0.6808E+01  0.6787E+01  0.6766E+01  0.6745E+01
  0.6724E+01  0.6704E+01  0.6683E+01  0.6662E+01  0.6642E+01  0.6622E+01
  0.6601E+01  0.6581E+01  0.6561E+01  0.6541E+01  0.6521E+01  0.6501E+01
  0.6482E+01  0.6462E+01  0.6443E+01  0.6424E+01  0.6404E+01  0.6385E+01
  0.6366E+01  0.6347E+01  0.6328E+01  0.6310E+01  0.6291E+01  0.6272E+01
  0.6253E+01  0.6235E+01  0.6216E+01  0.6197E+01  0.6178E+01  0.6160E+01
  0.6141E+01  0.6122E+01  0.6103E+01  0.6083E+01  0.6064E+01  0.6045E+01
  0.6025E+01  0.6006E+01  0.5986E+01  0.5966E+01  0.5946E+01  0.5927E+01
  0.5907E+01  0.5888E+01  0.5870E+01  0.5856E+01  0.5842E+01  0.5811E+01
  0.5778E+01  0.4465E+01  0.7164E+01  0.7143E+01  0.7123E+01  0.7102E+01
  0.7081E+01  0.7060E+01  0.7039E+01  0.7018E+01  0.6997E+01  0.6976E+01
  0.6955E+01  0.6934E+01  0.6913E+01  0.6892E+01  0.6871E+01  0.6850E+01
  0.6829E+01  0.6808E+01  0.6787E+01  0.6766E+01  0.6745E+01  0.6724E+01
  0.6704E+01  0.6683E+01  0.6662E+01  0.6642E+01  0.6622E+01  0.6601E+01
  0.6581E+01  0.6561E+01  0.6541E+01  0.6521E+01  0.6501E+01  0.6482E+01
  0.6462E+01  0.6443E+01  0.6424E+01  0.6404E+01  0.6385E+01  0.6366E+01
  0.6347E+01  0.6328E+01  0.6310E+01  0.6291E+01  0.6272E+01  0.6253E+01
  0.6235E+01  0.6216E+01  0.6197E+01  0.6178E+01  0.6160E+01  0.6141E+01
  0.6122E+01  0.6103E+01  0.6083E+01  0.6064E+01  0.6045E+01  0.6025E+01
  0.6006E+01  0.5986E+01  0.5966E+01  0.5946E+01  0.5927E+01  0.5907E+01
  0.5888E+01  0.5870E+01  0.5856E+01  0.5842E+01  0.5811E+01  0.5778E+01
  0.4465E+01  0.7164E+01  0.7143E+01  0.7123E+01  0.7102E+01  0.7081E+01
  0.7060E+01  0.7039E+01  0.7018E+01  0.6997E+01  0.6976E+01  0.6955E+01
  0.6934E+01  0.6913E+01  0.6892E+01  0.6871E+01  0.6850E+01  0.6829E+01
  0.6808E+01  0.6787E+01  0.6766E+01  0.6745E+01  0.6724E+01  0.6704E+01
  0.6683E+01  0.6662E+01  0.6642E+01  0.6622E+01  0.6601E+01  0.6581E+01
  0.6561E+01  0.6541E+01  0.6521E+01  0.6501E+01  0.6482E+01  0.6462E+01
  0.6443E+01  0.6424E+01  0.6404E+01  0.6385E+01  0.6366E+01  0.6347E+01
  0.6328E+01  0.6310E+01  0.6291E+01  0.6272E+01  0.6253E+01  0.6235E+01
  0.6216E+01  0.6197E+01  0.6178E+01  0.6160E+01  0.6141E+01  0.6122E+01
  0.6103E+01  0.6083E+01  0.6064E+01  0.6045E+01  0.6025E+01  0.6006E+01
  0.5986E+01  0.5966E+01  0.5946E+01  0.5927E+01  0.5907E+01  0.5888E+01
  0.5870E+01  0.5856E+01  0.5842E+01  0.5811E+01  0.5778E+01  0.4465E+01
  0.7164E+01  0.7143E+01  0.7123E+01  0.7102E+01  0.7081E+01  0.7060E+01
  0.7039E+01  0.7018E+01  0.6997E+01  0.6976E+01  0.6955E+01  0.6934E+01
  0.6913E+01  0.6892E+01  0.6871E+01  0.6850E+01  0.6829E+01  0.6808E+01
  0.6787E+01  0.6766E+01  0.6745E+01  0.6724E+01  0.6704E+01  0.6683E+01
  0.6662E+01  0.6642E+01  0.6622E+01  0.6601E+01  0.6581E+01  0.6561E+01
  0.6541E+01  0.6521E+01  0.6501E+01  0.6482E+01  0.6462E+01  0.6443E+01
  0.6424E+01  0.6404E+01  0.6385E+01  0.6366E+01  0.6347E+01  0.6328E+01
  0.6310E+01  0.6291E+01  0.6272E+01  0.6253E+01  0.6235E+01  0.6216E+01
  0.6197E+01  0.6178E+01  0.6160E+01  0.6141E+01  0.6122E+01  0.6103E+01
  0.6083E+01  0.6064E+01  0.6045E+01  0.6025E+01  0.6006E+01  0.5986E+01
  0.5966E+01  0.5946E+01  0.5927E+01  0.5907E+01  0.5888E+01  0.5870E+01
  0.5856E+01  0.5842E+01  0.5811E+01  0.5778E+01  0.4465E+01  0.7164E+01
  0.7143E+01  0.7123E+01  0.7102E+01  0.7081E+01  0.7060E+01  0.7039E+01
  0.7018E+01  0.6997E+01  0.6976E+01  0.6955E+01  0.6934E+01  0.6913E+01
  0.6892E+01  0.6871E+01  0.6850E+01  0.6829E+01  0.6808E+01  0.6787E+01
  0.6766E+01  0.6745E+01  0.6724E+01  0.6704E+01  0.6683E+01  0.6662E+01
  0.6642E+01  0.6622E+01  0.6601E+01  0.6581E+01  0.6561E+01  0.6541E+01
  0.6521E+01  0.6501E+01  0.6482E+01  0.6462E+01  0.6443E+01  0.6424E+01
  0.6404E+01  0.6385E+01  0.6366E+01  0.6347E+01  0.6328E+01  0.6310E+01
  0.6291E+01  0.6272E+01  0.6253E+01  0.6235E+01  0.6216E+01  0.6197E+01
  0.6178E+01  0.6160E+01  0.6141E+01  0.6122E+01  0.6103E+01  0.6083E+01
  0.6064E+01  0.6045E+01  0.6025E+01  0.6006E+01  0.5986E+01  0.5966E+01
  0.5946E+01  0.5927E+01  0.5907E+01  0.5888E+01  0.5870E+01  0.5856E+01
  0.5842E+01  0.5811E+01  0.5778E+01  0.4465E+01  0.7164E+01  0.7143E+01
  0.7123E+01  0.7102E+01  0.7081E+01  0.7060E+01  0.7039E+01  0.7018E+01
  0.6997E+01  0.6976E+01  0.6955E+01  0.6934E+01  0.6913E+01  0.6892E+01
  0.6871E+01  0.6850E+01  0.6829E+01  0.6808E+01  0.6787E+01  0.6766E+01
  0.6745E+01  0.6724E+01  0.6704E+01  0.6683E+01  0.6662E+01  0.6642E+01
  0.6622E+01  0.6601E+01  0.6581E+01  0.6561E+01  0.6541E+01  0.6521E+01
  0.6501E+01  0.6482E+01  0.6462E+01  0.6443E+01  0.6424E+01  0.6404E+01
  0.6385E+01  0.6366E+01  0.6347E+01  0.6328E+01  0.6310E+01  0.6291E+01
  0.6272E+01  0.6253E+01  0.6235E+01  0.6216E+01  0.6197E+01  0.6178E+01
  0.6160E+01  0.6141E+01  0.6122E+01  0.6103E+01  0.6083E+01  0.6064E+01
  0.6045E+01  0.6025E+01  0.6006E+01  0.5986E+01  0.5966E+01  0.5946E+01
  0.5927E+01  0.5907E+01  0.5888E+01  0.5870E+01  0.5856E+01  0.5842E+01
  0.5811E+01  0.5778E+01  0.4465E+01  0.7164E+01  0.7143E+01  0.7123E+01
  0.7102E+01  0.7081E+01  0.7060E+01  0.7039E+01  0.7018E+01  0.6997E+01
  0.6976E+01  0.6955E+01  0.6934E+01  0.6913E+01  0.6892E+01  0.6871E+01
  0.6850E+01  0.6829E+01  0.6808E+01  0.6787E+01  0.6766E+01  0.6745E+01
  0.6724E+01  0.6704E+01  0.6683E+01  0.6662E+01  0.6642E+01  0.6622E+01
  0.6601E+01  0.6581E+01  0.6561E+01  0.6541E+01  0.6521E+01  0.6501E+01
  0.6482E+01  0.6462E+01  0.6443E+01  0.6424E+01  0.6404E+01  0.6385E+01
  0.6366E+01  0.6347E+01  0.6328E+01  0.6310E+01  0.6291E+01  0.6272E+01
  0.6253E+01  0.6235E+01  0.6216E+01  0.6197E+01  0.6178E+01  0.6160E+01
  0.6141E+01  0.6122E+01  0.6103E+01  0.6083E+01  0.6064E+01  0.6045E+01
  0.6025E+01  0.6006E+01  0.5986E+01  0.5966E+01  0.5946E+01  0.5927E+01
  0.5907E+01  0.5888E+01  0.5870E+01  0.5856E+01  0.5842E+01  0.5811E+01
  0.5778E+01  0.4465E+01  0.7164E+01  0.7143E+01  0.7123E+01  0.7102E+01
  0.7081E+01  0.7060E+01  0.7039E+01  0.7018E+01  0.6997E+01  0.6976E+01
  0.6955E+01  0.6934E+01  0.6913E+01  0.6892E+01  0.6871E+01  0.6850E+01
  0.6829E+01  0.6808E+01  0.6787E+01  0.6766E+01  0.6745E+01  0.6724E+01
  0.6704E+01  0.6683E+01  0.6662E+01  0.6642E+01  0.6622E+01  0.6601E+01
  0.6581E+01  0.6561E+01  0.6541E+01  0.6521E+01  0.6501E+01  0.6482E+01
  0.6462E+01  0.6443E+01  0.6424E+01  0.6404E+01  0.6385E+01  0.6366E+01
  0.6347E+01  0.6328E+01  0.6310E+01  0.6291E+01  0.6272E+01  0.6253E+01
  0.6235E+01  0.6216E+01  0.6197E+01  0.6178E+01  0.6160E+01  0.6141E+01
  0.6122E+01  0.6103E+01  0.6083E+01  0.6064E+01  0.6045E+01  0.6025E+01
  0.6006E+01  0.5986E+01  0.5966E+01  0.5946E+01  0.5927E+01  0.5907E+01
  0.5888E+01  0.5870E+01  0.5856E+01  0.5842E+01  0.5811E+01  0.5778E+01
  0.4465E+01  0.7164E+01  0.7143E+01  0.7123E+01  0.7102E+01  0.7081E+01
  0.7060E+01  0.7039E+01  0.7018E+01  0.6997E+01  0.6976E+01  0.6955E+01
  0.6934E+01  0.6913E+01  0.6892E+01  0.6871E+01  0.6850E+01  0.6829E+01
  0.6808E+01  0.6787E+01  0.6766E+01  0.6745E+01  0.6724E+01  0.6704E+01
  0.6683E+01  0.6662E+01  0.6642E+01  0.6622E+01  0.6601E+01  0.6581E+01
  0.6561E+01  0.6541E+01  0.6521E+01  0.6501E+01  0.6482E+01  0.6462E+01
  0.6443E+01  0.6424E+01  0.6404E+01  0.6385E+01  0.6366E+01  0.6347E+01
  0.6328E+01  0.6310E+01  0.6291E+01  0.6272E+01  0.6253E+01  0.6235E+01
  0.6216E+01  0.6197E+01  0.6178E+01  0.6160E+01  0.6141E+01  0.6122E+01
  0.6103E+01  0.6083E+01  0.6064E+01  0.6045E+01  0.6025E+01  0.6006E+01
  0.5986E+01  0.5966E+01  0.5946E+01  0.5927E+01  0.5907E+01  0.5888E+01
  0.5870E+01  0.5856E+01  0.5842E+01  0.5811E+01  0.5778E+01  0.4465E+01
  0.7164E+01  0.7143E+01  0.7123E+01  0.7102E+01  0.7081E+01  0.7060E+01
  0.7039E+01  0.7018E+01  0.6997E+01  0.6976E+01  0.6955E+01  0.6934E+01
  0.6913E+01  0.6892E+01  0.6871E+01  0.6850E+01  0.6829E+01  0.6808E+01
  0.6787E+01  0.6766E+01  0.6745E+01  0.6724E+01  0.6704E+01  0.6683E+01
  0.6662E+01  0.6642E+01  0.6622E+01  0.6601E+01  0.6581E+01  0.6561E+01
  0.6541E+01  0.6521E+01  0.6501E+01  0.6482E+01  0.6462E+01  0.6443E+01
  0.6424E+01  0.6404E+01  0.6385E+01  0.6366E+01  0.6347E+01  0.6328E+01
  0.6310E+01  0.6291E+01  0.6272E+01  0.6253E+01  0.6235E+01  0.6216E+01
  0.6197E+01  0.6178E+01  0.6160E+01  0.6141E+01  0.6122E+01  0.6103E+01
  0.6083E+01  0.6064E+01  0.6045E+01  0.6025E+01  0.6006E+01  0.5986E+01
  0.5966E+01  0.5946E+01  0.5927E+01  0.5907E+01  0.5888E+01  0.5870E+01
  0.5856E+01  0.5842E+01  0.5811E+01  0.5778E+01  0.4465E+01  0.7164E+01
  0.7143E+01  0.7123E+01  0.7102E+01  0.7081E+01  0.7060E+01  0.7039E+01
  0.7018E+01  0.6997E+01  0.6976E+01  0.6955E+01  0.6934E+01  0.6913E+01
  0.6892E+01  0.6871E+01  0.6850E+01  0.6829E+01  0.6808E+01  0.6787E+01
  0.6766E+01  0.6745E+01  0.6724E+01  0.6704E+01  0.6683E+01  0.6662E+01
  0.6642E+01  0.6622E+01  0.6601E+01  0.6581E+01  0.6561E+01  0.6541E+01
  0.6521E+01  0.6501E+01  0.6482E+01  0.6462E+01  0.6443E+01  0.6424E+01
  0.6404E+01  0.6385E+01  0.6366E+01  0.6347E+01  0.6328E+01  0.6310E+01
  0.6291E+01  0.6272E+01  0.6253E+01  0.6235E+01  0.6216E+01  0.6197E+01
  0.6178E+01  0.6160E+01  0.6141E+01  0.6122E+01  0.6103E+01  0.6083E+01
  0.6064E+01  0.6045E+01  0.6025E+01  0.6006E+01  0.5986E+01  0.5966E+01
  0.5946E+01  0.5927E+01  0.5907E+01  0.5888E+01  0.5870E+01  0.5856E+01
  0.5842E+01  0.5811E+01  0.5778E+01  0.4465E+01  0.7164E+01  0.7143E+01
  0.7123E+01  0.7102E+01  0.7081E+01  0.7060E+01  0.7039E+01  0.7018E+01
  0.6997E+01  0.6976E+01  0.6955E+01  0.6934E+01  0.6913E+01  0.6892E+01
  0.6871E+01  0.6850E+01  0.6829E+01  0.6808E+01  0.6787E+01  0.6766E+01
  0.6745E+01  0.6724E+01  0.6704E+01  0.6683E+01  0.6662E+01  0.6642E+01
  0.6622E+01  0.6601E+01  0.6581E+01  0.6561E+01  0.6541E+01  0.6521E+01
  0.6501E+01  0.6482E+01  0.6462E+01  0.6443E+01  0.6424E+01  0.6404E+01
  0.6385E+01  0.6366E+01  0.6347E+01  0.6328E+01  0.6310E+01  0.6291E+01
  0.6272E+01  0.6253E+01  0.6235E+01  0.6216E+01  0.6197E+01  0.6178E+01
  0.6160E+01  0.6141E+01  0.6122E+01  0.6103E+01  0.6083E+01  0.6064E+01
  0.6045E+01  0.6025E+01  0.6006E+01  0.5986E+01  0.5966E+01  0.5946E+01
  0.5927E+01  0.5907E+01  0.5888E+01  0.5870E+01  0.5856E+01  0.5842E+01
  0.5811E+01  0.5778E+01  0.4465E+01  0.7164E+01  0.7143E+01  0.7123E+01
  0.7102E+01  0.7081E+01  0.7060E+01  0.7039E+01  0.7018E+01  0.6997E+01
  0.6976E+01  0.6955E+01  0.6934E+01  0.6913E+01  0.6892E+01  0.6871E+01
  0.6850E+01  0.6829E+01  0.6808E+01  0.6787E+01  0.6766E+01  0.6745E+01
  0.6724E+01  0.6704E+01  0.6683E+01  0.6662E+01  0.6642E+01  0.6622E+01
  0.6601E+01  0.6581E+01  0.6561E+01  0.6541E+01  0.6521E+01  0.6501E+01
  0.6482E+01  0.6462E+01  0.6443E+01  0.6424E+01  0.6404E+01  0.6385E+01
  0.6366E+01  0.6347E+01  0.6328E+01  0.6310E+01  0.6291E+01  0.6272E+01
  0.6253E+01  0.6235E+01  0.6216E+01  0.6197E+01  0.6178E+01  0.6160E+01
  0.6141E+01  0.6122E+01  0.6103E+01  0.6083E+01  0.6064E+01  0.6045E+01
  0.6025E+01  0.6006E+01  0.5986E+01  0.5966E+01  0.5946E+01  0.5927E+01
  0.5907E+01  0.5888E+01  0.5870E+01  0.5856E+01  0.5842E+01  0.5811E+01
  0.5778E+01  0.4465E+01  0.7164E+01  0.7143E+01  0.7123E+01  0.7102E+01
  0.7081E+01  0.7060E+01  0.7039E+01  0.7018E+01  0.6997E+01  0.6976E+01
  0.6955E+01  0.6934E+01  0.6913E+01  0.6892E+01  0.6871E+01  0.6850E+01
  0.6829E+01  0.6808E+01  0.6787E+01  0.6766E+01  0.6745E+01  0.6724E+01
  0.6704E+01  0.6683E+01  0.6662E+01  0.6642E+01  0.6622E+01  0.6601E+01
  0.6581E+01  0.6561E+01  0.6541E+01  0.6521E+01  0.6501E+01  0.6482E+01
  0.6462E+01  0.6443E+01  0.6424E+01  0.6404E+01  0.6385E+01  0.6366E+01
  0.6347E+01  0.6328E+01  0.6310E+01  0.6291E+01  0.6272E+01  0.6253E+01
  0.6235E+01  0.6216E+01  0.6197E+01  0.6178E+01  0.6160E+01  0.6141E+01
  0.6122E+01  0.6103E+01  0.6083E+01  0.6064E+01  0.6045E+01  0.6025E+01
  0.6006E+01  0.5986E+01  0.5966E+01  0.5946E+01  0.5927E+01  0.5907E+01
  0.5888E+01  0.5870E+01  0.5856E+01  0.5842E+01  0.5811E+01  0.5778E+01
  0.4465E+01  0.7164E+01  0.7143E+01  0.7123E+01  0.7102E+01  0.7081E+01
  0.7060E+01  0.7039E+01  0.7018E+01  0.6997E+01  0.6976E+01  0.6955E+01
  0.6934E+01  0.6913E+01  0.6892E+01  0.6871E+01  0.6850E+01  0.6829E+01
  0.6808E+01  0.6787E+01  0.6766E+01  0.6745E+01  0.6724E+01  0.6704E+01
  0.6683E+01  0.6662E+01  0.6642E+01  0.6622E+01  0.6601E+01  0.6581E+01
  0.6561E+01  0.6541E+01  0.6521E+01  0.6501E+01  0.6482E+01  0.6462E+01
  0.6443E+01  0.6424E+01  0.6404E+01  0.6385E+01  0.6366E+01  0.6347E+01
  0.6328E+01  0.6310E+01  0.6291E+01  0.6272E+01  0.6253E+01  0.6235E+01
  0.6216E+01  0.6197E+01  0.6178E+01  0.6160E+01  0.6141E+01  0.6122E+01
  0.6103E+01  0.6083E+01  0.6064E+01  0.6045E+01  0.6025E+01  0.6006E+01
  0.5986E+01  0.5966E+01  0.5946E+01  0.5927E+01  0.5907E+01  0.5888E+01
  0.5870E+01  0.5856E+01  0.5842E+01  0.5811E+01  0.5778E+01  0.4465E+01
  0.7164E+01  0.7143E+01  0.7123E+01  0.7102E+01  0.7081E+01  0.7060E+01
  0.7039E+01  0.7018E+01  0.6997E+01  0.6976E+01  0.6955E+01  0.6934E+01
  0.6913E+01  0.6892E+01  0.6871E+01  0.6850E+01  0.6829E+01  0.6808E+01
  0.6787E+01  0.6766E+01  0.6745E+01  0.6724E+01  0.6704E+01  0.6683E+01
  0.6662E+01  0.6642E+01  0.6622E+01  0.6601E+01  0.6581E+01  0.6561E+01
  0.6541E+01  0.6521E+01  0.6501E+01  0.6482E+01  0.6462E+01  0.6443E+01
  0.6424E+01  0.6404E+01  0.6385E+01  0.6366E+01  0.6347E+01  0.6328E+01
  0.6310E+01  0.6291E+01  0.6272E+01  0.6253E+01  0.6235E+01  0.6216E+01
  0.6197E+01  0.6178E+01  0.6160E+01  0.6141E+01  0.6122E+01  0.6103E+01
  0.6083E+01  0.6064E+01  0.6045E+01  0.6025E+01  0.6006E+01  0.5986E+01
  0.5966E+01  0.5946E+01  0.5927E+01  0.5907E+01  0.5888E+01  0.5870E+01
  0.5856E+01  0.5842E+01  0.5811E+01  0.5778E+01  0.4465E+01  0.7164E+01
  0.7143E+01  0.7123E+01  0.7102E+01  0.7081E+01  0.7060E+01  0.7039E+01
  0.7018E+01  0.6997E+01  0.6976E+01  0.6955E+01  0.6934E+01  0.6913E+01
  0.6892E+01  0.6871E+01  0.6850E+01  0.6829E+01  0.6808E+01  0.6787E+01
  0.6766E+01  0.6745E+01  0.6724E+01  0.6704E+01  0.6683E+01  0.6662E+01
  0.6642E+01  0.6622E+01  0.6601E+01  0.6581E+01  0.6561E+01  0.6541E+01
  0.6521E+01  0.6501E+01  0.6482E+01  0.6462E+01  0.6443E+01  0.6424E+01
  0.6404E+01  0.6385E+01  0.6366E+01  0.6347E+01  0.6328E+01  0.6310E+01
  0.6291E+01  0.6272E+01  0.6253E+01  0.6235E+01  0.6216E+01  0.6197E+01
  0.6178E+01  0.6160E+01  0.6141E+01  0.6122E+01  0.6103E+01  0.6083E+01
  0.6064E+01  0.6045E+01  0.6025E+01  0.6006E+01  0.5986E+01  0.5966E+01
  0.5946E+01  0.5927E+01  0.5907E+01  0.5888E+01  0.5870E+01  0.5856E+01
  0.5842E+01  0.5811E+01  0.5778E+01  0.4465E+01  0.7164E+01  0.7143E+01
  0.7123E+01  0.7102E+01  0.7081E+01  0.7060E+01  0.7039E+01  0.7018E+01
  0.6997E+01  0.6976E+01  0.6955E+01  0.6934E+01  0.6913E+01  0.6892E+01
  0.6871E+01  0.6850E+01  0.6829E+01  0.6808E+01  0.6787E+01  0.6766E+01
  0.6745E+01  0.6724E+01  0.6704E+01  0.6683E+01  0.6662E+01  0.6642E+01
  0.6622E+01  0.6601E+01  0.6581E+01  0.6561E+01  0.6541E+01  0.6521E+01
  0.6501E+01  0.6482E+01  0.6462E+01  0.6443E+01  0.6424E+01  0.6404E+01
  0.6385E+01  0.6366E+01  0.6347E+01  0.6328E+01  0.6310E+01  0.6291E+01
  0.6272E+01  0.6253E+01  0.6235E+01  0.6216E+01  0.6197E+01  0.6178E+01
  0.6160E+01  0.6141E+01  0.6122E+01  0.6103E+01  0.6083E+01  0.6064E+01
  0.6045E+01  0.6025E+01  0.6006E+01  0.5986E+01  0.5966E+01  0.5946E+01
  0.5927E+01  0.5907E+01  0.5888E+01  0.5870E+01  0.5856E+01  0.5842E+01
  0.5811E+01  0.5778E+01  0.4465E+01  0.7164E+01  0.7143E+01  0.7123E+01
  0.7102E+01  0.7081E+01  0.7060E+01  0.7039E+01  0.7018E+01  0.6997E+01
  0.6976E+01  0.6955E+01  0.6934E+01  0.6913E+01  0.6892E+01  0.6871E+01
  0.6850E+01  0.6829E+01  0.6808E+01  0.6787E+01  0.6766E+01  0.6745E+01
  0.6724E+01  0.6704E+01  0.6683E+01  0.6662E+01  0.6642E+01  0.6622E+01
  0.6601E+01  0.6581E+01  0.6561E+01  0.6541E+01  0.6521E+01  0.6501E+01
  0.6482E+01  0.6462E+01  0.6443E+01  0.6424E+01  0.6404E+01  0.6385E+01
  0.6366E+01  0.6347E+01  0.6328E+01  0.6310E+01  0.6291E+01  0.6272E+01
  0.6253E+01  0.6235E+01  0.6216E+01  0.6197E+01  0.6178E+01  0.6160E+01
  0.6141E+01  0.6122E+01  0.6103E+01  0.6083E+01  0.6064E+01  0.6045E+01
  0.6025E+01  0.6006E+01  0.5986E+01  0.5966E+01  0.5946E+01  0.5927E+01
  0.5907E+01  0.5888E+01  0.5870E+01  0.5856E+01  0.5842E+01  0.5811E+01
  0.5778E+01  0.4465E+01  0.7164E+01  0.7143E+01  0.7123E+01  0.7102E+01
  0.7081E+01  0.7060E+01  0.7039E+01  0.7018E+01  0.6997E+01  0.6976E+01
  0.6955E+01  0.6934E+01  0.6913E+01  0.6892E+01  0.6871E+01  0.6850E+01
  0.6829E+01  0.6808E+01  0.6787E+01  0.6766E+01  0.6745E+01  0.6724E+01
  0.6704E+01  0.6683E+01  0.6662E+01  0.6642E+01  0.6622E+01  0.6601E+01
  0.6581E+01  0.6561E+01  0.6541E+01  0.6521E+01  0.6501E+01  0.6482E+01
  0.6462E+01  0.6443E+01  0.6424E+01  0.6404E+01  0.6385E+01  0.6366E+01
  0.6347E+01  0.6328E+01  0.6310E+01  0.6291E+01  0.6272E+01  0.6253E+01
  0.6235E+01  0.6216E+01  0.6197E+01  0.6178E+01  0.6160E+01  0.6141E+01
  0.6122E+01  0.6103E+01  0.6083E+01  0.6064E+01  0.6045E+01  0.6025E+01
  0.6006E+01  0.5986E+01  0.5966E+01  0.5946E+01  0.5927E+01  0.5907E+01
  0.5888E+01  0.5870E+01  0.5856E+01  0.5842E+01  0.5811E+01  0.5778E+01
  0.4465E+01  0.7164E+01  0.7143E+01  0.7123E+01  0.7102E+01  0.7081E+01
  0.7060E+01  0.7039E+01  0.7018E+01  0.6997E+01  0.6976E+01  0.6955E+01
  0.6934E+01  0.6913E+01  0.6892E+01  0.6871E+01  0.6850E+01  0.6829E+01
  0.6808E+01  0.6787E+01  0.6766E+01  0.6745E+01  0.6724E+01  0.6704E+01
  0.6683E+01  0.6662E+01  0.6642E+01  0.6622E+01  0.6601E+01  0.6581E+01
  0.6561E+01  0.6541E+01  0.6521E+01  0.6501E+01  0.6482E+01  0.6462E+01
  0.6443E+01  0.6424E+01  0.6404E+01  0.6385E+01  0.6366E+01  0.6347E+01
  0.6328E+01  0.6310E+01  0.6291E+01  0.6272E+01  0.6253E+01  0.6235E+01
  0.6216E+01  0.6197E+01  0.6178E+01  0.6160E+01  0.6141E+01  0.6122E+01
  0.6103E+01  0.6083E+01  0.6064E+01  0.6045E+01  0.6025E+01  0.6006E+01
  0.5986E+01  0.5966E+01  0.5946E+01  0.5927E+01  0.5907E+01  0.5888E+01
  0.5870E+01  0.5856E+01  0.5842E+01  0.5811E+01  0.5778E+01  0.4465E+01
  0.7164E+01  0.7143E+01  0.7123E+01  0.7102E+01  0.7081E+01  0.7060E+01
  0.7039E+01  0.7018E+01  0.6997E+01  0.6976E+01  0.6955E+01  0.6934E+01
  0.6913E+01  0.6892E+01  0.6871E+01  0.6850E+01  0.6829E+01  0.6808E+01
  0.6787E+01  0.6766E+01  0.6745E+01  0.6724E+01  0.6704E+01  0.6683E+01
  0.6662E+01  0.6642E+01  0.6622E+01  0.6601E+01  0.6581E+01  0.6561E+01
  0.6541E+01  0.6521E+01  0.6501E+01  0.6482E+01  0.6462E+01  0.6443E+01
  0.6424E+01  0.6404E+01  0.6385E+01  0.6366E+01  0.6347E+01  0.6328E+01
  0.6310E+01  0.6291E+01  0.6272E+01  0.6253E+01  0.6235E+01  0.6216E+01
  0.6197E+01  0.6178E+01  0.6160E+01  0.6141E+01  0.6122E+01  0.6103E+01
  0.6083E+01  0.6064E+01  0.6045E+01  0.6025E+01  0.6006E+01  0.5986E+01
  0.5966E+01  0.5946E+01  0.5927E+01  0.5907E+01  0.5888E+01  0.5870E+01
  0.5856E+01  0.5842E+01  0.5811E+01  0.5778E+01  0.4465E+01  0.7164E+01
  0.7143E+01  0.7123E+01  0.7102E+01  0.7081E+01  0.7060E+01  0.7039E+01
  0.7018E+01  0.6997E+01  0.6976E+01  0.6955E+01  0.6934E+01  0.6913E+01
  0.6892E+01  0.6871E+01  0.6850E+01  0.6829E+01  0.6808E+01  0.6787E+01
  0.6766E+01  0.6745E+01  0.6724E+01  0.6704E+01  0.6683E+01  0.6662E+01
  0.6642E+01  0.6622E+01  0.6601E+01  0.6581E+01  0.6561E+01  0.6541E+01
  0.6521E+01  0.6501E+01  0.6482E+01  0.6462E+01  0.6443E+01  0.6424E+01
  0.6404E+01  0.6385E+01  0.6366E+01  0.6347E+01  0.6328E+01  0.6310E+01
  0.6291E+01  0.6272E+01  0.6253E+01  0.6235E+01  0.6216E+01  0.6197E+01
  0.6178E+01  0.6160E+01  0.6141E+01  0.6122E+01  0.6103E+01  0.6083E+01
  0.6064E+01  0.6045E+01  0.6025E+01  0.6006E+01  0.5986E+01  0.5966E+01
  0.5946E+01  0.5927E+01  0.5907E+01  0.5888E+01  0.5870E+01  0.5856E+01
  0.5842E+01  0.5811E+01  0.5778E+01  0.4465E+01  0.7164E+01  0.7143E+01
  0.7123E+01  0.7102E+01  0.7081E+01  0.7060E+01  0.7039E+01  0.7018E+01
  0.6997E+01  0.6976E+01  0.6955E+01  0.6934E+01  0.6913E+01  0.6892E+01
  0.6871E+01  0.6850E+01  0.6829E+01  0.6808E+01  0.6787E+01  0.6766E+01
  0.6745E+01  0.6724E+01  0.6704E+01  0.6683E+01  0.6662E+01  0.6642E+01
  0.6622E+01  0.6601E+01  0.6581E+01  0.6561E+01  0.6541E+01  0.6521E+01
  0.6501E+01  0.6482E+01  0.6462E+01  0.6443E+01  0.6424E+01  0.6404E+01
  0.6385E+01  0.6366E+01  0.6347E+01  0.6328E+01  0.6310E+01  0.6291E+01
  0.6272E+01  0.6253E+01  0.6235E+01  0.6216E+01  0.6197E+01  0.6178E+01
  0.6160E+01  0.6141E+01  0.6122E+01  0.6103E+01  0.6083E+01  0.6064E+01
  0.6045E+01  0.6025E+01  0.6006E+01  0.5986E+01  0.5966E+01  0.5946E+01
  0.5927E+01  0.5907E+01  0.5888E+01  0.5870E+01  0.5856E+01  0.5842E+01
  0.5811E+01  0.5778E+01  0.4465E+01  0.7164E+01  0.7143E+01  0.7123E+01
  0.7102E+01  0.7081E+01  0.7060E+01  0.7039E+01  0.7018E+01  0.6997E+01
  0.6976E+01  0.6955E+01  0.6934E+01  0.6913E+01  0.6892E+01  0.6871E+01
  0.6850E+01  0.6829E+01  0.6808E+01  0.6787E+01  0.6766E+01  0.6745E+01
  0.6724E+01  0.6704E+01  0.6683E+01  0.6662E+01  0.6642E+01  0.6622E+01
  0.6601E+01  0.6581E+01  0.6561E+01  0.6541E+01  0.6521E+01  0.6501E+01
  0.6482E+01  0.6462E+01  0.6443E+01  0.6424E+01  0.6404E+01  0.6385E+01
  0.6366E+01  0.6347E+01  0.6328E+01  0.6310E+01  0.6291E+01  0.6272E+01
  0.6253E+01  0.6235E+01  0.6216E+01  0.6197E+01  0.6178E+01  0.6160E+01
  0.6141E+01  0.6122E+01  0.6103E+01  0.6083E+01  0.6064E+01  0.6045E+01
  0.6025E+01  0.6006E+01  0.5986E+01  0.5966E+01  0.5946E+01  0.5927E+01
  0.5907E+01  0.5888E+01  0.5870E+01  0.5856E+01  0.5842E+01  0.5811E+01
  0.5778E+01  0.4465E+01  0.7164E+01  0.7143E+01  0.7123E+01  0.7102E+01
  0.7081E+01  0.7060E+01  0.7039E+01  0.7018E+01  0.6997E+01  0.6976E+01
  0.6955E+01  0.6934E+01  0.6913E+01  0.6892E+01  0.6871E+01  0.6850E+01
  0.6829E+01  0.6808E+01  0.6787E+01  0.6766E+01  0.6745E+01  0.6724E+01
  0.6704E+01  0.6683E+01  0.6662E+01  0.6642E+01  0.6622E+01  0.6601E+01
  0.6581E+01  0.6561E+01  0.6541E+01  0.6521E+01  0.6501E+01  0.6482E+01
  0.6462E+01  0.6443E+01  0.6424E+01  0.6404E+01  0.6385E+01  0.6366E+01
  0.6347E+01  0.6328E+01  0.6310E+01  0.6291E+01  0.6272E+01  0.6253E+01
  0.6235E+01  0.6216E+01  0.6197E+01  0.6178E+01  0.6160E+01  0.6141E+01
  0.6122E+01  0.6103E+01  0.6083E+01  0.6064E+01  0.6045E+01  0.6025E+01
  0.6006E+01  0.5986E+01  0.5966E+01  0.5946E+01  0.5927E+01  0.5907E+01
  0.5888E+01  0.5870E+01  0.5856E+01  0.5842E+01  0.5811E+01  0.5778E+01
  0.4465E+01  0.7164E+01  0.7143E+01  0.7123E+01  0.7102E+01  0.7081E+01
  0.7060E+01  0.7039E+01  0.7018E+01  0.6997E+01  0.6976E+01  0.6955E+01
  0.6934E+01  0.6913E+01  0.6892E+01  0.6871E+01  0.6850E+01  0.6829E+01
  0.6808E+01  0.6787E+01  0.6766E+01  0.6745E+01  0.6724E+01  0.6704E+01
  0.6683E+01  0.6662E+01  0.6642E+01  0.6622E+01  0.6601E+01  0.6581E+01
  0.6561E+01  0.6541E+01  0.6521E+01  0.6501E+01  0.6482E+01  0.6462E+01
  0.6443E+01  0.6424E+01  0.6404E+01  0.6385E+01  0.6366E+01  0.6347E+01
  0.6328E+01  0.6310E+01  0.6291E+01  0.6272E+01  0.6253E+01  0.6235E+01
  0.6216E+01  0.6197E+01  0.6178E+01  0.6160E+01  0.6141E+01  0.6122E+01
  0.6103E+01  0.6083E+01  0.6064E+01  0.6045E+01  0.6025E+01  0.6006E+01
  0.5986E+01  0.5966E+01  0.5946E+01  0.5927E+01  0.5907E+01  0.5888E+01
  0.5870E+01  0.5856E+01  0.5842E+01  0.5811E+01  0.5778E+01  0.4465E+01
  0.7164E+01  0.7143E+01  0.7123E+01  0.7102E+01  0.7081E+01  0.7060E+01
  0.7039E+01  0.7018E+01  0.6997E+01  0.6976E+01  0.6955E+01  0.6934E+01
  0.6913E+01  0.6892E+01  0.6871E+01  0.6850E+01  0.6829E+01  0.6808E+01
  0.6787E+01  0.6766E+01  0.6745E+01  0.6724E+01  0.6704E+01  0.6683E+01
  0.6662E+01  0.6642E+01  0.6622E+01  0.6601E+01  0.6581E+01  0.6561E+01
  0.6541E+01  0.6521E+01  0.6501E+01  0.6482E+01  0.6462E+01  0.6443E+01
  0.6424E+01  0.6404E+01  0.6385E+01  0.6366E+01  0.6347E+01  0.6328E+01
  0.6310E+01  0.6291E+01  0.6272E+01  0.6253E+01  0.6235E+01  0.6216E+01
  0.6197E+01  0.6178E+01  0.6160E+01  0.6141E+01  0.6122E+01  0.6103E+01
  0.6083E+01  0.6064E+01  0.6045E+01  0.6025E+01  0.6006E+01  0.5986E+01
  0.5966E+01  0.5946E+01  0.5927E+01  0.5907E+01  0.5888E+01  0.5870E+01
  0.5856E+01  0.5842E+01  0.5811E+01  0.5778E+01  0.4465E+01  0.7164E+01
  0.7143E+01  0.7123E+01  0.7102E+01  0.7081E+01  0.7060E+01  0.7039E+01
  0.7018E+01  0.6997E+01  0.6976E+01  0.6955E+01  0.6934E+01  0.6913E+01
  0.6892E+01  0.6871E+01  0.6850E+01  0.6829E+01  0.6808E+01  0.6787E+01
  0.6766E+01  0.6745E+01  0.6724E+01  0.6704E+01  0.6683E+01  0.6662E+01
  0.6642E+01  0.6622E+01  0.6601E+01  0.6581E+01  0.6561E+01  0.6541E+01
  0.6521E+01  0.6501E+01  0.6482E+01  0.6462E+01  0.6443E+01  0.6424E+01
  0.6404E+01  0.6385E+01  0.6366E+01  0.6347E+01  0.6328E+01  0.6310E+01
  0.6291E+01  0.6272E+01  0.6253E+01  0.6235E+01  0.6216E+01  0.6197E+01
  0.6178E+01  0.6160E+01  0.6141E+01  0.6122E+01  0.6103E+01  0.6083E+01
  0.6064E+01  0.6045E+01  0.6025E+01  0.6006E+01  0.5986E+01  0.5966E+01
  0.5946E+01  0.5927E+01  0.5907E+01  0.5888E+01  0.5870E+01  0.5856E+01
  0.5842E+01  0.5811E+01  0.5777E+01  0.4464E+01  0.7164E+01  0.7143E+01
  0.7123E+01  0.7102E+01  0.7081E+01  0.7060E+01  0.7039E+01  0.7018E+01
  0.6997E+01  0.6976E+01  0.6955E+01  0.6934E+01  0.6913E+01  0.6892E+01
  0.6871E+01  0.6850E+01  0.6829E+01  0.6808E+01  0.6787E+01  0.6766E+01
  0.6745E+01  0.6724E+01  0.6704E+01  0.6683E+01  0.6662E+01  0.6642E+01
  0.6622E+01  0.6601E+01  0.6581E+01  0.6561E+01  0.6541E+01  0.6521E+01
  0.6501E+01  0.6482E+01  0.6462E+01  0.6443E+01  0.6424E+01  0.6404E+01
  0.6385E+01  0.6366E+01  0.6347E+01  0.6328E+01  0.6310E+01  0.6291E+01
  0.6272E+01  0.6253E+01  0.6235E+01  0.6216E+01  0.6197E+01  0.6178E+01
  0.6160E+01  0.6141E+01  0.6122E+01  0.6103E+01  0.6083E+01  0.6064E+01
  0.6045E+01  0.6025E+01  0.6005E+01  0.5986E+01  0.5966E+01  0.5946E+01
  0.5927E+01  0.5907E+01  0.5888E+01  0.5870E+01  0.5856E+01  0.5842E+01
  0.5811E+01  0.5777E+01  0.4463E+01  0.7164E+01  0.7143E+01  0.7123E+01
  0.7102E+01  0.7081E+01  0.7060E+01  0.7039E+01  0.7018E+01  0.6997E+01
  0.6976E+01  0.6955E+01  0.6934E+01  0.6913E+01  0.6892E+01  0.6871E+01
  0.6850E+01  0.6829E+01  0.6808E+01  0.6787E+01  0.6766E+01  0.6745E+01
  0.6724E+01  0.6704E+01  0.6683E+01  0.6662E+01  0.6642E+01  0.6622E+01
  0.6601E+01  0.6581E+01  0.6561E+01  0.6541E+01  0.6521E+01  0.6501E+01
  0.6482E+01  0.6462E+01  0.6443E+01  0.6424E+01  0.6404E+01  0.6385E+01
  0.6366E+01  0.6347E+01  0.6328E+01  0.6310E+01  0.6291E+01  0.6272E+01
  0.6253E+01  0.6235E+01  0.6216E+01  0.6197E+01  0.6178E+01  0.6160E+01
  0.6141E+01  0.6122E+01  0.6103E+01  0.6083E+01  0.6064E+01  0.6045E+01
  0.6025E+01  0.6005E+01  0.5986E+01  0.5966E+01  0.5946E+01  0.5927E+01
  0.5907E+01  0.5888E+01  0.5869E+01  0.5856E+01  0.5842E+01  0.5811E+01
  0.5777E+01  0.4464E+01  0.7164E+01  0.7143E+01  0.7123E+01  0.7102E+01
  0.7081E+01  0.7060E+01  0.7039E+01  0.7018E+01  0.6997E+01  0.6976E+01
  0.6955E+01  0.6934E+01  0.6913E+01  0.6892E+01  0.6871E+01  0.6850E+01
  0.6829E+01  0.6808E+01  0.6787E+01  0.6766E+01  0.6745E+01  0.6724E+01
  0.6704E+01  0.6683E+01  0.6662E+01  0.6642E+01  0.6622E+01  0.6601E+01
  0.6581E+01  0.6561E+01  0.6541E+01  0.6521E+01  0.6501E+01  0.6482E+01
  0.6462E+01  0.6443E+01  0.6424E+01  0.6404E+01  0.6385E+01  0.6366E+01
  0.6347E+01  0.6328E+01  0.6310E+01  0.6291E+01  0.6272E+01  0.6253E+01
  0.6235E+01  0.6216E+01  0.6197E+01  0.6178E+01  0.6160E+01  0.6141E+01
  0.6122E+01  0.6103E+01  0.6083E+01  0.6064E+01  0.6045E+01  0.6025E+01
  0.6005E+01  0.5986E+01  0.5966E+01  0.5946E+01  0.5927E+01  0.5907E+01
  0.5888E+01  0.5869E+01  0.5856E+01  0.5842E+01  0.5811E+01  0.5777E+01
  0.4466E+01  0.7164E+01  0.7143E+01  0.7123E+01  0.7102E+01  0.7081E+01
  0.7060E+01  0.7039E+01  0.7018E+01  0.6997E+01  0.6976E+01  0.6955E+01
  0.6934E+01  0.6913E+01  0.6892E+01  0.6871E+01  0.6850E+01  0.6829E+01
  0.6808E+01  0.6787E+01  0.6766E+01  0.6745E+01  0.6724E+01  0.6704E+01
  0.6683E+01  0.6662E+01  0.6642E+01  0.6622E+01  0.6601E+01  0.6581E+01
  0.6561E+01  0.6541E+01  0.6521E+01  0.6501E+01  0.6482E+01  0.6462E+01
  0.6443E+01  0.6424E+01  0.6404E+01  0.6385E+01  0.6366E+01  0.6347E+01
  0.6328E+01  0.6310E+01  0.6291E+01  0.6272E+01  0.6253E+01  0.6235E+01
  0.6216E+01  0.6197E+01  0.6178E+01  0.6160E+01  0.6141E+01  0.6122E+01
  0.6102E+01  0.6083E+01  0.6064E+01  0.6045E+01  0.6025E+01  0.6005E+01
  0.5986E+01  0.5966E+01  0.5946E+01  0.5927E+01  0.5907E+01  0.5888E+01
  0.5869E+01  0.5856E+01  0.5842E+01  0.5811E+01  0.5777E+01  0.4470E+01
  0.7164E+01  0.7143E+01  0.7123E+01  0.7102E+01  0.7081E+01  0.7060E+01
  0.7039E+01  0.7018E+01  0.6997E+01  0.6976E+01  0.6955E+01  0.6934E+01
  0.6913E+01  0.6892E+01  0.6871E+01  0.6850E+01  0.6829E+01  0.6808E+01
  0.6787E+01  0.6766E+01  0.6745E+01  0.6724E+01  0.6704E+01  0.6683E+01
  0.6662E+01  0.6642E+01  0.6622E+01  0.6601E+01  0.6581E+01  0.6561E+01
  0.6541E+01  0.6521E+01  0.6501E+01  0.6482E+01  0.6462E+01  0.6443E+01
  0.6424E+01  0.6404E+01  0.6385E+01  0.6366E+01  0.6347E+01  0.6328E+01
  0.6310E+01  0.6291E+01  0.6272E+01  0.6253E+01  0.6235E+01  0.6216E+01
  0.6197E+01  0.6178E+01  0.6160E+01  0.6141E+01  0.6122E+01  0.6102E+01
  0.6083E+01  0.6064E+01  0.6045E+01  0.6025E+01  0.6005E+01  0.5986E+01
  0.5966E+01  0.5946E+01  0.5927E+01  0.5907E+01  0.5888E+01  0.5870E+01
  0.5856E+01  0.5842E+01  0.5811E+01  0.5778E+01  0.4476E+01  0.7164E+01
  0.7143E+01  0.7123E+01  0.7102E+01  0.7081E+01  0.7060E+01  0.7039E+01
  0.7018E+01  0.6997E+01  0.6976E+01  0.6955E+01  0.6934E+01  0.6913E+01
  0.6892E+01  0.6871E+01  0.6850E+01  0.6829E+01  0.6808E+01  0.6787E+01
  0.6766E+01  0.6745E+01  0.6724E+01  0.6704E+01  0.6683E+01  0.6662E+01
  0.6642E+01  0.6622E+01  0.6601E+01  0.6581E+01  0.6561E+01  0.6541E+01
  0.6521E+01  0.6501E+01  0.6482E+01  0.6462E+01  0.6443E+01  0.6424E+01
  0.6404E+01  0.6385E+01  0.6366E+01  0.6347E+01  0.6328E+01  0.6310E+01
  0.6291E+01  0.6272E+01  0.6253E+01  0.6235E+01  0.6216E+01  0.6197E+01
  0.6178E+01  0.6160E+01  0.6141E+01  0.6122E+01  0.6103E+01  0.6083E+01
  0.6064E+01  0.6045E+01  0.6025E+01  0.6005E+01  0.5986E+01  0.5966E+01
  0.5946E+01  0.5927E+01  0.5907E+01  0.5888E+01  0.5870E+01  0.5856E+01
  0.5842E+01  0.5811E+01  0.5778E+01  0.4482E+01  0.7164E+01  0.7143E+01
  0.7123E+01  0.7102E+01  0.7081E+01  0.7060E+01  0.7039E+01  0.7018E+01
  0.6997E+01  0.6976E+01  0.6955E+01  0.6934E+01  0.6913E+01  0.6892E+01
  0.6871E+01  0.6850E+01  0.6829E+01  0.6808E+01  0.6787E+01  0.6766E+01
  0.6745E+01  0.6724E+01  0.6704E+01  0.6683E+01  0.6662E+01  0.6642E+01
  0.6622E+01  0.6601E+01  0.6581E+01  0.6561E+01  0.6541E+01  0.6521E+01
  0.6501E+01  0.6482E+01  0.6462E+01  0.6443E+01  0.6424E+01  0.6404E+01
  0.6385E+01  0.6366E+01  0.6347E+01  0.6328E+01  0.6310E+01  0.6291E+01
  0.6272E+01  0.6253E+01  0.6235E+01  0.6216E+01  0.6197E+01  0.6178E+01
  0.6160E+01  0.6141E+01  0.6122E+01  0.6103E+01  0.6083E+01  0.6064E+01
  0.6045E+01  0.6025E+01  0.6006E+01  0.5986E+01  0.5966E+01  0.5947E+01
  0.5927E+01  0.5908E+01  0.5888E+01  0.5870E+01  0.5857E+01  0.5843E+01
  0.5812E+01  0.5778E+01  0.4487E+01  0.7164E+01  0.7143E+01  0.7123E+01
  0.7102E+01  0.7081E+01  0.7060E+01  0.7039E+01  0.7018E+01  0.6997E+01
  0.6976E+01  0.6955E+01  0.6934E+01  0.6913E+01  0.6892E+01  0.6871E+01
  0.6850E+01  0.6829E+01  0.6808E+01  0.6787E+01  0.6766E+01  0.6745E+01
  0.6724E+01  0.6704E+01  0.6683E+01  0.6662E+01  0.6642E+01  0.6622E+01
  0.6601E+01  0.6581E+01  0.6561E+01  0.6541E+01  0.6521E+01  0.6501E+01
  0.6482E+01  0.6462E+01  0.6443E+01  0.6423E+01  0.6404E+01  0.6385E+01
  0.6366E+01  0.6347E+01  0.6328E+01  0.6310E+01  0.6291E+01  0.6272E+01
  0.6253E+01  0.6235E+01  0.6216E+01  0.6197E+01  0.6179E+01  0.6160E+01
  0.6141E+01  0.6122E+01  0.6103E+01  0.6084E+01  0.6064E+01  0.6045E+01
  0.6026E+01  0.6006E+01  0.5987E+01  0.5967E+01  0.5948E+01  0.5928E+01
  0.5909E+01  0.5890E+01  0.5872E+01  0.5858E+01  0.5844E+01  0.5813E+01
  0.5780E+01  0.4476E+01  0.7164E+01  0.7143E+01  0.7123E+01  0.7102E+01
  0.7081E+01  0.7060E+01  0.7039E+01  0.7018E+01  0.6997E+01  0.6976E+01
  0.6955E+01  0.6934E+01  0.6913E+01  0.6892E+01  0.6871E+01  0.6850E+01
  0.6829E+01  0.6808E+01  0.6787E+01  0.6766E+01  0.6745E+01  0.6724E+01
  0.6704E+01  0.6683E+01  0.6662E+01  0.6642E+01  0.6621E+01  0.6601E+01
  0.6581E+01  0.6561E+01  0.6541E+01  0.6521E+01  0.6501E+01  0.6482E+01
  0.6462E+01  0.6443E+01  0.6424E+01  0.6404E+01  0.6385E+01  0.6366E+01
  0.6347E+01  0.6329E+01  0.6310E+01  0.6291E+01  0.6272E+01  0.6254E+01
  0.6235E+01  0.6216E+01  0.6198E+01  0.6179E+01  0.6160E+01  0.6142E+01
  0.6123E+01  0.6104E+01  0.6085E+01  0.6065E+01  0.6046E+01  0.6027E+01
  0.6008E+01  0.5988E+01  0.5969E+01  0.5949E+01  0.5930E+01  0.5911E+01
  0.5891E+01  0.5873E+01  0.5860E+01  0.5846E+01  0.5816E+01  0.5782E+01
  0.4420E+01  0.7164E+01  0.7143E+01  0.7123E+01  0.7102E+01  0.7081E+01
  0.7060E+01  0.7039E+01  0.7018E+01  0.6997E+01  0.6976E+01  0.6955E+01
  0.6934E+01  0.6913E+01  0.6892E+01  0.6871E+01  0.6850E+01  0.6829E+01
  0.6808E+01  0.6787E+01  0.6766E+01  0.6745E+01  0.6724E+01  0.6704E+01
  0.6683E+01  0.6662E+01  0.6642E+01  0.6622E+01  0.6601E+01  0.6581E+01
  0.6561E+01  0.6541E+01  0.6521E+01  0.6502E+01  0.6482E+01  0.6463E+01
  0.6443E+01  0.6424E+01  0.6405E+01  0.6386E+01  0.6367E+01  0.6348E+01
  0.6329E+01  0.6310E+01  0.6292E+01  0.6273E+01  0.6255E+01  0.6236E+01
  0.6217E+01  0.6199E+01  0.6180E+01  0.6161E+01  0.6143E+01  0.6124E+01
  0.6105E+01  0.6086E+01  0.6067E+01  0.6048E+01  0.6029E+01  0.6009E+01
  0.5990E+01  0.5971E+01  0.5951E+01  0.5932E+01  0.5912E+01  0.5893E+01
  0.5875E+01  0.5862E+01  0.5848E+01  0.5819E+01  0.5785E+01  0.4304E+01
  0.7164E+01  0.7143E+01  0.7123E+01  0.7102E+01  0.7081E+01  0.7060E+01
  0.7039E+01  0.7018E+01  0.6997E+01  0.6976E+01  0.6955E+01  0.6934E+01
  0.6913E+01  0.6892E+01  0.6871E+01  0.6850E+01  0.6829E+01  0.6808E+01
  0.6787E+01  0.6766E+01  0.6745E+01  0.6724E+01  0.6704E+01  0.6683E+01
  0.6663E+01  0.6642E+01  0.6622E+01  0.6602E+01  0.6581E+01  0.6561E+01
  0.6542E+01  0.6522E+01  0.6502E+01  0.6483E+01  0.6463E+01  0.6444E+01
  0.6425E+01  0.6406E+01  0.6387E+01  0.6368E+01  0.6349E+01  0.6330E+01
  0.6311E+01  0.6293E+01  0.6274E+01  0.6256E+01  0.6237E+01  0.6219E+01
  0.6200E+01  0.6181E+01  0.6163E+01  0.6144E+01  0.6125E+01  0.6106E+01
  0.6088E+01  0.6069E+01  0.6049E+01  0.6030E+01  0.6011E+01  0.5991E+01
  0.5972E+01  0.5953E+01  0.5933E+01  0.5914E+01  0.5895E+01  0.5877E+01
  0.5863E+01  0.5850E+01  0.5821E+01  0.5788E+01  0.4372E+01  0.7164E+01
  0.7143E+01  0.7123E+01  0.7102E+01  0.7081E+01  0.7060E+01  0.7039E+01
  0.7018E+01  0.6997E+01  0.6976E+01  0.6955E+01  0.6934E+01  0.6913E+01
  0.6892E+01  0.6871E+01  0.6850E+01  0.6829E+01  0.6808E+01  0.6787E+01
  0.6766E+01  0.6745E+01  0.6725E+01  0.6704E+01  0.6684E+01  0.6663E+01
  0.6643E+01  0.6622E+01  0.6602E+01  0.6582E+01  0.6562E+01  0.6542E+01
  0.6523E+01  0.6503E+01  0.6483E+01  0.6464E+01  0.6445E+01  0.6426E+01
  0.6406E+01  0.6387E+01  0.6369E+01  0.6350E+01  0.6331E+01  0.6312E+01
  0.6294E+01  0.6275E+01  0.6257E+01  0.6238E+01  0.6220E+01  0.6201E+01
  0.6182E+01  0.6164E+01  0.6145E+01  0.6126E+01  0.6108E+01  0.6089E+01
  0.6070E+01  0.6050E+01  0.6031E+01  0.6012E+01  0.5993E+01  0.5973E+01
  0.5954E+01  0.5935E+01  0.5915E+01  0.5897E+01  0.5878E+01  0.5864E+01
  0.5852E+01  0.5825E+01  0.5789E+01  0.5728E+01  0.7164E+01  0.7143E+01
  0.7123E+01  0.7102E+01  0.7081E+01  0.7060E+01  0.7039E+01  0.7018E+01
  0.6997E+01  0.6976E+01  0.6955E+01  0.6934E+01  0.6913E+01  0.6892E+01
  0.6871E+01  0.6850E+01  0.6829E+01  0.6808E+01  0.6788E+01  0.6767E+01
  0.6746E+01  0.6725E+01  0.6705E+01  0.6684E+01  0.6664E+01  0.6643E+01
  0.6623E+01  0.6603E+01  0.6583E+01  0.6563E+01  0.6543E+01  0.6523E+01
  0.6504E+01  0.6484E+01  0.6465E+01  0.6445E+01  0.6426E+01  0.6407E+01
  0.6388E+01  0.6369E+01  0.6350E+01  0.6332E+01  0.6313E+01  0.6294E+01
  0.6276E+01  0.6257E+01  0.6239E+01  0.6220E+01  0.6202E+01  0.6183E+01
  0.6164E+01  0.6146E+01  0.6127E+01  0.6108E+01  0.6089E+01  0.6070E+01
  0.6051E+01  0.6032E+01  0.6012E+01  0.5993E+01  0.5974E+01  0.5955E+01
  0.5935E+01  0.5916E+01  0.5898E+01  0.5879E+01  0.5863E+01  0.5852E+01
  0.5830E+01  0.5801E+01  0.5768E+01  0.7164E+01  0.7143E+01  0.7123E+01
  0.7102E+01  0.7081E+01  0.7060E+01  0.7039E+01  0.7018E+01  0.6998E+01
  0.6977E+01  0.6956E+01  0.6935E+01  0.6914E+01  0.6892E+01  0.6871E+01
  0.6850E+01  0.6830E+01  0.6809E+01  0.6788E+01  0.6767E+01  0.6746E+01
  0.6725E+01  0.6705E+01  0.6684E+01  0.6664E+01  0.6643E+01  0.6623E+01
  0.6603E+01  0.6582E+01  0.6562E+01  0.6543E+01  0.6523E+01  0.6503E+01
  0.6483E+01  0.6464E+01  0.6445E+01  0.6425E+01  0.6406E+01  0.6387E+01
  0.6368E+01  0.6349E+01  0.6330E+01  0.6312E+01  0.6293E+01  0.6274E+01
  0.6256E+01  0.6237E+01  0.6218E+01  0.6200E+01  0.6181E+01  0.6162E+01
  0.6143E+01  0.6124E+01  0.6105E+01  0.6086E+01  0.6067E+01  0.6048E+01
  0.6028E+01  0.6009E+01  0.5989E+01  0.5970E+01  0.5950E+01  0.5931E+01
  0.5911E+01  0.5892E+01  0.5873E+01  0.5856E+01  0.5842E+01  0.5825E+01
  0.5809E+01  0.5840E+01  0.7164E+01  0.7143E+01  0.7122E+01  0.7102E+01
  0.7081E+01  0.7060E+01  0.7039E+01  0.7018E+01  0.6997E+01  0.6976E+01
  0.6954E+01  0.6933E+01  0.6912E+01  0.6891E+01  0.6870E+01  0.6849E+01
  0.6828E+01  0.6806E+01  0.6785E+01  0.6764E+01  0.6743E+01  0.6723E+01
  0.6702E+01  0.6681E+01  0.6660E+01  0.6640E+01  0.6619E+01  0.6599E+01
  0.6579E+01  0.6558E+01  0.6538E+01  0.6518E+01  0.6498E+01  0.6478E+01
  0.6459E+01  0.6439E+01  0.6420E+01  0.6400E+01  0.6381E+01  0.6362E+01
  0.6343E+01  0.6323E+01  0.6304E+01  0.6285E+01  0.6266E+01  0.6247E+01
  0.6228E+01  0.6209E+01  0.6190E+01  0.6171E+01  0.6151E+01  0.6132E+01
  0.6112E+01  0.6093E+01  0.6073E+01  0.6053E+01  0.6032E+01  0.6012E+01
  0.5991E+01  0.5971E+01  0.5950E+01  0.5928E+01  0.5907E+01  0.5886E+01
  0.5864E+01  0.5843E+01  0.5822E+01  0.5805E+01  0.5792E+01  0.5777E+01
  0.5735E+01
