  0.4440E+01  0.4439E+01  0.4439E+01  0.4438E+01  0.4437E+01  0.4436E+01
  0.4436E+01  0.4435E+01  0.4434E+01  0.4433E+01  0.4431E+01  0.4430E+01
  0.4429E+01  0.4427E+01  0.4426E+01  0.4424E+01  0.4423E+01  0.4421E+01
  0.4419E+01  0.4417E+01  0.4415E+01  0.4413E+01  0.4411E+01  0.4408E+01
  0.4405E+01  0.4403E+01  0.4400E+01  0.4397E+01  0.4393E+01  0.4390E+01
  0.4386E+01  0.4383E+01  0.4379E+01  0.4375E+01  0.4371E+01  0.4366E+01
  0.4362E+01  0.4357E+01  0.4352E+01  0.4348E+01  0.4343E+01  0.4337E+01
  0.4332E+01  0.4327E+01  0.4322E+01  0.4317E+01  0.4312E+01  0.4307E+01
  0.4302E+01  0.4297E+01  0.4293E+01  0.4289E+01  0.4286E+01  0.4283E+01
  0.4280E+01  0.4279E+01  0.4278E+01  0.4279E+01  0.4281E+01  0.4284E+01
  0.4289E+01  0.4297E+01  0.4309E+01  0.4331E+01  0.4387E+01  0.4504E+01
  0.4657E+01  0.4768E+01  0.4766E+01  0.4690E+01  0.1997E+01  0.4440E+01
  0.4439E+01  0.4439E+01  0.4438E+01  0.4437E+01  0.4437E+01  0.4436E+01
  0.4435E+01  0.4434E+01  0.4433E+01  0.4432E+01  0.4431E+01  0.4429E+01
  0.4428E+01  0.4427E+01  0.4425E+01  0.4424E+01  0.4422E+01  0.4420E+01
  0.4418E+01  0.4416E+01  0.4414E+01  0.4412E+01  0.4410E+01  0.4407E+01
  0.4405E+01  0.4402E+01  0.4399E+01  0.4396E+01  0.4393E+01  0.4390E+01
  0.4387E+01  0.4383E+01  0.4379E+01  0.4375E+01  0.4372E+01  0.4368E+01
  0.4363E+01  0.4359E+01  0.4355E+01  0.4350E+01  0.4346E+01  0.4342E+01
  0.4337E+01  0.4333E+01  0.4329E+01  0.4325E+01  0.4321E+01  0.4318E+01
  0.4315E+01  0.4312E+01  0.4310E+01  0.4308E+01  0.4307E+01  0.4307E+01
  0.4308E+01  0.4310E+01  0.4314E+01  0.4319E+01  0.4327E+01  0.4337E+01
  0.4350E+01  0.4374E+01  0.4425E+01  0.4524E+01  0.4657E+01  0.4769E+01
  0.4813E+01  0.4763E+01  0.4691E+01  0.4749E+01  0.4440E+01  0.4439E+01
  0.4439E+01  0.4438E+01  0.4437E+01  0.4437E+01  0.4436E+01  0.4435E+01
  0.4434E+01  0.4433E+01  0.4432E+01  0.4431E+01  0.4429E+01  0.4428E+01
  0.4427E+01  0.4425E+01  0.4424E+01  0.4422E+01  0.4420E+01  0.4418E+01
  0.4416E+01  0.4414E+01  0.4412E+01  0.4410E+01  0.4407E+01  0.4405E+01
  0.4402E+01  0.4399E+01  0.4396E+01  0.4393E+01  0.4390E+01  0.4387E+01
  0.4383E+01  0.4380E+01  0.4376E+01  0.4372E+01  0.4368E+01  0.4364E+01
  0.4360E+01  0.4356E+01  0.4351E+01  0.4347E+01  0.4343E+01  0.4339E+01
  0.4335E+01  0.4331E+01  0.4327E+01  0.4323E+01  0.4320E+01  0.4317E+01
  0.4314E+01  0.4312E+01  0.4311E+01  0.4310E+01  0.4311E+01  0.4312E+01
  0.4314E+01  0.4319E+01  0.4324E+01  0.4332E+01  0.4343E+01  0.4362E+01
  0.4401E+01  0.4481E+01  0.4604E+01  0.4725E+01  0.4795E+01  0.4791E+01
  0.4763E+01  0.4749E+01  0.4470E+01  0.4440E+01  0.4439E+01  0.4439E+01
  0.4438E+01  0.4437E+01  0.4437E+01  0.4436E+01  0.4435E+01  0.4434E+01
  0.4433E+01  0.4432E+01  0.4430E+01  0.4429E+01  0.4428E+01  0.4427E+01
  0.4425E+01  0.4423E+01  0.4422E+01  0.4420E+01  0.4418E+01  0.4416E+01
  0.4414E+01  0.4412E+01  0.4410E+01  0.4407E+01  0.4405E+01  0.4402E+01
  0.4399E+01  0.4396E+01  0.4393E+01  0.4390E+01  0.4386E+01  0.4383E+01
  0.4379E+01  0.4375E+01  0.4372E+01  0.4368E+01  0.4363E+01  0.4359E+01
  0.4355E+01  0.4351E+01  0.4346E+01  0.4342E+01  0.4338E+01  0.4334E+01
  0.4330E+01  0.4326E+01  0.4322E+01  0.4319E+01  0.4316E+01  0.4313E+01
  0.4311E+01  0.4310E+01  0.4309E+01  0.4309E+01  0.4310E+01  0.4313E+01
  0.4317E+01  0.4322E+01  0.4330E+01  0.4343E+01  0.4369E+01  0.4424E+01
  0.4523E+01  0.4645E+01  0.4743E+01  0.4787E+01  0.4771E+01  0.4735E+01
  0.4719E+01  0.3991E+01  0.4440E+01  0.4439E+01  0.4439E+01  0.4438E+01
  0.4437E+01  0.4437E+01  0.4436E+01  0.4435E+01  0.4434E+01  0.4433E+01
  0.4432E+01  0.4430E+01  0.4429E+01  0.4428E+01  0.4426E+01  0.4425E+01
  0.4423E+01  0.4422E+01  0.4420E+01  0.4418E+01  0.4416E+01  0.4414E+01
  0.4412E+01  0.4409E+01  0.4407E+01  0.4404E+01  0.4402E+01  0.4399E+01
  0.4396E+01  0.4393E+01  0.4389E+01  0.4386E+01  0.4382E+01  0.4379E+01
  0.4375E+01  0.4371E+01  0.4367E+01  0.4363E+01  0.4359E+01  0.4354E+01
  0.4350E+01  0.4346E+01  0.4341E+01  0.4337E+01  0.4333E+01  0.4329E+01
  0.4325E+01  0.4321E+01  0.4318E+01  0.4315E+01  0.4312E+01  0.4310E+01
  0.4308E+01  0.4308E+01  0.4308E+01  0.4309E+01  0.4311E+01  0.4315E+01
  0.4320E+01  0.4329E+01  0.4343E+01  0.4375E+01  0.4440E+01  0.4545E+01
  0.4662E+01  0.4749E+01  0.4784E+01  0.4764E+01  0.4727E+01  0.4711E+01
  0.3769E+01  0.4440E+01  0.4439E+01  0.4439E+01  0.4438E+01  0.4437E+01
  0.4437E+01  0.4436E+01  0.4435E+01  0.4434E+01  0.4433E+01  0.4432E+01
  0.4430E+01  0.4429E+01  0.4428E+01  0.4426E+01  0.4425E+01  0.4423E+01
  0.4422E+01  0.4420E+01  0.4418E+01  0.4416E+01  0.4414E+01  0.4412E+01
  0.4409E+01  0.4407E+01  0.4404E+01  0.4401E+01  0.4399E+01  0.4395E+01
  0.4392E+01  0.4389E+01  0.4386E+01  0.4382E+01  0.4378E+01  0.4374E+01
  0.4370E+01  0.4366E+01  0.4362E+01  0.4358E+01  0.4353E+01  0.4349E+01
  0.4345E+01  0.4340E+01  0.4336E+01  0.4332E+01  0.4327E+01  0.4323E+01
  0.4320E+01  0.4316E+01  0.4313E+01  0.4310E+01  0.4308E+01  0.4306E+01
  0.4306E+01  0.4306E+01  0.4307E+01  0.4309E+01  0.4312E+01  0.4318E+01
  0.4327E+01  0.4343E+01  0.4378E+01  0.4448E+01  0.4556E+01  0.4670E+01
  0.4751E+01  0.4782E+01  0.4762E+01  0.4724E+01  0.4708E+01  0.3573E+01
  0.4440E+01  0.4439E+01  0.4439E+01  0.4438E+01  0.4437E+01  0.4437E+01
  0.4436E+01  0.4435E+01  0.4434E+01  0.4433E+01  0.4432E+01  0.4430E+01
  0.4429E+01  0.4428E+01  0.4427E+01  0.4425E+01  0.4423E+01  0.4422E+01
  0.4420E+01  0.4418E+01  0.4416E+01  0.4414E+01  0.4412E+01  0.4409E+01
  0.4407E+01  0.4404E+01  0.4401E+01  0.4398E+01  0.4395E+01  0.4392E+01
  0.4389E+01  0.4385E+01  0.4382E+01  0.4378E+01  0.4374E+01  0.4370E+01
  0.4366E+01  0.4362E+01  0.4357E+01  0.4353E+01  0.4349E+01  0.4344E+01
  0.4340E+01  0.4335E+01  0.4331E+01  0.4327E+01  0.4322E+01  0.4319E+01
  0.4315E+01  0.4312E+01  0.4309E+01  0.4306E+01  0.4305E+01  0.4304E+01
  0.4303E+01  0.4304E+01  0.4306E+01  0.4310E+01  0.4315E+01  0.4324E+01
  0.4341E+01  0.4378E+01  0.4452E+01  0.4562E+01  0.4673E+01  0.4750E+01
  0.4779E+01  0.4757E+01  0.4719E+01  0.4703E+01  0.3407E+01  0.4440E+01
  0.4439E+01  0.4439E+01  0.4438E+01  0.4437E+01  0.4437E+01  0.4436E+01
  0.4435E+01  0.4434E+01  0.4433E+01  0.4432E+01  0.4430E+01  0.4429E+01
  0.4428E+01  0.4427E+01  0.4425E+01  0.4423E+01  0.4422E+01  0.4420E+01
  0.4418E+01  0.4416E+01  0.4414E+01  0.4412E+01  0.4409E+01  0.4407E+01
  0.4404E+01  0.4401E+01  0.4399E+01  0.4395E+01  0.4392E+01  0.4389E+01
  0.4385E+01  0.4382E+01  0.4378E+01  0.4374E+01  0.4370E+01  0.4366E+01
  0.4362E+01  0.4357E+01  0.4353E+01  0.4348E+01  0.4344E+01  0.4339E+01
  0.4335E+01  0.4330E+01  0.4326E+01  0.4322E+01  0.4318E+01  0.4314E+01
  0.4311E+01  0.4308E+01  0.4305E+01  0.4303E+01  0.4302E+01  0.4302E+01
  0.4303E+01  0.4304E+01  0.4308E+01  0.4313E+01  0.4321E+01  0.4339E+01
  0.4377E+01  0.4453E+01  0.4563E+01  0.4673E+01  0.4747E+01  0.4774E+01
  0.4752E+01  0.4713E+01  0.4696E+01  0.3316E+01  0.4440E+01  0.4439E+01
  0.4439E+01  0.4438E+01  0.4437E+01  0.4437E+01  0.4436E+01  0.4435E+01
  0.4434E+01  0.4433E+01  0.4432E+01  0.4430E+01  0.4429E+01  0.4428E+01
  0.4427E+01  0.4425E+01  0.4423E+01  0.4422E+01  0.4420E+01  0.4418E+01
  0.4416E+01  0.4414E+01  0.4412E+01  0.4409E+01  0.4407E+01  0.4404E+01
  0.4401E+01  0.4399E+01  0.4395E+01  0.4392E+01  0.4389E+01  0.4385E+01
  0.4382E+01  0.4378E+01  0.4374E+01  0.4370E+01  0.4366E+01  0.4362E+01
  0.4357E+01  0.4353E+01  0.4348E+01  0.4344E+01  0.4339E+01  0.4335E+01
  0.4330E+01  0.4326E+01  0.4322E+01  0.4318E+01  0.4314E+01  0.4311E+01
  0.4308E+01  0.4305E+01  0.4303E+01  0.4302E+01  0.4301E+01  0.4302E+01
  0.4304E+01  0.4307E+01  0.4312E+01  0.4320E+01  0.4337E+01  0.4376E+01
  0.4452E+01  0.4562E+01  0.4671E+01  0.4745E+01  0.4771E+01  0.4749E+01
  0.4709E+01  0.4692E+01  0.3284E+01  0.4440E+01  0.4439E+01  0.4439E+01
  0.4438E+01  0.4437E+01  0.4437E+01  0.4436E+01  0.4435E+01  0.4434E+01
  0.4433E+01  0.4432E+01  0.4430E+01  0.4429E+01  0.4428E+01  0.4427E+01
  0.4425E+01  0.4423E+01  0.4422E+01  0.4420E+01  0.4418E+01  0.4416E+01
  0.4414E+01  0.4412E+01  0.4409E+01  0.4407E+01  0.4404E+01  0.4401E+01
  0.4399E+01  0.4395E+01  0.4392E+01  0.4389E+01  0.4385E+01  0.4382E+01
  0.4378E+01  0.4374E+01  0.4370E+01  0.4366E+01  0.4362E+01  0.4357E+01
  0.4353E+01  0.4348E+01  0.4344E+01  0.4339E+01  0.4335E+01  0.4330E+01
  0.4326E+01  0.4322E+01  0.4318E+01  0.4314E+01  0.4311E+01  0.4307E+01
  0.4305E+01  0.4303E+01  0.4302E+01  0.4301E+01  0.4302E+01  0.4303E+01
  0.4306E+01  0.4311E+01  0.4320E+01  0.4337E+01  0.4376E+01  0.4451E+01
  0.4561E+01  0.4670E+01  0.4744E+01  0.4770E+01  0.4747E+01  0.4707E+01
  0.4690E+01  0.3291E+01  0.4440E+01  0.4439E+01  0.4439E+01  0.4438E+01
  0.4437E+01  0.4437E+01  0.4436E+01  0.4435E+01  0.4434E+01  0.4433E+01
  0.4432E+01  0.4430E+01  0.4429E+01  0.4428E+01  0.4427E+01  0.4425E+01
  0.4423E+01  0.4422E+01  0.4420E+01  0.4418E+01  0.4416E+01  0.4414E+01
  0.4412E+01  0.4409E+01  0.4407E+01  0.4404E+01  0.4401E+01  0.4399E+01
  0.4395E+01  0.4392E+01  0.4389E+01  0.4385E+01  0.4382E+01  0.4378E+01
  0.4374E+01  0.4370E+01  0.4366E+01  0.4362E+01  0.4357E+01  0.4353E+01
  0.4348E+01  0.4344E+01  0.4339E+01  0.4335E+01  0.4330E+01  0.4326E+01
  0.4322E+01  0.4318E+01  0.4314E+01  0.4311E+01  0.4307E+01  0.4305E+01
  0.4303E+01  0.4302E+01  0.4301E+01  0.4302E+01  0.4303E+01  0.4306E+01
  0.4311E+01  0.4320E+01  0.4337E+01  0.4375E+01  0.4451E+01  0.4560E+01
  0.4669E+01  0.4743E+01  0.4769E+01  0.4747E+01  0.4706E+01  0.4689E+01
  0.3298E+01  0.4440E+01  0.4439E+01  0.4439E+01  0.4438E+01  0.4437E+01
  0.4437E+01  0.4436E+01  0.4435E+01  0.4434E+01  0.4433E+01  0.4432E+01
  0.4430E+01  0.4429E+01  0.4428E+01  0.4427E+01  0.4425E+01  0.4423E+01
  0.4422E+01  0.4420E+01  0.4418E+01  0.4416E+01  0.4414E+01  0.4412E+01
  0.4409E+01  0.4407E+01  0.4404E+01  0.4401E+01  0.4399E+01  0.4395E+01
  0.4392E+01  0.4389E+01  0.4385E+01  0.4382E+01  0.4378E+01  0.4374E+01
  0.4370E+01  0.4366E+01  0.4362E+01  0.4357E+01  0.4353E+01  0.4348E+01
  0.4344E+01  0.4339E+01  0.4335E+01  0.4330E+01  0.4326E+01  0.4322E+01
  0.4318E+01  0.4314E+01  0.4311E+01  0.4308E+01  0.4305E+01  0.4303E+01
  0.4302E+01  0.4301E+01  0.4302E+01  0.4303E+01  0.4306E+01  0.4311E+01
  0.4320E+01  0.4337E+01  0.4375E+01  0.4450E+01  0.4560E+01  0.4669E+01
  0.4743E+01  0.4769E+01  0.4746E+01  0.4706E+01  0.4689E+01  0.3300E+01
  0.4440E+01  0.4439E+01  0.4439E+01  0.4438E+01  0.4437E+01  0.4437E+01
  0.4436E+01  0.4435E+01  0.4434E+01  0.4433E+01  0.4432E+01  0.4430E+01
  0.4429E+01  0.4428E+01  0.4427E+01  0.4425E+01  0.4423E+01  0.4422E+01
  0.4420E+01  0.4418E+01  0.4416E+01  0.4414E+01  0.4412E+01  0.4409E+01
  0.4407E+01  0.4404E+01  0.4401E+01  0.4399E+01  0.4395E+01  0.4392E+01
  0.4389E+01  0.4385E+01  0.4382E+01  0.4378E+01  0.4374E+01  0.4370E+01
  0.4366E+01  0.4362E+01  0.4357E+01  0.4353E+01  0.4348E+01  0.4344E+01
  0.4339E+01  0.4335E+01  0.4330E+01  0.4326E+01  0.4322E+01  0.4318E+01
  0.4314E+01  0.4311E+01  0.4308E+01  0.4305E+01  0.4303E+01  0.4302E+01
  0.4301E+01  0.4302E+01  0.4303E+01  0.4306E+01  0.4311E+01  0.4320E+01
  0.4337E+01  0.4375E+01  0.4450E+01  0.4560E+01  0.4669E+01  0.4743E+01
  0.4769E+01  0.4746E+01  0.4705E+01  0.4688E+01  0.3304E+01  0.4440E+01
  0.4439E+01  0.4439E+01  0.4438E+01  0.4437E+01  0.4437E+01  0.4436E+01
  0.4435E+01  0.4434E+01  0.4433E+01  0.4432E+01  0.4430E+01  0.4429E+01
  0.4428E+01  0.4427E+01  0.4425E+01  0.4423E+01  0.4422E+01  0.4420E+01
  0.4418E+01  0.4416E+01  0.4414E+01  0.4412E+01  0.4409E+01  0.4407E+01
  0.4404E+01  0.4401E+01  0.4399E+01  0.4395E+01  0.4392E+01  0.4389E+01
  0.4385E+01  0.4382E+01  0.4378E+01  0.4374E+01  0.4370E+01  0.4366E+01
  0.4362E+01  0.4357E+01  0.4353E+01  0.4348E+01  0.4344E+01  0.4339E+01
  0.4335E+01  0.4330E+01  0.4326E+01  0.4322E+01  0.4318E+01  0.4314E+01
  0.4311E+01  0.4308E+01  0.4305E+01  0.4303E+01  0.4302E+01  0.4301E+01
  0.4302E+01  0.4303E+01  0.4306E+01  0.4311E+01  0.4320E+01  0.4337E+01
  0.4375E+01  0.4450E+01  0.4559E+01  0.4669E+01  0.4743E+01  0.4769E+01
  0.4746E+01  0.4705E+01  0.4688E+01  0.3309E+01  0.4440E+01  0.4439E+01
  0.4439E+01  0.4438E+01  0.4437E+01  0.4437E+01  0.4436E+01  0.4435E+01
  0.4434E+01  0.4433E+01  0.4432E+01  0.4430E+01  0.4429E+01  0.4428E+01
  0.4427E+01  0.4425E+01  0.4423E+01  0.4422E+01  0.4420E+01  0.4418E+01
  0.4416E+01  0.4414E+01  0.4412E+01  0.4409E+01  0.4407E+01  0.4404E+01
  0.4401E+01  0.4399E+01  0.4395E+01  0.4392E+01  0.4389E+01  0.4385E+01
  0.4382E+01  0.4378E+01  0.4374E+01  0.4370E+01  0.4366E+01  0.4362E+01
  0.4357E+01  0.4353E+01  0.4348E+01  0.4344E+01  0.4339E+01  0.4335E+01
  0.4330E+01  0.4326E+01  0.4322E+01  0.4318E+01  0.4314E+01  0.4311E+01
  0.4308E+01  0.4305E+01  0.4303E+01  0.4302E+01  0.4301E+01  0.4302E+01
  0.4303E+01  0.4306E+01  0.4311E+01  0.4320E+01  0.4337E+01  0.4375E+01
  0.4450E+01  0.4559E+01  0.4669E+01  0.4743E+01  0.4769E+01  0.4746E+01
  0.4705E+01  0.4688E+01  0.3311E+01  0.4440E+01  0.4439E+01  0.4439E+01
  0.4438E+01  0.4437E+01  0.4437E+01  0.4436E+01  0.4435E+01  0.4434E+01
  0.4433E+01  0.4432E+01  0.4430E+01  0.4429E+01  0.4428E+01  0.4427E+01
  0.4425E+01  0.4423E+01  0.4422E+01  0.4420E+01  0.4418E+01  0.4416E+01
  0.4414E+01  0.4412E+01  0.4409E+01  0.4407E+01  0.4404E+01  0.4401E+01
  0.4399E+01  0.4395E+01  0.4392E+01  0.4389E+01  0.4385E+01  0.4382E+01
  0.4378E+01  0.4374E+01  0.4370E+01  0.4366E+01  0.4362E+01  0.4357E+01
  0.4353E+01  0.4348E+01  0.4344E+01  0.4339E+01  0.4335E+01  0.4330E+01
  0.4326E+01  0.4322E+01  0.4318E+01  0.4314E+01  0.4311E+01  0.4308E+01
  0.4305E+01  0.4303E+01  0.4302E+01  0.4301E+01  0.4302E+01  0.4303E+01
  0.4306E+01  0.4311E+01  0.4320E+01  0.4337E+01  0.4375E+01  0.4450E+01
  0.4559E+01  0.4669E+01  0.4743E+01  0.4769E+01  0.4746E+01  0.4705E+01
  0.4688E+01  0.3311E+01  0.4440E+01  0.4439E+01  0.4439E+01  0.4438E+01
  0.4437E+01  0.4437E+01  0.4436E+01  0.4435E+01  0.4434E+01  0.4433E+01
  0.4432E+01  0.4430E+01  0.4429E+01  0.4428E+01  0.4427E+01  0.4425E+01
  0.4423E+01  0.4422E+01  0.4420E+01  0.4418E+01  0.4416E+01  0.4414E+01
  0.4412E+01  0.4409E+01  0.4407E+01  0.4404E+01  0.4401E+01  0.4399E+01
  0.4395E+01  0.4392E+01  0.4389E+01  0.4385E+01  0.4382E+01  0.4378E+01
  0.4374E+01  0.4370E+01  0.4366E+01  0.4362E+01  0.4357E+01  0.4353E+01
  0.4348E+01  0.4344E+01  0.4339E+01  0.4335E+01  0.4330E+01  0.4326E+01
  0.4322E+01  0.4318E+01  0.4314E+01  0.4311E+01  0.4308E+01  0.4305E+01
  0.4303E+01  0.4302E+01  0.4301E+01  0.4302E+01  0.4303E+01  0.4306E+01
  0.4311E+01  0.4320E+01  0.4337E+01  0.4375E+01  0.4450E+01  0.4559E+01
  0.4669E+01  0.4743E+01  0.4769E+01  0.4746E+01  0.4705E+01  0.4688E+01
  0.3311E+01  0.4440E+01  0.4439E+01  0.4439E+01  0.4438E+01  0.4437E+01
  0.4437E+01  0.4436E+01  0.4435E+01  0.4434E+01  0.4433E+01  0.4432E+01
  0.4430E+01  0.4429E+01  0.4428E+01  0.4427E+01  0.4425E+01  0.4423E+01
  0.4422E+01  0.4420E+01  0.4418E+01  0.4416E+01  0.4414E+01  0.4412E+01
  0.4409E+01  0.4407E+01  0.4404E+01  0.4401E+01  0.4399E+01  0.4395E+01
  0.4392E+01  0.4389E+01  0.4385E+01  0.4382E+01  0.4378E+01  0.4374E+01
  0.4370E+01  0.4366E+01  0.4362E+01  0.4357E+01  0.4353E+01  0.4348E+01
  0.4344E+01  0.4339E+01  0.4335E+01  0.4330E+01  0.4326E+01  0.4322E+01
  0.4318E+01  0.4314E+01  0.4311E+01  0.4308E+01  0.4305E+01  0.4303E+01
  0.4302E+01  0.4301E+01  0.4302E+01  0.4303E+01  0.4306E+01  0.4311E+01
  0.4320E+01  0.4337E+01  0.4375E+01  0.4450E+01  0.4559E+01  0.4669E+01
  0.4743E+01  0.4769E+01  0.4746E+01  0.4705E+01  0.4688E+01  0.3310E+01
  0.4440E+01  0.4439E+01  0.4439E+01  0.4438E+01  0.4437E+01  0.4437E+01
  0.4436E+01  0.4435E+01  0.4434E+01  0.4433E+01  0.4432E+01  0.4430E+01
  0.4429E+01  0.4428E+01  0.4427E+01  0.4425E+01  0.4423E+01  0.4422E+01
  0.4420E+01  0.4418E+01  0.4416E+01  0.4414E+01  0.4412E+01  0.4409E+01
  0.4407E+01  0.4404E+01  0.4401E+01  0.4399E+01  0.4395E+01  0.4392E+01
  0.4389E+01  0.4385E+01  0.4382E+01  0.4378E+01  0.4374E+01  0.4370E+01
  0.4366E+01  0.4362E+01  0.4357E+01  0.4353E+01  0.4348E+01  0.4344E+01
  0.4339E+01  0.4335E+01  0.4330E+01  0.4326E+01  0.4322E+01  0.4318E+01
  0.4314E+01  0.4311E+01  0.4308E+01  0.4305E+01  0.4303E+01  0.4302E+01
  0.4301E+01  0.4302E+01  0.4303E+01  0.4306E+01  0.4311E+01  0.4320E+01
  0.4337E+01  0.4375E+01  0.4450E+01  0.4559E+01  0.4669E+01  0.4743E+01
  0.4769E+01  0.4746E+01  0.4705E+01  0.4688E+01  0.3310E+01  0.4440E+01
  0.4439E+01  0.4439E+01  0.4438E+01  0.4437E+01  0.4437E+01  0.4436E+01
  0.4435E+01  0.4434E+01  0.4433E+01  0.4432E+01  0.4430E+01  0.4429E+01
  0.4428E+01  0.4427E+01  0.4425E+01  0.4423E+01  0.4422E+01  0.4420E+01
  0.4418E+01  0.4416E+01  0.4414E+01  0.4412E+01  0.4409E+01  0.4407E+01
  0.4404E+01  0.4401E+01  0.4399E+01  0.4395E+01  0.4392E+01  0.4389E+01
  0.4385E+01  0.4382E+01  0.4378E+01  0.4374E+01  0.4370E+01  0.4366E+01
  0.4362E+01  0.4357E+01  0.4353E+01  0.4348E+01  0.4344E+01  0.4339E+01
  0.4335E+01  0.4330E+01  0.4326E+01  0.4322E+01  0.4318E+01  0.4314E+01
  0.4311E+01  0.4308E+01  0.4305E+01  0.4303E+01  0.4302E+01  0.4301E+01
  0.4302E+01  0.4303E+01  0.4306E+01  0.4311E+01  0.4320E+01  0.4337E+01
  0.4375E+01  0.4450E+01  0.4559E+01  0.4669E+01  0.4743E+01  0.4769E+01
  0.4746E+01  0.4705E+01  0.4688E+01  0.3310E+01  0.4440E+01  0.4439E+01
  0.4439E+01  0.4438E+01  0.4437E+01  0.4437E+01  0.4436E+01  0.4435E+01
  0.4434E+01  0.4433E+01  0.4432E+01  0.4430E+01  0.4429E+01  0.4428E+01
  0.4427E+01  0.4425E+01  0.4423E+01  0.4422E+01  0.4420E+01  0.4418E+01
  0.4416E+01  0.4414E+01  0.4412E+01  0.4409E+01  0.4407E+01  0.4404E+01
  0.4401E+01  0.4399E+01  0.4395E+01  0.4392E+01  0.4389E+01  0.4385E+01
  0.4382E+01  0.4378E+01  0.4374E+01  0.4370E+01  0.4366E+01  0.4362E+01
  0.4357E+01  0.4353E+01  0.4348E+01  0.4344E+01  0.4339E+01  0.4335E+01
  0.4330E+01  0.4326E+01  0.4322E+01  0.4318E+01  0.4314E+01  0.4311E+01
  0.4308E+01  0.4305E+01  0.4303E+01  0.4302E+01  0.4301E+01  0.4302E+01
  0.4303E+01  0.4306E+01  0.4311E+01  0.4320E+01  0.4337E+01  0.4375E+01
  0.4450E+01  0.4559E+01  0.4669E+01  0.4743E+01  0.4769E+01  0.4746E+01
  0.4705E+01  0.4688E+01  0.3310E+01  0.4440E+01  0.4439E+01  0.4439E+01
  0.4438E+01  0.4437E+01  0.4437E+01  0.4436E+01  0.4435E+01  0.4434E+01
  0.4433E+01  0.4432E+01  0.4430E+01  0.4429E+01  0.4428E+01  0.4427E+01
  0.4425E+01  0.4423E+01  0.4422E+01  0.4420E+01  0.4418E+01  0.4416E+01
  0.4414E+01  0.4412E+01  0.4409E+01  0.4407E+01  0.4404E+01  0.4401E+01
  0.4399E+01  0.4395E+01  0.4392E+01  0.4389E+01  0.4385E+01  0.4382E+01
  0.4378E+01  0.4374E+01  0.4370E+01  0.4366E+01  0.4362E+01  0.4357E+01
  0.4353E+01  0.4348E+01  0.4344E+01  0.4339E+01  0.4335E+01  0.4330E+01
  0.4326E+01  0.4322E+01  0.4318E+01  0.4314E+01  0.4311E+01  0.4308E+01
  0.4305E+01  0.4303E+01  0.4302E+01  0.4301E+01  0.4302E+01  0.4303E+01
  0.4306E+01  0.4311E+01  0.4320E+01  0.4337E+01  0.4375E+01  0.4450E+01
  0.4559E+01  0.4669E+01  0.4743E+01  0.4769E+01  0.4746E+01  0.4705E+01
  0.4688E+01  0.3310E+01  0.4440E+01  0.4439E+01  0.4439E+01  0.4438E+01
  0.4437E+01  0.4437E+01  0.4436E+01  0.4435E+01  0.4434E+01  0.4433E+01
  0.4432E+01  0.4430E+01  0.4429E+01  0.4428E+01  0.4427E+01  0.4425E+01
  0.4423E+01  0.4422E+01  0.4420E+01  0.4418E+01  0.4416E+01  0.4414E+01
  0.4412E+01  0.4409E+01  0.4407E+01  0.4404E+01  0.4401E+01  0.4399E+01
  0.4395E+01  0.4392E+01  0.4389E+01  0.4385E+01  0.4382E+01  0.4378E+01
  0.4374E+01  0.4370E+01  0.4366E+01  0.4362E+01  0.4357E+01  0.4353E+01
  0.4348E+01  0.4344E+01  0.4339E+01  0.4335E+01  0.4330E+01  0.4326E+01
  0.4322E+01  0.4318E+01  0.4314E+01  0.4311E+01  0.4308E+01  0.4305E+01
  0.4303E+01  0.4302E+01  0.4301E+01  0.4302E+01  0.4303E+01  0.4306E+01
  0.4311E+01  0.4320E+01  0.4337E+01  0.4375E+01  0.4450E+01  0.4559E+01
  0.4669E+01  0.4743E+01  0.4769E+01  0.4746E+01  0.4705E+01  0.4688E+01
  0.3310E+01  0.4440E+01  0.4439E+01  0.4439E+01  0.4438E+01  0.4437E+01
  0.4437E+01  0.4436E+01  0.4435E+01  0.4434E+01  0.4433E+01  0.4432E+01
  0.4430E+01  0.4429E+01  0.4428E+01  0.4427E+01  0.4425E+01  0.4423E+01
  0.4422E+01  0.4420E+01  0.4418E+01  0.4416E+01  0.4414E+01  0.4412E+01
  0.4409E+01  0.4407E+01  0.4404E+01  0.4401E+01  0.4399E+01  0.4395E+01
  0.4392E+01  0.4389E+01  0.4385E+01  0.4382E+01  0.4378E+01  0.4374E+01
  0.4370E+01  0.4366E+01  0.4362E+01  0.4357E+01  0.4353E+01  0.4348E+01
  0.4344E+01  0.4339E+01  0.4335E+01  0.4330E+01  0.4326E+01  0.4322E+01
  0.4318E+01  0.4314E+01  0.4311E+01  0.4308E+01  0.4305E+01  0.4303E+01
  0.4302E+01  0.4301E+01  0.4302E+01  0.4303E+01  0.4306E+01  0.4311E+01
  0.4320E+01  0.4337E+01  0.4375E+01  0.4450E+01  0.4559E+01  0.4669E+01
  0.4743E+01  0.4769E+01  0.4746E+01  0.4705E+01  0.4688E+01  0.3310E+01
  0.4440E+01  0.4439E+01  0.4439E+01  0.4438E+01  0.4437E+01  0.4437E+01
  0.4436E+01  0.4435E+01  0.4434E+01  0.4433E+01  0.4432E+01  0.4430E+01
  0.4429E+01  0.4428E+01  0.4427E+01  0.4425E+01  0.4423E+01  0.4422E+01
  0.4420E+01  0.4418E+01  0.4416E+01  0.4414E+01  0.4412E+01  0.4409E+01
  0.4407E+01  0.4404E+01  0.4401E+01  0.4399E+01  0.4395E+01  0.4392E+01
  0.4389E+01  0.4385E+01  0.4382E+01  0.4378E+01  0.4374E+01  0.4370E+01
  0.4366E+01  0.4362E+01  0.4357E+01  0.4353E+01  0.4348E+01  0.4344E+01
  0.4339E+01  0.4335E+01  0.4330E+01  0.4326E+01  0.4322E+01  0.4318E+01
  0.4314E+01  0.4311E+01  0.4308E+01  0.4305E+01  0.4303E+01  0.4302E+01
  0.4301E+01  0.4302E+01  0.4303E+01  0.4306E+01  0.4311E+01  0.4320E+01
  0.4337E+01  0.4375E+01  0.4450E+01  0.4559E+01  0.4669E+01  0.4743E+01
  0.4769E+01  0.4746E+01  0.4705E+01  0.4688E+01  0.3310E+01  0.4440E+01
  0.4439E+01  0.4439E+01  0.4438E+01  0.4437E+01  0.4437E+01  0.4436E+01
  0.4435E+01  0.4434E+01  0.4433E+01  0.4432E+01  0.4430E+01  0.4429E+01
  0.4428E+01  0.4427E+01  0.4425E+01  0.4423E+01  0.4422E+01  0.4420E+01
  0.4418E+01  0.4416E+01  0.4414E+01  0.4412E+01  0.4409E+01  0.4407E+01
  0.4404E+01  0.4401E+01  0.4399E+01  0.4395E+01  0.4392E+01  0.4389E+01
  0.4385E+01  0.4382E+01  0.4378E+01  0.4374E+01  0.4370E+01  0.4366E+01
  0.4362E+01  0.4357E+01  0.4353E+01  0.4348E+01  0.4344E+01  0.4339E+01
  0.4335E+01  0.4330E+01  0.4326E+01  0.4322E+01  0.4318E+01  0.4314E+01
  0.4311E+01  0.4308E+01  0.4305E+01  0.4303E+01  0.4302E+01  0.4301E+01
  0.4302E+01  0.4303E+01  0.4306E+01  0.4311E+01  0.4320E+01  0.4337E+01
  0.4375E+01  0.4450E+01  0.4559E+01  0.4669E+01  0.4743E+01  0.4769E+01
  0.4746E+01  0.4705E+01  0.4688E+01  0.3310E+01  0.4440E+01  0.4439E+01
  0.4439E+01  0.4438E+01  0.4437E+01  0.4437E+01  0.4436E+01  0.4435E+01
  0.4434E+01  0.4433E+01  0.4432E+01  0.4430E+01  0.4429E+01  0.4428E+01
  0.4427E+01  0.4425E+01  0.4423E+01  0.4422E+01  0.4420E+01  0.4418E+01
  0.4416E+01  0.4414E+01  0.4412E+01  0.4409E+01  0.4407E+01  0.4404E+01
  0.4401E+01  0.4399E+01  0.4395E+01  0.4392E+01  0.4389E+01  0.4385E+01
  0.4382E+01  0.4378E+01  0.4374E+01  0.4370E+01  0.4366E+01  0.4362E+01
  0.4357E+01  0.4353E+01  0.4348E+01  0.4344E+01  0.4339E+01  0.4335E+01
  0.4330E+01  0.4326E+01  0.4322E+01  0.4318E+01  0.4314E+01  0.4311E+01
  0.4308E+01  0.4305E+01  0.4303E+01  0.4302E+01  0.4301E+01  0.4302E+01
  0.4303E+01  0.4306E+01  0.4311E+01  0.4320E+01  0.4337E+01  0.4375E+01
  0.4450E+01  0.4559E+01  0.4669E+01  0.4743E+01  0.4769E+01  0.4746E+01
  0.4705E+01  0.4688E+01  0.3310E+01  0.4440E+01  0.4439E+01  0.4439E+01
  0.4438E+01  0.4437E+01  0.4437E+01  0.4436E+01  0.4435E+01  0.4434E+01
  0.4433E+01  0.4432E+01  0.4430E+01  0.4429E+01  0.4428E+01  0.4427E+01
  0.4425E+01  0.4423E+01  0.4422E+01  0.4420E+01  0.4418E+01  0.4416E+01
  0.4414E+01  0.4412E+01  0.4409E+01  0.4407E+01  0.4404E+01  0.4401E+01
  0.4399E+01  0.4395E+01  0.4392E+01  0.4389E+01  0.4385E+01  0.4382E+01
  0.4378E+01  0.4374E+01  0.4370E+01  0.4366E+01  0.4362E+01  0.4357E+01
  0.4353E+01  0.4348E+01  0.4344E+01  0.4339E+01  0.4335E+01  0.4330E+01
  0.4326E+01  0.4322E+01  0.4318E+01  0.4314E+01  0.4311E+01  0.4308E+01
  0.4305E+01  0.4303E+01  0.4302E+01  0.4301E+01  0.4302E+01  0.4303E+01
  0.4306E+01  0.4311E+01  0.4320E+01  0.4337E+01  0.4375E+01  0.4450E+01
  0.4559E+01  0.4669E+01  0.4743E+01  0.4769E+01  0.4746E+01  0.4705E+01
  0.4688E+01  0.3310E+01  0.4440E+01  0.4439E+01  0.4439E+01  0.4438E+01
  0.4437E+01  0.4437E+01  0.4436E+01  0.4435E+01  0.4434E+01  0.4433E+01
  0.4432E+01  0.4430E+01  0.4429E+01  0.4428E+01  0.4427E+01  0.4425E+01
  0.4423E+01  0.4422E+01  0.4420E+01  0.4418E+01  0.4416E+01  0.4414E+01
  0.4412E+01  0.4409E+01  0.4407E+01  0.4404E+01  0.4401E+01  0.4399E+01
  0.4395E+01  0.4392E+01  0.4389E+01  0.4385E+01  0.4382E+01  0.4378E+01
  0.4374E+01  0.4370E+01  0.4366E+01  0.4362E+01  0.4357E+01  0.4353E+01
  0.4348E+01  0.4344E+01  0.4339E+01  0.4335E+01  0.4330E+01  0.4326E+01
  0.4322E+01  0.4318E+01  0.4314E+01  0.4311E+01  0.4308E+01  0.4305E+01
  0.4303E+01  0.4302E+01  0.4301E+01  0.4302E+01  0.4303E+01  0.4306E+01
  0.4311E+01  0.4320E+01  0.4337E+01  0.4375E+01  0.4450E+01  0.4559E+01
  0.4669E+01  0.4743E+01  0.4769E+01  0.4746E+01  0.4705E+01  0.4688E+01
  0.3310E+01  0.4440E+01  0.4439E+01  0.4439E+01  0.4438E+01  0.4437E+01
  0.4437E+01  0.4436E+01  0.4435E+01  0.4434E+01  0.4433E+01  0.4432E+01
  0.4430E+01  0.4429E+01  0.4428E+01  0.4427E+01  0.4425E+01  0.4423E+01
  0.4422E+01  0.4420E+01  0.4418E+01  0.4416E+01  0.4414E+01  0.4412E+01
  0.4409E+01  0.4407E+01  0.4404E+01  0.4401E+01  0.4399E+01  0.4395E+01
  0.4392E+01  0.4389E+01  0.4385E+01  0.4382E+01  0.4378E+01  0.4374E+01
  0.4370E+01  0.4366E+01  0.4362E+01  0.4357E+01  0.4353E+01  0.4348E+01
  0.4344E+01  0.4339E+01  0.4335E+01  0.4330E+01  0.4326E+01  0.4322E+01
  0.4318E+01  0.4314E+01  0.4311E+01  0.4308E+01  0.4305E+01  0.4303E+01
  0.4302E+01  0.4301E+01  0.4302E+01  0.4303E+01  0.4306E+01  0.4311E+01
  0.4320E+01  0.4337E+01  0.4375E+01  0.4450E+01  0.4559E+01  0.4669E+01
  0.4743E+01  0.4769E+01  0.4746E+01  0.4705E+01  0.4688E+01  0.3310E+01
  0.4440E+01  0.4439E+01  0.4439E+01  0.4438E+01  0.4437E+01  0.4437E+01
  0.4436E+01  0.4435E+01  0.4434E+01  0.4433E+01  0.4432E+01  0.4430E+01
  0.4429E+01  0.4428E+01  0.4427E+01  0.4425E+01  0.4423E+01  0.4422E+01
  0.4420E+01  0.4418E+01  0.4416E+01  0.4414E+01  0.4412E+01  0.4409E+01
  0.4407E+01  0.4404E+01  0.4401E+01  0.4399E+01  0.4395E+01  0.4392E+01
  0.4389E+01  0.4385E+01  0.4382E+01  0.4378E+01  0.4374E+01  0.4370E+01
  0.4366E+01  0.4362E+01  0.4357E+01  0.4353E+01  0.4348E+01  0.4344E+01
  0.4339E+01  0.4335E+01  0.4330E+01  0.4326E+01  0.4322E+01  0.4318E+01
  0.4314E+01  0.4311E+01  0.4308E+01  0.4305E+01  0.4303E+01  0.4302E+01
  0.4301E+01  0.4302E+01  0.4303E+01  0.4306E+01  0.4311E+01  0.4320E+01
  0.4337E+01  0.4375E+01  0.4450E+01  0.4559E+01  0.4669E+01  0.4743E+01
  0.4769E+01  0.4746E+01  0.4705E+01  0.4688E+01  0.3310E+01  0.4440E+01
  0.4439E+01  0.4439E+01  0.4438E+01  0.4437E+01  0.4437E+01  0.4436E+01
  0.4435E+01  0.4434E+01  0.4433E+01  0.4432E+01  0.4430E+01  0.4429E+01
  0.4428E+01  0.4427E+01  0.4425E+01  0.4423E+01  0.4422E+01  0.4420E+01
  0.4418E+01  0.4416E+01  0.4414E+01  0.4412E+01  0.4409E+01  0.4407E+01
  0.4404E+01  0.4401E+01  0.4399E+01  0.4395E+01  0.4392E+01  0.4389E+01
  0.4385E+01  0.4382E+01  0.4378E+01  0.4374E+01  0.4370E+01  0.4366E+01
  0.4362E+01  0.4357E+01  0.4353E+01  0.4348E+01  0.4344E+01  0.4339E+01
  0.4335E+01  0.4330E+01  0.4326E+01  0.4322E+01  0.4318E+01  0.4314E+01
  0.4311E+01  0.4308E+01  0.4305E+01  0.4303E+01  0.4302E+01  0.4301E+01
  0.4302E+01  0.4303E+01  0.4306E+01  0.4311E+01  0.4320E+01  0.4337E+01
  0.4375E+01  0.4450E+01  0.4559E+01  0.4669E+01  0.4743E+01  0.4769E+01
  0.4746E+01  0.4705E+01  0.4688E+01  0.3310E+01  0.4440E+01  0.4439E+01
  0.4439E+01  0.4438E+01  0.4437E+01  0.4437E+01  0.4436E+01  0.4435E+01
  0.4434E+01  0.4433E+01  0.4432E+01  0.4430E+01  0.4429E+01  0.4428E+01
  0.4427E+01  0.4425E+01  0.4423E+01  0.4422E+01  0.4420E+01  0.4418E+01
  0.4416E+01  0.4414E+01  0.4412E+01  0.4409E+01  0.4407E+01  0.4404E+01
  0.4401E+01  0.4399E+01  0.4395E+01  0.4392E+01  0.4389E+01  0.4385E+01
  0.4382E+01  0.4378E+01  0.4374E+01  0.4370E+01  0.4366E+01  0.4362E+01
  0.4357E+01  0.4353E+01  0.4348E+01  0.4344E+01  0.4339E+01  0.4335E+01
  0.4330E+01  0.4326E+01  0.4322E+01  0.4318E+01  0.4314E+01  0.4311E+01
  0.4308E+01  0.4305E+01  0.4303E+01  0.4302E+01  0.4301E+01  0.4302E+01
  0.4303E+01  0.4306E+01  0.4311E+01  0.4320E+01  0.4337E+01  0.4375E+01
  0.4450E+01  0.4559E+01  0.4669E+01  0.4743E+01  0.4769E+01  0.4746E+01
  0.4705E+01  0.4688E+01  0.3310E+01  0.4440E+01  0.4439E+01  0.4439E+01
  0.4438E+01  0.4437E+01  0.4437E+01  0.4436E+01  0.4435E+01  0.4434E+01
  0.4433E+01  0.4432E+01  0.4430E+01  0.4429E+01  0.4428E+01  0.4427E+01
  0.4425E+01  0.4423E+01  0.4422E+01  0.4420E+01  0.4418E+01  0.4416E+01
  0.4414E+01  0.4412E+01  0.4409E+01  0.4407E+01  0.4404E+01  0.4401E+01
  0.4399E+01  0.4395E+01  0.4392E+01  0.4389E+01  0.4385E+01  0.4382E+01
  0.4378E+01  0.4374E+01  0.4370E+01  0.4366E+01  0.4362E+01  0.4357E+01
  0.4353E+01  0.4348E+01  0.4344E+01  0.4339E+01  0.4335E+01  0.4330E+01
  0.4326E+01  0.4322E+01  0.4318E+01  0.4314E+01  0.4311E+01  0.4308E+01
  0.4305E+01  0.4303E+01  0.4302E+01  0.4301E+01  0.4302E+01  0.4303E+01
  0.4306E+01  0.4311E+01  0.4320E+01  0.4337E+01  0.4375E+01  0.4450E+01
  0.4559E+01  0.4669E+01  0.4743E+01  0.4769E+01  0.4746E+01  0.4705E+01
  0.4688E+01  0.3310E+01  0.4440E+01  0.4439E+01  0.4439E+01  0.4438E+01
  0.4437E+01  0.4437E+01  0.4436E+01  0.4435E+01  0.4434E+01  0.4433E+01
  0.4432E+01  0.4430E+01  0.4429E+01  0.4428E+01  0.4427E+01  0.4425E+01
  0.4423E+01  0.4422E+01  0.4420E+01  0.4418E+01  0.4416E+01  0.4414E+01
  0.4412E+01  0.4409E+01  0.4407E+01  0.4404E+01  0.4401E+01  0.4399E+01
  0.4395E+01  0.4392E+01  0.4389E+01  0.4385E+01  0.4382E+01  0.4378E+01
  0.4374E+01  0.4370E+01  0.4366E+01  0.4362E+01  0.4357E+01  0.4353E+01
  0.4348E+01  0.4344E+01  0.4339E+01  0.4335E+01  0.4330E+01  0.4326E+01
  0.4322E+01  0.4318E+01  0.4314E+01  0.4311E+01  0.4308E+01  0.4305E+01
  0.4303E+01  0.4302E+01  0.4301E+01  0.4302E+01  0.4303E+01  0.4306E+01
  0.4311E+01  0.4320E+01  0.4337E+01  0.4375E+01  0.4450E+01  0.4559E+01
  0.4669E+01  0.4743E+01  0.4769E+01  0.4746E+01  0.4705E+01  0.4688E+01
  0.3310E+01  0.4440E+01  0.4439E+01  0.4439E+01  0.4438E+01  0.4437E+01
  0.4437E+01  0.4436E+01  0.4435E+01  0.4434E+01  0.4433E+01  0.4432E+01
  0.4430E+01  0.4429E+01  0.4428E+01  0.4427E+01  0.4425E+01  0.4423E+01
  0.4422E+01  0.4420E+01  0.4418E+01  0.4416E+01  0.4414E+01  0.4412E+01
  0.4409E+01  0.4407E+01  0.4404E+01  0.4401E+01  0.4399E+01  0.4395E+01
  0.4392E+01  0.4389E+01  0.4385E+01  0.4382E+01  0.4378E+01  0.4374E+01
  0.4370E+01  0.4366E+01  0.4362E+01  0.4357E+01  0.4353E+01  0.4348E+01
  0.4344E+01  0.4339E+01  0.4335E+01  0.4330E+01  0.4326E+01  0.4322E+01
  0.4318E+01  0.4314E+01  0.4311E+01  0.4308E+01  0.4305E+01  0.4303E+01
  0.4302E+01  0.4301E+01  0.4302E+01  0.4303E+01  0.4306E+01  0.4311E+01
  0.4320E+01  0.4337E+01  0.4375E+01  0.4450E+01  0.4559E+01  0.4669E+01
  0.4743E+01  0.4769E+01  0.4746E+01  0.4705E+01  0.4688E+01  0.3310E+01
  0.4440E+01  0.4439E+01  0.4439E+01  0.4438E+01  0.4437E+01  0.4437E+01
  0.4436E+01  0.4435E+01  0.4434E+01  0.4433E+01  0.4432E+01  0.4430E+01
  0.4429E+01  0.4428E+01  0.4427E+01  0.4425E+01  0.4423E+01  0.4422E+01
  0.4420E+01  0.4418E+01  0.4416E+01  0.4414E+01  0.4412E+01  0.4409E+01
  0.4407E+01  0.4404E+01  0.4401E+01  0.4399E+01  0.4395E+01  0.4392E+01
  0.4389E+01  0.4385E+01  0.4382E+01  0.4378E+01  0.4374E+01  0.4370E+01
  0.4366E+01  0.4362E+01  0.4357E+01  0.4353E+01  0.4348E+01  0.4344E+01
  0.4339E+01  0.4335E+01  0.4330E+01  0.4326E+01  0.4322E+01  0.4318E+01
  0.4314E+01  0.4311E+01  0.4308E+01  0.4305E+01  0.4303E+01  0.4302E+01
  0.4301E+01  0.4302E+01  0.4303E+01  0.4306E+01  0.4311E+01  0.4320E+01
  0.4337E+01  0.4375E+01  0.4450E+01  0.4559E+01  0.4669E+01  0.4743E+01
  0.4769E+01  0.4746E+01  0.4705E+01  0.4688E+01  0.3310E+01  0.4440E+01
  0.4439E+01  0.4439E+01  0.4438E+01  0.4437E+01  0.4437E+01  0.4436E+01
  0.4435E+01  0.4434E+01  0.4433E+01  0.4432E+01  0.4430E+01  0.4429E+01
  0.4428E+01  0.4427E+01  0.4425E+01  0.4423E+01  0.4422E+01  0.4420E+01
  0.4418E+01  0.4416E+01  0.4414E+01  0.4412E+01  0.4409E+01  0.4407E+01
  0.4404E+01  0.4401E+01  0.4399E+01  0.4395E+01  0.4392E+01  0.4389E+01
  0.4385E+01  0.4382E+01  0.4378E+01  0.4374E+01  0.4370E+01  0.4366E+01
  0.4362E+01  0.4357E+01  0.4353E+01  0.4348E+01  0.4344E+01  0.4339E+01
  0.4335E+01  0.4330E+01  0.4326E+01  0.4322E+01  0.4318E+01  0.4314E+01
  0.4311E+01  0.4308E+01  0.4305E+01  0.4303E+01  0.4302E+01  0.4301E+01
  0.4302E+01  0.4303E+01  0.4306E+01  0.4311E+01  0.4320E+01  0.4337E+01
  0.4375E+01  0.4450E+01  0.4559E+01  0.4669E+01  0.4743E+01  0.4769E+01
  0.4746E+01  0.4705E+01  0.4688E+01  0.3310E+01  0.4440E+01  0.4439E+01
  0.4439E+01  0.4438E+01  0.4437E+01  0.4437E+01  0.4436E+01  0.4435E+01
  0.4434E+01  0.4433E+01  0.4432E+01  0.4430E+01  0.4429E+01  0.4428E+01
  0.4427E+01  0.4425E+01  0.4423E+01  0.4422E+01  0.4420E+01  0.4418E+01
  0.4416E+01  0.4414E+01  0.4412E+01  0.4409E+01  0.4407E+01  0.4404E+01
  0.4401E+01  0.4399E+01  0.4395E+01  0.4392E+01  0.4389E+01  0.4385E+01
  0.4382E+01  0.4378E+01  0.4374E+01  0.4370E+01  0.4366E+01  0.4362E+01
  0.4357E+01  0.4353E+01  0.4348E+01  0.4344E+01  0.4339E+01  0.4335E+01
  0.4330E+01  0.4326E+01  0.4322E+01  0.4318E+01  0.4314E+01  0.4311E+01
  0.4308E+01  0.4305E+01  0.4303E+01  0.4302E+01  0.4301E+01  0.4302E+01
  0.4303E+01  0.4306E+01  0.4311E+01  0.4320E+01  0.4337E+01  0.4375E+01
  0.4450E+01  0.4559E+01  0.4669E+01  0.4743E+01  0.4769E+01  0.4746E+01
  0.4705E+01  0.4688E+01  0.3310E+01  0.4440E+01  0.4439E+01  0.4439E+01
  0.4438E+01  0.4437E+01  0.4437E+01  0.4436E+01  0.4435E+01  0.4434E+01
  0.4433E+01  0.4432E+01  0.4430E+01  0.4429E+01  0.4428E+01  0.4427E+01
  0.4425E+01  0.4423E+01  0.4422E+01  0.4420E+01  0.4418E+01  0.4416E+01
  0.4414E+01  0.4412E+01  0.4409E+01  0.4407E+01  0.4404E+01  0.4401E+01
  0.4399E+01  0.4395E+01  0.4392E+01  0.4389E+01  0.4385E+01  0.4382E+01
  0.4378E+01  0.4374E+01  0.4370E+01  0.4366E+01  0.4362E+01  0.4357E+01
  0.4353E+01  0.4348E+01  0.4344E+01  0.4339E+01  0.4335E+01  0.4330E+01
  0.4326E+01  0.4322E+01  0.4318E+01  0.4314E+01  0.4311E+01  0.4308E+01
  0.4305E+01  0.4303E+01  0.4302E+01  0.4301E+01  0.4302E+01  0.4303E+01
  0.4306E+01  0.4311E+01  0.4320E+01  0.4337E+01  0.4375E+01  0.4450E+01
  0.4559E+01  0.4669E+01  0.4743E+01  0.4769E+01  0.4746E+01  0.4705E+01
  0.4688E+01  0.3310E+01  0.4440E+01  0.4439E+01  0.4439E+01  0.4438E+01
  0.4437E+01  0.4437E+01  0.4436E+01  0.4435E+01  0.4434E+01  0.4433E+01
  0.4432E+01  0.4430E+01  0.4429E+01  0.4428E+01  0.4427E+01  0.4425E+01
  0.4423E+01  0.4422E+01  0.4420E+01  0.4418E+01  0.4416E+01  0.4414E+01
  0.4412E+01  0.4409E+01  0.4407E+01  0.4404E+01  0.4401E+01  0.4399E+01
  0.4395E+01  0.4392E+01  0.4389E+01  0.4385E+01  0.4382E+01  0.4378E+01
  0.4374E+01  0.4370E+01  0.4366E+01  0.4362E+01  0.4357E+01  0.4353E+01
  0.4348E+01  0.4344E+01  0.4339E+01  0.4335E+01  0.4330E+01  0.4326E+01
  0.4322E+01  0.4318E+01  0.4314E+01  0.4311E+01  0.4308E+01  0.4305E+01
  0.4303E+01  0.4302E+01  0.4301E+01  0.4302E+01  0.4303E+01  0.4306E+01
  0.4311E+01  0.4320E+01  0.4337E+01  0.4375E+01  0.4450E+01  0.4559E+01
  0.4669E+01  0.4743E+01  0.4769E+01  0.4746E+01  0.4705E+01  0.4688E+01
  0.3310E+01  0.4440E+01  0.4439E+01  0.4439E+01  0.4438E+01  0.4437E+01
  0.4437E+01  0.4436E+01  0.4435E+01  0.4434E+01  0.4433E+01  0.4432E+01
  0.4430E+01  0.4429E+01  0.4428E+01  0.4427E+01  0.4425E+01  0.4423E+01
  0.4422E+01  0.4420E+01  0.4418E+01  0.4416E+01  0.4414E+01  0.4412E+01
  0.4409E+01  0.4407E+01  0.4404E+01  0.4401E+01  0.4399E+01  0.4395E+01
  0.4392E+01  0.4389E+01  0.4385E+01  0.4382E+01  0.4378E+01  0.4374E+01
  0.4370E+01  0.4366E+01  0.4362E+01  0.4357E+01  0.4353E+01  0.4348E+01
  0.4344E+01  0.4339E+01  0.4335E+01  0.4330E+01  0.4326E+01  0.4322E+01
  0.4318E+01  0.4314E+01  0.4311E+01  0.4308E+01  0.4305E+01  0.4303E+01
  0.4302E+01  0.4301E+01  0.4302E+01  0.4303E+01  0.4306E+01  0.4311E+01
  0.4320E+01  0.4337E+01  0.4375E+01  0.4450E+01  0.4559E+01  0.4669E+01
  0.4743E+01  0.4769E+01  0.4746E+01  0.4705E+01  0.4688E+01  0.3310E+01
  0.4440E+01  0.4439E+01  0.4439E+01  0.4438E+01  0.4437E+01  0.4437E+01
  0.4436E+01  0.4435E+01  0.4434E+01  0.4433E+01  0.4432E+01  0.4430E+01
  0.4429E+01  0.4428E+01  0.4427E+01  0.4425E+01  0.4423E+01  0.4422E+01
  0.4420E+01  0.4418E+01  0.4416E+01  0.4414E+01  0.4412E+01  0.4409E+01
  0.4407E+01  0.4404E+01  0.4401E+01  0.4399E+01  0.4395E+01  0.4392E+01
  0.4389E+01  0.4385E+01  0.4382E+01  0.4378E+01  0.4374E+01  0.4370E+01
  0.4366E+01  0.4362E+01  0.4357E+01  0.4353E+01  0.4348E+01  0.4344E+01
  0.4339E+01  0.4335E+01  0.4330E+01  0.4326E+01  0.4322E+01  0.4318E+01
  0.4314E+01  0.4311E+01  0.4308E+01  0.4305E+01  0.4303E+01  0.4302E+01
  0.4301E+01  0.4302E+01  0.4303E+01  0.4306E+01  0.4311E+01  0.4320E+01
  0.4337E+01  0.4375E+01  0.4450E+01  0.4559E+01  0.4669E+01  0.4743E+01
  0.4769E+01  0.4746E+01  0.4705E+01  0.4688E+01  0.3310E+01  0.4440E+01
  0.4439E+01  0.4439E+01  0.4438E+01  0.4437E+01  0.4437E+01  0.4436E+01
  0.4435E+01  0.4434E+01  0.4433E+01  0.4432E+01  0.4430E+01  0.4429E+01
  0.4428E+01  0.4427E+01  0.4425E+01  0.4423E+01  0.4422E+01  0.4420E+01
  0.4418E+01  0.4416E+01  0.4414E+01  0.4412E+01  0.4409E+01  0.4407E+01
  0.4404E+01  0.4401E+01  0.4399E+01  0.4395E+01  0.4392E+01  0.4389E+01
  0.4385E+01  0.4382E+01  0.4378E+01  0.4374E+01  0.4370E+01  0.4366E+01
  0.4362E+01  0.4357E+01  0.4353E+01  0.4348E+01  0.4344E+01  0.4339E+01
  0.4335E+01  0.4330E+01  0.4326E+01  0.4322E+01  0.4318E+01  0.4314E+01
  0.4311E+01  0.4308E+01  0.4305E+01  0.4303E+01  0.4302E+01  0.4301E+01
  0.4302E+01  0.4303E+01  0.4306E+01  0.4311E+01  0.4320E+01  0.4337E+01
  0.4375E+01  0.4450E+01  0.4559E+01  0.4669E+01  0.4743E+01  0.4769E+01
  0.4746E+01  0.4705E+01  0.4688E+01  0.3310E+01  0.4440E+01  0.4439E+01
  0.4439E+01  0.4438E+01  0.4437E+01  0.4437E+01  0.4436E+01  0.4435E+01
  0.4434E+01  0.4433E+01  0.4432E+01  0.4430E+01  0.4429E+01  0.4428E+01
  0.4427E+01  0.4425E+01  0.4423E+01  0.4422E+01  0.4420E+01  0.4418E+01
  0.4416E+01  0.4414E+01  0.4412E+01  0.4409E+01  0.4407E+01  0.4404E+01
  0.4401E+01  0.4399E+01  0.4395E+01  0.4392E+01  0.4389E+01  0.4385E+01
  0.4382E+01  0.4378E+01  0.4374E+01  0.4370E+01  0.4366E+01  0.4362E+01
  0.4357E+01  0.4353E+01  0.4348E+01  0.4344E+01  0.4339E+01  0.4335E+01
  0.4330E+01  0.4326E+01  0.4322E+01  0.4318E+01  0.4314E+01  0.4311E+01
  0.4308E+01  0.4305E+01  0.4303E+01  0.4302E+01  0.4301E+01  0.4302E+01
  0.4303E+01  0.4306E+01  0.4311E+01  0.4320E+01  0.4337E+01  0.4375E+01
  0.4450E+01  0.4559E+01  0.4669E+01  0.4743E+01  0.4769E+01  0.4746E+01
  0.4705E+01  0.4688E+01  0.3310E+01  0.4440E+01  0.4439E+01  0.4439E+01
  0.4438E+01  0.4437E+01  0.4437E+01  0.4436E+01  0.4435E+01  0.4434E+01
  0.4433E+01  0.4432E+01  0.4430E+01  0.4429E+01  0.4428E+01  0.4427E+01
  0.4425E+01  0.4423E+01  0.4422E+01  0.4420E+01  0.4418E+01  0.4416E+01
  0.4414E+01  0.4412E+01  0.4409E+01  0.4407E+01  0.4404E+01  0.4401E+01
  0.4399E+01  0.4395E+01  0.4392E+01  0.4389E+01  0.4385E+01  0.4382E+01
  0.4378E+01  0.4374E+01  0.4370E+01  0.4366E+01  0.4362E+01  0.4357E+01
  0.4353E+01  0.4348E+01  0.4344E+01  0.4339E+01  0.4335E+01  0.4330E+01
  0.4326E+01  0.4322E+01  0.4318E+01  0.4314E+01  0.4311E+01  0.4308E+01
  0.4305E+01  0.4303E+01  0.4302E+01  0.4301E+01  0.4302E+01  0.4303E+01
  0.4306E+01  0.4311E+01  0.4320E+01  0.4337E+01  0.4375E+01  0.4450E+01
  0.4559E+01  0.4669E+01  0.4743E+01  0.4769E+01  0.4746E+01  0.4705E+01
  0.4688E+01  0.3310E+01  0.4440E+01  0.4439E+01  0.4439E+01  0.4438E+01
  0.4437E+01  0.4437E+01  0.4436E+01  0.4435E+01  0.4434E+01  0.4433E+01
  0.4432E+01  0.4430E+01  0.4429E+01  0.4428E+01  0.4427E+01  0.4425E+01
  0.4423E+01  0.4422E+01  0.4420E+01  0.4418E+01  0.4416E+01  0.4414E+01
  0.4412E+01  0.4409E+01  0.4407E+01  0.4404E+01  0.4401E+01  0.4399E+01
  0.4395E+01  0.4392E+01  0.4389E+01  0.4385E+01  0.4382E+01  0.4378E+01
  0.4374E+01  0.4370E+01  0.4366E+01  0.4362E+01  0.4357E+01  0.4353E+01
  0.4348E+01  0.4344E+01  0.4339E+01  0.4335E+01  0.4330E+01  0.4326E+01
  0.4322E+01  0.4318E+01  0.4314E+01  0.4311E+01  0.4308E+01  0.4305E+01
  0.4303E+01  0.4302E+01  0.4301E+01  0.4302E+01  0.4303E+01  0.4306E+01
  0.4311E+01  0.4320E+01  0.4337E+01  0.4375E+01  0.4450E+01  0.4559E+01
  0.4669E+01  0.4743E+01  0.4769E+01  0.4746E+01  0.4705E+01  0.4688E+01
  0.3310E+01  0.4440E+01  0.4439E+01  0.4439E+01  0.4438E+01  0.4437E+01
  0.4437E+01  0.4436E+01  0.4435E+01  0.4434E+01  0.4433E+01  0.4432E+01
  0.4430E+01  0.4429E+01  0.4428E+01  0.4427E+01  0.4425E+01  0.4423E+01
  0.4422E+01  0.4420E+01  0.4418E+01  0.4416E+01  0.4414E+01  0.4412E+01
  0.4409E+01  0.4407E+01  0.4404E+01  0.4401E+01  0.4399E+01  0.4395E+01
  0.4392E+01  0.4389E+01  0.4385E+01  0.4382E+01  0.4378E+01  0.4374E+01
  0.4370E+01  0.4366E+01  0.4362E+01  0.4357E+01  0.4353E+01  0.4348E+01
  0.4344E+01  0.4339E+01  0.4335E+01  0.4330E+01  0.4326E+01  0.4322E+01
  0.4318E+01  0.4314E+01  0.4311E+01  0.4308E+01  0.4305E+01  0.4303E+01
  0.4302E+01  0.4301E+01  0.4302E+01  0.4303E+01  0.4306E+01  0.4311E+01
  0.4320E+01  0.4337E+01  0.4375E+01  0.4450E+01  0.4559E+01  0.4669E+01
  0.4743E+01  0.4769E+01  0.4746E+01  0.4705E+01  0.4688E+01  0.3310E+01
  0.4440E+01  0.4439E+01  0.4439E+01  0.4438E+01  0.4437E+01  0.4437E+01
  0.4436E+01  0.4435E+01  0.4434E+01  0.4433E+01  0.4432E+01  0.4430E+01
  0.4429E+01  0.4428E+01  0.4427E+01  0.4425E+01  0.4423E+01  0.4422E+01
  0.4420E+01  0.4418E+01  0.4416E+01  0.4414E+01  0.4412E+01  0.4409E+01
  0.4407E+01  0.4404E+01  0.4401E+01  0.4399E+01  0.4395E+01  0.4392E+01
  0.4389E+01  0.4385E+01  0.4382E+01  0.4378E+01  0.4374E+01  0.4370E+01
  0.4366E+01  0.4362E+01  0.4357E+01  0.4353E+01  0.4348E+01  0.4344E+01
  0.4339E+01  0.4335E+01  0.4330E+01  0.4326E+01  0.4322E+01  0.4318E+01
  0.4314E+01  0.4311E+01  0.4308E+01  0.4305E+01  0.4303E+01  0.4302E+01
  0.4301E+01  0.4302E+01  0.4303E+01  0.4306E+01  0.4311E+01  0.4320E+01
  0.4337E+01  0.4375E+01  0.4450E+01  0.4559E+01  0.4669E+01  0.4743E+01
  0.4769E+01  0.4746E+01  0.4705E+01  0.4688E+01  0.3310E+01  0.4440E+01
  0.4439E+01  0.4439E+01  0.4438E+01  0.4437E+01  0.4437E+01  0.4436E+01
  0.4435E+01  0.4434E+01  0.4433E+01  0.4432E+01  0.4430E+01  0.4429E+01
  0.4428E+01  0.4427E+01  0.4425E+01  0.4423E+01  0.4422E+01  0.4420E+01
  0.4418E+01  0.4416E+01  0.4414E+01  0.4412E+01  0.4409E+01  0.4407E+01
  0.4404E+01  0.4401E+01  0.4399E+01  0.4395E+01  0.4392E+01  0.4389E+01
  0.4385E+01  0.4382E+01  0.4378E+01  0.4374E+01  0.4370E+01  0.4366E+01
  0.4362E+01  0.4357E+01  0.4353E+01  0.4348E+01  0.4344E+01  0.4339E+01
  0.4335E+01  0.4330E+01  0.4326E+01  0.4322E+01  0.4318E+01  0.4314E+01
  0.4311E+01  0.4308E+01  0.4305E+01  0.4303E+01  0.4302E+01  0.4301E+01
  0.4302E+01  0.4303E+01  0.4306E+01  0.4311E+01  0.4320E+01  0.4337E+01
  0.4375E+01  0.4450E+01  0.4559E+01  0.4669E+01  0.4743E+01  0.4769E+01
  0.4746E+01  0.4705E+01  0.4688E+01  0.3310E+01  0.4440E+01  0.4439E+01
  0.4439E+01  0.4438E+01  0.4437E+01  0.4437E+01  0.4436E+01  0.4435E+01
  0.4434E+01  0.4433E+01  0.4432E+01  0.4430E+01  0.4429E+01  0.4428E+01
  0.4427E+01  0.4425E+01  0.4423E+01  0.4422E+01  0.4420E+01  0.4418E+01
  0.4416E+01  0.4414E+01  0.4412E+01  0.4409E+01  0.4407E+01  0.4404E+01
  0.4401E+01  0.4399E+01  0.4395E+01  0.4392E+01  0.4389E+01  0.4385E+01
  0.4382E+01  0.4378E+01  0.4374E+01  0.4370E+01  0.4366E+01  0.4362E+01
  0.4357E+01  0.4353E+01  0.4348E+01  0.4344E+01  0.4339E+01  0.4335E+01
  0.4330E+01  0.4326E+01  0.4322E+01  0.4318E+01  0.4314E+01  0.4311E+01
  0.4308E+01  0.4305E+01  0.4303E+01  0.4302E+01  0.4301E+01  0.4302E+01
  0.4303E+01  0.4306E+01  0.4311E+01  0.4320E+01  0.4337E+01  0.4375E+01
  0.4450E+01  0.4559E+01  0.4669E+01  0.4743E+01  0.4769E+01  0.4746E+01
  0.4705E+01  0.4688E+01  0.3310E+01  0.4440E+01  0.4439E+01  0.4439E+01
  0.4438E+01  0.4437E+01  0.4437E+01  0.4436E+01  0.4435E+01  0.4434E+01
  0.4433E+01  0.4432E+01  0.4430E+01  0.4429E+01  0.4428E+01  0.4427E+01
  0.4425E+01  0.4423E+01  0.4422E+01  0.4420E+01  0.4418E+01  0.4416E+01
  0.4414E+01  0.4412E+01  0.4409E+01  0.4407E+01  0.4404E+01  0.4401E+01
  0.4399E+01  0.4395E+01  0.4392E+01  0.4389E+01  0.4385E+01  0.4382E+01
  0.4378E+01  0.4374E+01  0.4370E+01  0.4366E+01  0.4362E+01  0.4357E+01
  0.4353E+01  0.4348E+01  0.4344E+01  0.4339E+01  0.4335E+01  0.4330E+01
  0.4326E+01  0.4322E+01  0.4318E+01  0.4314E+01  0.4311E+01  0.4308E+01
  0.4305E+01  0.4303E+01  0.4302E+01  0.4301E+01  0.4302E+01  0.4303E+01
  0.4306E+01  0.4311E+01  0.4320E+01  0.4337E+01  0.4375E+01  0.4450E+01
  0.4559E+01  0.4669E+01  0.4743E+01  0.4769E+01  0.4746E+01  0.4705E+01
  0.4688E+01  0.3310E+01  0.4440E+01  0.4439E+01  0.4439E+01  0.4438E+01
  0.4437E+01  0.4437E+01  0.4436E+01  0.4435E+01  0.4434E+01  0.4433E+01
  0.4432E+01  0.4430E+01  0.4429E+01  0.4428E+01  0.4427E+01  0.4425E+01
  0.4423E+01  0.4422E+01  0.4420E+01  0.4418E+01  0.4416E+01  0.4414E+01
  0.4412E+01  0.4409E+01  0.4407E+01  0.4404E+01  0.4401E+01  0.4399E+01
  0.4395E+01  0.4392E+01  0.4389E+01  0.4385E+01  0.4382E+01  0.4378E+01
  0.4374E+01  0.4370E+01  0.4366E+01  0.4362E+01  0.4357E+01  0.4353E+01
  0.4348E+01  0.4344E+01  0.4339E+01  0.4335E+01  0.4330E+01  0.4326E+01
  0.4322E+01  0.4318E+01  0.4314E+01  0.4311E+01  0.4308E+01  0.4305E+01
  0.4303E+01  0.4302E+01  0.4301E+01  0.4302E+01  0.4303E+01  0.4306E+01
  0.4311E+01  0.4320E+01  0.4337E+01  0.4375E+01  0.4450E+01  0.4559E+01
  0.4669E+01  0.4743E+01  0.4769E+01  0.4746E+01  0.4705E+01  0.4688E+01
  0.3310E+01  0.4440E+01  0.4439E+01  0.4439E+01  0.4438E+01  0.4437E+01
  0.4437E+01  0.4436E+01  0.4435E+01  0.4434E+01  0.4433E+01  0.4432E+01
  0.4430E+01  0.4429E+01  0.4428E+01  0.4427E+01  0.4425E+01  0.4423E+01
  0.4422E+01  0.4420E+01  0.4418E+01  0.4416E+01  0.4414E+01  0.4412E+01
  0.4409E+01  0.4407E+01  0.4404E+01  0.4401E+01  0.4399E+01  0.4395E+01
  0.4392E+01  0.4389E+01  0.4385E+01  0.4382E+01  0.4378E+01  0.4374E+01
  0.4370E+01  0.4366E+01  0.4362E+01  0.4357E+01  0.4353E+01  0.4348E+01
  0.4344E+01  0.4339E+01  0.4335E+01  0.4330E+01  0.4326E+01  0.4322E+01
  0.4318E+01  0.4314E+01  0.4311E+01  0.4308E+01  0.4305E+01  0.4303E+01
  0.4302E+01  0.4301E+01  0.4302E+01  0.4303E+01  0.4306E+01  0.4311E+01
  0.4320E+01  0.4337E+01  0.4375E+01  0.4450E+01  0.4559E+01  0.4669E+01
  0.4743E+01  0.4769E+01  0.4746E+01  0.4705E+01  0.4688E+01  0.3310E+01
  0.4440E+01  0.4439E+01  0.4439E+01  0.4438E+01  0.4437E+01  0.4437E+01
  0.4436E+01  0.4435E+01  0.4434E+01  0.4433E+01  0.4432E+01  0.4430E+01
  0.4429E+01  0.4428E+01  0.4427E+01  0.4425E+01  0.4423E+01  0.4422E+01
  0.4420E+01  0.4418E+01  0.4416E+01  0.4414E+01  0.4412E+01  0.4409E+01
  0.4407E+01  0.4404E+01  0.4401E+01  0.4399E+01  0.4395E+01  0.4392E+01
  0.4389E+01  0.4385E+01  0.4382E+01  0.4378E+01  0.4374E+01  0.4370E+01
  0.4366E+01  0.4362E+01  0.4357E+01  0.4353E+01  0.4348E+01  0.4344E+01
  0.4339E+01  0.4335E+01  0.4330E+01  0.4326E+01  0.4322E+01  0.4318E+01
  0.4314E+01  0.4311E+01  0.4308E+01  0.4305E+01  0.4303E+01  0.4302E+01
  0.4301E+01  0.4302E+01  0.4303E+01  0.4306E+01  0.4311E+01  0.4320E+01
  0.4337E+01  0.4375E+01  0.4450E+01  0.4559E+01  0.4669E+01  0.4743E+01
  0.4769E+01  0.4746E+01  0.4705E+01  0.4688E+01  0.3310E+01  0.4440E+01
  0.4439E+01  0.4439E+01  0.4438E+01  0.4437E+01  0.4437E+01  0.4436E+01
  0.4435E+01  0.4434E+01  0.4433E+01  0.4432E+01  0.4430E+01  0.4429E+01
  0.4428E+01  0.4427E+01  0.4425E+01  0.4423E+01  0.4422E+01  0.4420E+01
  0.4418E+01  0.4416E+01  0.4414E+01  0.4412E+01  0.4409E+01  0.4407E+01
  0.4404E+01  0.4401E+01  0.4399E+01  0.4395E+01  0.4392E+01  0.4389E+01
  0.4385E+01  0.4382E+01  0.4378E+01  0.4374E+01  0.4370E+01  0.4366E+01
  0.4362E+01  0.4357E+01  0.4353E+01  0.4348E+01  0.4344E+01  0.4339E+01
  0.4335E+01  0.4330E+01  0.4326E+01  0.4322E+01  0.4318E+01  0.4314E+01
  0.4311E+01  0.4308E+01  0.4305E+01  0.4303E+01  0.4302E+01  0.4301E+01
  0.4302E+01  0.4303E+01  0.4306E+01  0.4311E+01  0.4320E+01  0.4337E+01
  0.4375E+01  0.4450E+01  0.4559E+01  0.4669E+01  0.4743E+01  0.4769E+01
  0.4746E+01  0.4705E+01  0.4688E+01  0.3310E+01  0.4440E+01  0.4439E+01
  0.4439E+01  0.4438E+01  0.4437E+01  0.4437E+01  0.4436E+01  0.4435E+01
  0.4434E+01  0.4433E+01  0.4432E+01  0.4430E+01  0.4429E+01  0.4428E+01
  0.4427E+01  0.4425E+01  0.4423E+01  0.4422E+01  0.4420E+01  0.4418E+01
  0.4416E+01  0.4414E+01  0.4412E+01  0.4409E+01  0.4407E+01  0.4404E+01
  0.4401E+01  0.4399E+01  0.4395E+01  0.4392E+01  0.4389E+01  0.4385E+01
  0.4382E+01  0.4378E+01  0.4374E+01  0.4370E+01  0.4366E+01  0.4362E+01
  0.4357E+01  0.4353E+01  0.4348E+01  0.4344E+01  0.4339E+01  0.4335E+01
  0.4330E+01  0.4326E+01  0.4322E+01  0.4318E+01  0.4314E+01  0.4311E+01
  0.4308E+01  0.4305E+01  0.4303E+01  0.4302E+01  0.4301E+01  0.4302E+01
  0.4303E+01  0.4306E+01  0.4311E+01  0.4320E+01  0.4337E+01  0.4375E+01
  0.4450E+01  0.4559E+01  0.4669E+01  0.4743E+01  0.4769E+01  0.4746E+01
  0.4705E+01  0.4688E+01  0.3310E+01  0.4440E+01  0.4439E+01  0.4439E+01
  0.4438E+01  0.4437E+01  0.4437E+01  0.4436E+01  0.4435E+01  0.4434E+01
  0.4433E+01  0.4432E+01  0.4430E+01  0.4429E+01  0.4428E+01  0.4427E+01
  0.4425E+01  0.4423E+01  0.4422E+01  0.4420E+01  0.4418E+01  0.4416E+01
  0.4414E+01  0.4412E+01  0.4409E+01  0.4407E+01  0.4404E+01  0.4401E+01
  0.4399E+01  0.4395E+01  0.4392E+01  0.4389E+01  0.4385E+01  0.4382E+01
  0.4378E+01  0.4374E+01  0.4370E+01  0.4366E+01  0.4362E+01  0.4357E+01
  0.4353E+01  0.4348E+01  0.4344E+01  0.4339E+01  0.4335E+01  0.4330E+01
  0.4326E+01  0.4322E+01  0.4318E+01  0.4314E+01  0.4311E+01  0.4308E+01
  0.4305E+01  0.4303E+01  0.4302E+01  0.4301E+01  0.4302E+01  0.4303E+01
  0.4306E+01  0.4311E+01  0.4320E+01  0.4337E+01  0.4375E+01  0.4450E+01
  0.4559E+01  0.4669E+01  0.4743E+01  0.4769E+01  0.4746E+01  0.4705E+01
  0.4688E+01  0.3310E+01  0.4440E+01  0.4439E+01  0.4439E+01  0.4438E+01
  0.4437E+01  0.4437E+01  0.4436E+01  0.4435E+01  0.4434E+01  0.4433E+01
  0.4432E+01  0.4430E+01  0.4429E+01  0.4428E+01  0.4427E+01  0.4425E+01
  0.4423E+01  0.4422E+01  0.4420E+01  0.4418E+01  0.4416E+01  0.4414E+01
  0.4412E+01  0.4409E+01  0.4407E+01  0.4404E+01  0.4401E+01  0.4399E+01
  0.4395E+01  0.4392E+01  0.4389E+01  0.4385E+01  0.4382E+01  0.4378E+01
  0.4374E+01  0.4370E+01  0.4366E+01  0.4362E+01  0.4357E+01  0.4353E+01
  0.4348E+01  0.4344E+01  0.4339E+01  0.4335E+01  0.4330E+01  0.4326E+01
  0.4322E+01  0.4318E+01  0.4314E+01  0.4311E+01  0.4308E+01  0.4305E+01
  0.4303E+01  0.4302E+01  0.4301E+01  0.4302E+01  0.4303E+01  0.4306E+01
  0.4311E+01  0.4320E+01  0.4337E+01  0.4375E+01  0.4450E+01  0.4559E+01
  0.4669E+01  0.4743E+01  0.4769E+01  0.4746E+01  0.4705E+01  0.4688E+01
  0.3310E+01  0.4440E+01  0.4439E+01  0.4439E+01  0.4438E+01  0.4437E+01
  0.4437E+01  0.4436E+01  0.4435E+01  0.4434E+01  0.4433E+01  0.4432E+01
  0.4430E+01  0.4429E+01  0.4428E+01  0.4427E+01  0.4425E+01  0.4423E+01
  0.4422E+01  0.4420E+01  0.4418E+01  0.4416E+01  0.4414E+01  0.4412E+01
  0.4409E+01  0.4407E+01  0.4404E+01  0.4401E+01  0.4399E+01  0.4395E+01
  0.4392E+01  0.4389E+01  0.4385E+01  0.4382E+01  0.4378E+01  0.4374E+01
  0.4370E+01  0.4366E+01  0.4362E+01  0.4357E+01  0.4353E+01  0.4348E+01
  0.4344E+01  0.4339E+01  0.4335E+01  0.4330E+01  0.4326E+01  0.4322E+01
  0.4318E+01  0.4314E+01  0.4311E+01  0.4308E+01  0.4305E+01  0.4303E+01
  0.4302E+01  0.4301E+01  0.4302E+01  0.4303E+01  0.4306E+01  0.4311E+01
  0.4320E+01  0.4337E+01  0.4375E+01  0.4450E+01  0.4559E+01  0.4669E+01
  0.4743E+01  0.4769E+01  0.4746E+01  0.4705E+01  0.4688E+01  0.3310E+01
  0.4440E+01  0.4439E+01  0.4439E+01  0.4438E+01  0.4437E+01  0.4437E+01
  0.4436E+01  0.4435E+01  0.4434E+01  0.4433E+01  0.4432E+01  0.4430E+01
  0.4429E+01  0.4428E+01  0.4427E+01  0.4425E+01  0.4423E+01  0.4422E+01
  0.4420E+01  0.4418E+01  0.4416E+01  0.4414E+01  0.4412E+01  0.4409E+01
  0.4407E+01  0.4404E+01  0.4401E+01  0.4399E+01  0.4395E+01  0.4392E+01
  0.4389E+01  0.4385E+01  0.4382E+01  0.4378E+01  0.4374E+01  0.4370E+01
  0.4366E+01  0.4362E+01  0.4357E+01  0.4353E+01  0.4348E+01  0.4344E+01
  0.4339E+01  0.4335E+01  0.4330E+01  0.4326E+01  0.4322E+01  0.4318E+01
  0.4314E+01  0.4311E+01  0.4308E+01  0.4305E+01  0.4303E+01  0.4302E+01
  0.4301E+01  0.4302E+01  0.4303E+01  0.4306E+01  0.4311E+01  0.4320E+01
  0.4337E+01  0.4375E+01  0.4450E+01  0.4559E+01  0.4669E+01  0.4743E+01
  0.4769E+01  0.4746E+01  0.4705E+01  0.4688E+01  0.3310E+01  0.4440E+01
  0.4439E+01  0.4439E+01  0.4438E+01  0.4437E+01  0.4437E+01  0.4436E+01
  0.4435E+01  0.4434E+01  0.4433E+01  0.4432E+01  0.4430E+01  0.4429E+01
  0.4428E+01  0.4427E+01  0.4425E+01  0.4423E+01  0.4422E+01  0.4420E+01
  0.4418E+01  0.4416E+01  0.4414E+01  0.4412E+01  0.4409E+01  0.4407E+01
  0.4404E+01  0.4401E+01  0.4399E+01  0.4395E+01  0.4392E+01  0.4389E+01
  0.4385E+01  0.4382E+01  0.4378E+01  0.4374E+01  0.4370E+01  0.4366E+01
  0.4362E+01  0.4357E+01  0.4353E+01  0.4348E+01  0.4344E+01  0.4339E+01
  0.4335E+01  0.4330E+01  0.4326E+01  0.4322E+01  0.4318E+01  0.4314E+01
  0.4311E+01  0.4308E+01  0.4305E+01  0.4303E+01  0.4302E+01  0.4301E+01
  0.4302E+01  0.4303E+01  0.4306E+01  0.4311E+01  0.4320E+01  0.4337E+01
  0.4375E+01  0.4450E+01  0.4559E+01  0.4669E+01  0.4743E+01  0.4769E+01
  0.4746E+01  0.4705E+01  0.4688E+01  0.3310E+01  0.4440E+01  0.4439E+01
  0.4439E+01  0.4438E+01  0.4437E+01  0.4437E+01  0.4436E+01  0.4435E+01
  0.4434E+01  0.4433E+01  0.4432E+01  0.4430E+01  0.4429E+01  0.4428E+01
  0.4427E+01  0.4425E+01  0.4423E+01  0.4422E+01  0.4420E+01  0.4418E+01
  0.4416E+01  0.4414E+01  0.4412E+01  0.4409E+01  0.4407E+01  0.4404E+01
  0.4401E+01  0.4399E+01  0.4395E+01  0.4392E+01  0.4389E+01  0.4385E+01
  0.4382E+01  0.4378E+01  0.4374E+01  0.4370E+01  0.4366E+01  0.4362E+01
  0.4357E+01  0.4353E+01  0.4348E+01  0.4344E+01  0.4339E+01  0.4335E+01
  0.4330E+01  0.4326E+01  0.4322E+01  0.4318E+01  0.4314E+01  0.4311E+01
  0.4308E+01  0.4305E+01  0.4303E+01  0.4302E+01  0.4301E+01  0.4302E+01
  0.4303E+01  0.4306E+01  0.4311E+01  0.4320E+01  0.4337E+01  0.4375E+01
  0.4450E+01  0.4559E+01  0.4669E+01  0.4743E+01  0.4769E+01  0.4746E+01
  0.4705E+01  0.4688E+01  0.3310E+01  0.4440E+01  0.4439E+01  0.4439E+01
  0.4438E+01  0.4437E+01  0.4437E+01  0.4436E+01  0.4435E+01  0.4434E+01
  0.4433E+01  0.4432E+01  0.4430E+01  0.4429E+01  0.4428E+01  0.4427E+01
  0.4425E+01  0.4423E+01  0.4422E+01  0.4420E+01  0.4418E+01  0.4416E+01
  0.4414E+01  0.4412E+01  0.4409E+01  0.4407E+01  0.4404E+01  0.4401E+01
  0.4399E+01  0.4395E+01  0.4392E+01  0.4389E+01  0.4385E+01  0.4382E+01
  0.4378E+01  0.4374E+01  0.4370E+01  0.4366E+01  0.4362E+01  0.4357E+01
  0.4353E+01  0.4348E+01  0.4344E+01  0.4339E+01  0.4335E+01  0.4330E+01
  0.4326E+01  0.4322E+01  0.4318E+01  0.4314E+01  0.4311E+01  0.4308E+01
  0.4305E+01  0.4303E+01  0.4302E+01  0.4301E+01  0.4302E+01  0.4303E+01
  0.4306E+01  0.4311E+01  0.4320E+01  0.4337E+01  0.4375E+01  0.4450E+01
  0.4559E+01  0.4669E+01  0.4743E+01  0.4769E+01  0.4746E+01  0.4705E+01
  0.4688E+01  0.3310E+01  0.4440E+01  0.4439E+01  0.4439E+01  0.4438E+01
  0.4437E+01  0.4437E+01  0.4436E+01  0.4435E+01  0.4434E+01  0.4433E+01
  0.4432E+01  0.4430E+01  0.4429E+01  0.4428E+01  0.4427E+01  0.4425E+01
  0.4423E+01  0.4422E+01  0.4420E+01  0.4418E+01  0.4416E+01  0.4414E+01
  0.4412E+01  0.4409E+01  0.4407E+01  0.4404E+01  0.4401E+01  0.4399E+01
  0.4395E+01  0.4392E+01  0.4389E+01  0.4385E+01  0.4382E+01  0.4378E+01
  0.4374E+01  0.4370E+01  0.4366E+01  0.4362E+01  0.4357E+01  0.4353E+01
  0.4348E+01  0.4344E+01  0.4339E+01  0.4335E+01  0.4330E+01  0.4326E+01
  0.4322E+01  0.4318E+01  0.4314E+01  0.4311E+01  0.4308E+01  0.4305E+01
  0.4303E+01  0.4302E+01  0.4301E+01  0.4302E+01  0.4303E+01  0.4306E+01
  0.4311E+01  0.4320E+01  0.4337E+01  0.4375E+01  0.4450E+01  0.4559E+01
  0.4669E+01  0.4743E+01  0.4769E+01  0.4746E+01  0.4705E+01  0.4688E+01
  0.3310E+01  0.4440E+01  0.4439E+01  0.4439E+01  0.4438E+01  0.4437E+01
  0.4437E+01  0.4436E+01  0.4435E+01  0.4434E+01  0.4433E+01  0.4432E+01
  0.4430E+01  0.4429E+01  0.4428E+01  0.4427E+01  0.4425E+01  0.4423E+01
  0.4422E+01  0.4420E+01  0.4418E+01  0.4416E+01  0.4414E+01  0.4412E+01
  0.4409E+01  0.4407E+01  0.4404E+01  0.4401E+01  0.4399E+01  0.4395E+01
  0.4392E+01  0.4389E+01  0.4385E+01  0.4382E+01  0.4378E+01  0.4374E+01
  0.4370E+01  0.4366E+01  0.4362E+01  0.4357E+01  0.4353E+01  0.4348E+01
  0.4344E+01  0.4339E+01  0.4335E+01  0.4330E+01  0.4326E+01  0.4322E+01
  0.4318E+01  0.4314E+01  0.4311E+01  0.4308E+01  0.4305E+01  0.4303E+01
  0.4302E+01  0.4301E+01  0.4302E+01  0.4303E+01  0.4306E+01  0.4311E+01
  0.4320E+01  0.4337E+01  0.4375E+01  0.4450E+01  0.4559E+01  0.4669E+01
  0.4743E+01  0.4769E+01  0.4746E+01  0.4705E+01  0.4688E+01  0.3310E+01
  0.4440E+01  0.4439E+01  0.4439E+01  0.4438E+01  0.4437E+01  0.4437E+01
  0.4436E+01  0.4435E+01  0.4434E+01  0.4433E+01  0.4432E+01  0.4430E+01
  0.4429E+01  0.4428E+01  0.4427E+01  0.4425E+01  0.4423E+01  0.4422E+01
  0.4420E+01  0.4418E+01  0.4416E+01  0.4414E+01  0.4412E+01  0.4409E+01
  0.4407E+01  0.4404E+01  0.4401E+01  0.4399E+01  0.4395E+01  0.4392E+01
  0.4389E+01  0.4385E+01  0.4382E+01  0.4378E+01  0.4374E+01  0.4370E+01
  0.4366E+01  0.4362E+01  0.4357E+01  0.4353E+01  0.4348E+01  0.4344E+01
  0.4339E+01  0.4335E+01  0.4330E+01  0.4326E+01  0.4322E+01  0.4318E+01
  0.4314E+01  0.4311E+01  0.4308E+01  0.4305E+01  0.4303E+01  0.4302E+01
  0.4301E+01  0.4302E+01  0.4303E+01  0.4306E+01  0.4311E+01  0.4320E+01
  0.4337E+01  0.4375E+01  0.4450E+01  0.4559E+01  0.4669E+01  0.4743E+01
  0.4769E+01  0.4746E+01  0.4705E+01  0.4688E+01  0.3310E+01  0.4440E+01
  0.4439E+01  0.4439E+01  0.4438E+01  0.4437E+01  0.4437E+01  0.4436E+01
  0.4435E+01  0.4434E+01  0.4433E+01  0.4432E+01  0.4430E+01  0.4429E+01
  0.4428E+01  0.4427E+01  0.4425E+01  0.4423E+01  0.4422E+01  0.4420E+01
  0.4418E+01  0.4416E+01  0.4414E+01  0.4412E+01  0.4409E+01  0.4407E+01
  0.4404E+01  0.4401E+01  0.4399E+01  0.4395E+01  0.4392E+01  0.4389E+01
  0.4385E+01  0.4382E+01  0.4378E+01  0.4374E+01  0.4370E+01  0.4366E+01
  0.4362E+01  0.4357E+01  0.4353E+01  0.4348E+01  0.4344E+01  0.4339E+01
  0.4335E+01  0.4330E+01  0.4326E+01  0.4322E+01  0.4318E+01  0.4314E+01
  0.4311E+01  0.4308E+01  0.4305E+01  0.4303E+01  0.4302E+01  0.4301E+01
  0.4302E+01  0.4303E+01  0.4306E+01  0.4311E+01  0.4320E+01  0.4337E+01
  0.4375E+01  0.4450E+01  0.4559E+01  0.4669E+01  0.4743E+01  0.4769E+01
  0.4746E+01  0.4705E+01  0.4688E+01  0.3310E+01  0.4440E+01  0.4439E+01
  0.4439E+01  0.4438E+01  0.4437E+01  0.4437E+01  0.4436E+01  0.4435E+01
  0.4434E+01  0.4433E+01  0.4432E+01  0.4430E+01  0.4429E+01  0.4428E+01
  0.4427E+01  0.4425E+01  0.4423E+01  0.4422E+01  0.4420E+01  0.4418E+01
  0.4416E+01  0.4414E+01  0.4412E+01  0.4409E+01  0.4407E+01  0.4404E+01
  0.4401E+01  0.4399E+01  0.4395E+01  0.4392E+01  0.4389E+01  0.4385E+01
  0.4382E+01  0.4378E+01  0.4374E+01  0.4370E+01  0.4366E+01  0.4362E+01
  0.4357E+01  0.4353E+01  0.4348E+01  0.4344E+01  0.4339E+01  0.4335E+01
  0.4330E+01  0.4326E+01  0.4322E+01  0.4318E+01  0.4314E+01  0.4311E+01
  0.4308E+01  0.4305E+01  0.4303E+01  0.4302E+01  0.4301E+01  0.4302E+01
  0.4303E+01  0.4306E+01  0.4311E+01  0.4320E+01  0.4337E+01  0.4375E+01
  0.4450E+01  0.4559E+01  0.4669E+01  0.4743E+01  0.4769E+01  0.4746E+01
  0.4705E+01  0.4688E+01  0.3310E+01  0.4440E+01  0.4439E+01  0.4439E+01
  0.4438E+01  0.4437E+01  0.4437E+01  0.4436E+01  0.4435E+01  0.4434E+01
  0.4433E+01  0.4432E+01  0.4430E+01  0.4429E+01  0.4428E+01  0.4427E+01
  0.4425E+01  0.4423E+01  0.4422E+01  0.4420E+01  0.4418E+01  0.4416E+01
  0.4414E+01  0.4412E+01  0.4409E+01  0.4407E+01  0.4404E+01  0.4401E+01
  0.4399E+01  0.4395E+01  0.4392E+01  0.4389E+01  0.4385E+01  0.4382E+01
  0.4378E+01  0.4374E+01  0.4370E+01  0.4366E+01  0.4362E+01  0.4357E+01
  0.4353E+01  0.4348E+01  0.4344E+01  0.4339E+01  0.4335E+01  0.4330E+01
  0.4326E+01  0.4322E+01  0.4318E+01  0.4314E+01  0.4311E+01  0.4308E+01
  0.4305E+01  0.4303E+01  0.4302E+01  0.4301E+01  0.4302E+01  0.4303E+01
  0.4306E+01  0.4311E+01  0.4320E+01  0.4337E+01  0.4375E+01  0.4450E+01
  0.4559E+01  0.4669E+01  0.4743E+01  0.4769E+01  0.4746E+01  0.4705E+01
  0.4688E+01  0.3310E+01  0.4440E+01  0.4439E+01  0.4439E+01  0.4438E+01
  0.4437E+01  0.4437E+01  0.4436E+01  0.4435E+01  0.4434E+01  0.4433E+01
  0.4432E+01  0.4430E+01  0.4429E+01  0.4428E+01  0.4427E+01  0.4425E+01
  0.4423E+01  0.4422E+01  0.4420E+01  0.4418E+01  0.4416E+01  0.4414E+01
  0.4412E+01  0.4409E+01  0.4407E+01  0.4404E+01  0.4401E+01  0.4399E+01
  0.4395E+01  0.4392E+01  0.4389E+01  0.4385E+01  0.4382E+01  0.4378E+01
  0.4374E+01  0.4370E+01  0.4366E+01  0.4362E+01  0.4357E+01  0.4353E+01
  0.4348E+01  0.4344E+01  0.4339E+01  0.4335E+01  0.4330E+01  0.4326E+01
  0.4322E+01  0.4318E+01  0.4314E+01  0.4311E+01  0.4308E+01  0.4305E+01
  0.4303E+01  0.4302E+01  0.4301E+01  0.4302E+01  0.4303E+01  0.4306E+01
  0.4311E+01  0.4320E+01  0.4337E+01  0.4375E+01  0.4450E+01  0.4559E+01
  0.4669E+01  0.4743E+01  0.4769E+01  0.4746E+01  0.4705E+01  0.4688E+01
  0.3310E+01  0.4440E+01  0.4439E+01  0.4439E+01  0.4438E+01  0.4437E+01
  0.4437E+01  0.4436E+01  0.4435E+01  0.4434E+01  0.4433E+01  0.4432E+01
  0.4430E+01  0.4429E+01  0.4428E+01  0.4427E+01  0.4425E+01  0.4423E+01
  0.4422E+01  0.4420E+01  0.4418E+01  0.4416E+01  0.4414E+01  0.4412E+01
  0.4409E+01  0.4407E+01  0.4404E+01  0.4401E+01  0.4399E+01  0.4395E+01
  0.4392E+01  0.4389E+01  0.4385E+01  0.4382E+01  0.4378E+01  0.4374E+01
  0.4370E+01  0.4366E+01  0.4362E+01  0.4357E+01  0.4353E+01  0.4348E+01
  0.4344E+01  0.4339E+01  0.4335E+01  0.4330E+01  0.4326E+01  0.4322E+01
  0.4318E+01  0.4314E+01  0.4311E+01  0.4308E+01  0.4305E+01  0.4303E+01
  0.4302E+01  0.4301E+01  0.4302E+01  0.4303E+01  0.4306E+01  0.4311E+01
  0.4320E+01  0.4337E+01  0.4375E+01  0.4450E+01  0.4559E+01  0.4669E+01
  0.4743E+01  0.4769E+01  0.4746E+01  0.4705E+01  0.4688E+01  0.3310E+01
  0.4440E+01  0.4439E+01  0.4439E+01  0.4438E+01  0.4437E+01  0.4437E+01
  0.4436E+01  0.4435E+01  0.4434E+01  0.4433E+01  0.4432E+01  0.4430E+01
  0.4429E+01  0.4428E+01  0.4427E+01  0.4425E+01  0.4423E+01  0.4422E+01
  0.4420E+01  0.4418E+01  0.4416E+01  0.4414E+01  0.4412E+01  0.4409E+01
  0.4407E+01  0.4404E+01  0.4401E+01  0.4399E+01  0.4395E+01  0.4392E+01
  0.4389E+01  0.4385E+01  0.4382E+01  0.4378E+01  0.4374E+01  0.4370E+01
  0.4366E+01  0.4362E+01  0.4357E+01  0.4353E+01  0.4348E+01  0.4344E+01
  0.4339E+01  0.4335E+01  0.4330E+01  0.4326E+01  0.4322E+01  0.4318E+01
  0.4314E+01  0.4311E+01  0.4308E+01  0.4305E+01  0.4303E+01  0.4302E+01
  0.4301E+01  0.4302E+01  0.4303E+01  0.4306E+01  0.4311E+01  0.4320E+01
  0.4337E+01  0.4375E+01  0.4450E+01  0.4559E+01  0.4669E+01  0.4743E+01
  0.4769E+01  0.4746E+01  0.4705E+01  0.4688E+01  0.3310E+01  0.4440E+01
  0.4439E+01  0.4439E+01  0.4438E+01  0.4437E+01  0.4437E+01  0.4436E+01
  0.4435E+01  0.4434E+01  0.4433E+01  0.4432E+01  0.4430E+01  0.4429E+01
  0.4428E+01  0.4427E+01  0.4425E+01  0.4423E+01  0.4422E+01  0.4420E+01
  0.4418E+01  0.4416E+01  0.4414E+01  0.4412E+01  0.4409E+01  0.4407E+01
  0.4404E+01  0.4401E+01  0.4399E+01  0.4395E+01  0.4392E+01  0.4389E+01
  0.4385E+01  0.4382E+01  0.4378E+01  0.4374E+01  0.4370E+01  0.4366E+01
  0.4362E+01  0.4357E+01  0.4353E+01  0.4348E+01  0.4344E+01  0.4339E+01
  0.4335E+01  0.4330E+01  0.4326E+01  0.4322E+01  0.4318E+01  0.4314E+01
  0.4311E+01  0.4308E+01  0.4305E+01  0.4303E+01  0.4302E+01  0.4301E+01
  0.4302E+01  0.4303E+01  0.4306E+01  0.4311E+01  0.4320E+01  0.4337E+01
  0.4375E+01  0.4450E+01  0.4559E+01  0.4669E+01  0.4743E+01  0.4769E+01
  0.4746E+01  0.4705E+01  0.4688E+01  0.3310E+01  0.4440E+01  0.4439E+01
  0.4439E+01  0.4438E+01  0.4437E+01  0.4437E+01  0.4436E+01  0.4435E+01
  0.4434E+01  0.4433E+01  0.4432E+01  0.4430E+01  0.4429E+01  0.4428E+01
  0.4427E+01  0.4425E+01  0.4423E+01  0.4422E+01  0.4420E+01  0.4418E+01
  0.4416E+01  0.4414E+01  0.4412E+01  0.4409E+01  0.4407E+01  0.4404E+01
  0.4401E+01  0.4399E+01  0.4395E+01  0.4392E+01  0.4389E+01  0.4385E+01
  0.4382E+01  0.4378E+01  0.4374E+01  0.4370E+01  0.4366E+01  0.4362E+01
  0.4357E+01  0.4353E+01  0.4348E+01  0.4344E+01  0.4339E+01  0.4335E+01
  0.4330E+01  0.4326E+01  0.4322E+01  0.4318E+01  0.4314E+01  0.4311E+01
  0.4308E+01  0.4305E+01  0.4303E+01  0.4302E+01  0.4301E+01  0.4302E+01
  0.4303E+01  0.4306E+01  0.4311E+01  0.4320E+01  0.4337E+01  0.4375E+01
  0.4450E+01  0.4559E+01  0.4669E+01  0.4743E+01  0.4769E+01  0.4746E+01
  0.4705E+01  0.4688E+01  0.3310E+01  0.4440E+01  0.4439E+01  0.4439E+01
  0.4438E+01  0.4437E+01  0.4437E+01  0.4436E+01  0.4435E+01  0.4434E+01
  0.4433E+01  0.4432E+01  0.4430E+01  0.4429E+01  0.4428E+01  0.4427E+01
  0.4425E+01  0.4423E+01  0.4422E+01  0.4420E+01  0.4418E+01  0.4416E+01
  0.4414E+01  0.4412E+01  0.4409E+01  0.4407E+01  0.4404E+01  0.4401E+01
  0.4399E+01  0.4395E+01  0.4392E+01  0.4389E+01  0.4385E+01  0.4382E+01
  0.4378E+01  0.4374E+01  0.4370E+01  0.4366E+01  0.4362E+01  0.4357E+01
  0.4353E+01  0.4348E+01  0.4344E+01  0.4339E+01  0.4335E+01  0.4330E+01
  0.4326E+01  0.4322E+01  0.4318E+01  0.4314E+01  0.4311E+01  0.4308E+01
  0.4305E+01  0.4303E+01  0.4302E+01  0.4301E+01  0.4302E+01  0.4303E+01
  0.4306E+01  0.4311E+01  0.4320E+01  0.4337E+01  0.4375E+01  0.4450E+01
  0.4559E+01  0.4669E+01  0.4743E+01  0.4769E+01  0.4746E+01  0.4705E+01
  0.4688E+01  0.3310E+01  0.4440E+01  0.4439E+01  0.4439E+01  0.4438E+01
  0.4437E+01  0.4437E+01  0.4436E+01  0.4435E+01  0.4434E+01  0.4433E+01
  0.4432E+01  0.4430E+01  0.4429E+01  0.4428E+01  0.4427E+01  0.4425E+01
  0.4423E+01  0.4422E+01  0.4420E+01  0.4418E+01  0.4416E+01  0.4414E+01
  0.4412E+01  0.4409E+01  0.4407E+01  0.4404E+01  0.4401E+01  0.4399E+01
  0.4395E+01  0.4392E+01  0.4389E+01  0.4385E+01  0.4382E+01  0.4378E+01
  0.4374E+01  0.4370E+01  0.4366E+01  0.4362E+01  0.4357E+01  0.4353E+01
  0.4348E+01  0.4344E+01  0.4339E+01  0.4335E+01  0.4330E+01  0.4326E+01
  0.4322E+01  0.4318E+01  0.4314E+01  0.4311E+01  0.4308E+01  0.4305E+01
  0.4303E+01  0.4302E+01  0.4301E+01  0.4302E+01  0.4303E+01  0.4306E+01
  0.4311E+01  0.4320E+01  0.4337E+01  0.4375E+01  0.4450E+01  0.4559E+01
  0.4669E+01  0.4743E+01  0.4769E+01  0.4746E+01  0.4705E+01  0.4688E+01
  0.3310E+01  0.4440E+01  0.4439E+01  0.4439E+01  0.4438E+01  0.4437E+01
  0.4437E+01  0.4436E+01  0.4435E+01  0.4434E+01  0.4433E+01  0.4432E+01
  0.4430E+01  0.4429E+01  0.4428E+01  0.4427E+01  0.4425E+01  0.4423E+01
  0.4422E+01  0.4420E+01  0.4418E+01  0.4416E+01  0.4414E+01  0.4412E+01
  0.4409E+01  0.4407E+01  0.4404E+01  0.4401E+01  0.4399E+01  0.4395E+01
  0.4392E+01  0.4389E+01  0.4385E+01  0.4382E+01  0.4378E+01  0.4374E+01
  0.4370E+01  0.4366E+01  0.4362E+01  0.4357E+01  0.4353E+01  0.4348E+01
  0.4344E+01  0.4339E+01  0.4335E+01  0.4330E+01  0.4326E+01  0.4322E+01
  0.4318E+01  0.4314E+01  0.4311E+01  0.4308E+01  0.4305E+01  0.4303E+01
  0.4302E+01  0.4301E+01  0.4302E+01  0.4303E+01  0.4306E+01  0.4311E+01
  0.4320E+01  0.4337E+01  0.4375E+01  0.4450E+01  0.4559E+01  0.4669E+01
  0.4743E+01  0.4769E+01  0.4746E+01  0.4705E+01  0.4688E+01  0.3310E+01
  0.4440E+01  0.4439E+01  0.4439E+01  0.4438E+01  0.4437E+01  0.4437E+01
  0.4436E+01  0.4435E+01  0.4434E+01  0.4433E+01  0.4432E+01  0.4430E+01
  0.4429E+01  0.4428E+01  0.4427E+01  0.4425E+01  0.4423E+01  0.4422E+01
  0.4420E+01  0.4418E+01  0.4416E+01  0.4414E+01  0.4412E+01  0.4409E+01
  0.4407E+01  0.4404E+01  0.4401E+01  0.4399E+01  0.4395E+01  0.4392E+01
  0.4389E+01  0.4385E+01  0.4382E+01  0.4378E+01  0.4374E+01  0.4370E+01
  0.4366E+01  0.4362E+01  0.4357E+01  0.4353E+01  0.4348E+01  0.4344E+01
  0.4339E+01  0.4335E+01  0.4330E+01  0.4326E+01  0.4322E+01  0.4318E+01
  0.4314E+01  0.4311E+01  0.4308E+01  0.4305E+01  0.4303E+01  0.4302E+01
  0.4301E+01  0.4302E+01  0.4303E+01  0.4306E+01  0.4311E+01  0.4320E+01
  0.4337E+01  0.4375E+01  0.4450E+01  0.4559E+01  0.4669E+01  0.4743E+01
  0.4769E+01  0.4746E+01  0.4705E+01  0.4688E+01  0.3310E+01  0.4440E+01
  0.4439E+01  0.4439E+01  0.4438E+01  0.4437E+01  0.4437E+01  0.4436E+01
  0.4435E+01  0.4434E+01  0.4433E+01  0.4432E+01  0.4430E+01  0.4429E+01
  0.4428E+01  0.4427E+01  0.4425E+01  0.4423E+01  0.4422E+01  0.4420E+01
  0.4418E+01  0.4416E+01  0.4414E+01  0.4412E+01  0.4409E+01  0.4407E+01
  0.4404E+01  0.4401E+01  0.4399E+01  0.4395E+01  0.4392E+01  0.4389E+01
  0.4385E+01  0.4382E+01  0.4378E+01  0.4374E+01  0.4370E+01  0.4366E+01
  0.4362E+01  0.4357E+01  0.4353E+01  0.4348E+01  0.4344E+01  0.4339E+01
  0.4335E+01  0.4330E+01  0.4326E+01  0.4322E+01  0.4318E+01  0.4314E+01
  0.4311E+01  0.4308E+01  0.4305E+01  0.4303E+01  0.4302E+01  0.4301E+01
  0.4302E+01  0.4303E+01  0.4306E+01  0.4311E+01  0.4320E+01  0.4337E+01
  0.4375E+01  0.4450E+01  0.4559E+01  0.4669E+01  0.4743E+01  0.4769E+01
  0.4746E+01  0.4705E+01  0.4688E+01  0.3310E+01  0.4440E+01  0.4439E+01
  0.4439E+01  0.4438E+01  0.4437E+01  0.4437E+01  0.4436E+01  0.4435E+01
  0.4434E+01  0.4433E+01  0.4432E+01  0.4430E+01  0.4429E+01  0.4428E+01
  0.4427E+01  0.4425E+01  0.4423E+01  0.4422E+01  0.4420E+01  0.4418E+01
  0.4416E+01  0.4414E+01  0.4412E+01  0.4409E+01  0.4407E+01  0.4404E+01
  0.4401E+01  0.4399E+01  0.4395E+01  0.4392E+01  0.4389E+01  0.4385E+01
  0.4382E+01  0.4378E+01  0.4374E+01  0.4370E+01  0.4366E+01  0.4362E+01
  0.4357E+01  0.4353E+01  0.4348E+01  0.4344E+01  0.4339E+01  0.4335E+01
  0.4330E+01  0.4326E+01  0.4322E+01  0.4318E+01  0.4314E+01  0.4311E+01
  0.4308E+01  0.4305E+01  0.4303E+01  0.4302E+01  0.4301E+01  0.4302E+01
  0.4303E+01  0.4306E+01  0.4311E+01  0.4320E+01  0.4337E+01  0.4375E+01
  0.4450E+01  0.4559E+01  0.4669E+01  0.4743E+01  0.4769E+01  0.4746E+01
  0.4705E+01  0.4688E+01  0.3310E+01  0.4440E+01  0.4439E+01  0.4439E+01
  0.4438E+01  0.4437E+01  0.4437E+01  0.4436E+01  0.4435E+01  0.4434E+01
  0.4433E+01  0.4432E+01  0.4430E+01  0.4429E+01  0.4428E+01  0.4427E+01
  0.4425E+01  0.4423E+01  0.4422E+01  0.4420E+01  0.4418E+01  0.4416E+01
  0.4414E+01  0.4412E+01  0.4409E+01  0.4407E+01  0.4404E+01  0.4401E+01
  0.4399E+01  0.4395E+01  0.4392E+01  0.4389E+01  0.4385E+01  0.4382E+01
  0.4378E+01  0.4374E+01  0.4370E+01  0.4366E+01  0.4362E+01  0.4357E+01
  0.4353E+01  0.4348E+01  0.4344E+01  0.4339E+01  0.4335E+01  0.4330E+01
  0.4326E+01  0.4322E+01  0.4318E+01  0.4314E+01  0.4311E+01  0.4308E+01
  0.4305E+01  0.4303E+01  0.4302E+01  0.4301E+01  0.4302E+01  0.4303E+01
  0.4306E+01  0.4311E+01  0.4320E+01  0.4337E+01  0.4375E+01  0.4450E+01
  0.4559E+01  0.4669E+01  0.4743E+01  0.4769E+01  0.4746E+01  0.4705E+01
  0.4688E+01  0.3310E+01  0.4440E+01  0.4439E+01  0.4439E+01  0.4438E+01
  0.4437E+01  0.4437E+01  0.4436E+01  0.4435E+01  0.4434E+01  0.4433E+01
  0.4432E+01  0.4430E+01  0.4429E+01  0.4428E+01  0.4427E+01  0.4425E+01
  0.4423E+01  0.4422E+01  0.4420E+01  0.4418E+01  0.4416E+01  0.4414E+01
  0.4412E+01  0.4409E+01  0.4407E+01  0.4404E+01  0.4401E+01  0.4399E+01
  0.4395E+01  0.4392E+01  0.4389E+01  0.4385E+01  0.4382E+01  0.4378E+01
  0.4374E+01  0.4370E+01  0.4366E+01  0.4362E+01  0.4357E+01  0.4353E+01
  0.4348E+01  0.4344E+01  0.4339E+01  0.4335E+01  0.4330E+01  0.4326E+01
  0.4322E+01  0.4318E+01  0.4314E+01  0.4311E+01  0.4308E+01  0.4305E+01
  0.4303E+01  0.4302E+01  0.4301E+01  0.4302E+01  0.4303E+01  0.4306E+01
  0.4311E+01  0.4320E+01  0.4337E+01  0.4375E+01  0.4450E+01  0.4559E+01
  0.4669E+01  0.4743E+01  0.4769E+01  0.4746E+01  0.4705E+01  0.4688E+01
  0.3310E+01  0.4440E+01  0.4439E+01  0.4439E+01  0.4438E+01  0.4437E+01
  0.4437E+01  0.4436E+01  0.4435E+01  0.4434E+01  0.4433E+01  0.4432E+01
  0.4430E+01  0.4429E+01  0.4428E+01  0.4427E+01  0.4425E+01  0.4423E+01
  0.4422E+01  0.4420E+01  0.4418E+01  0.4416E+01  0.4414E+01  0.4412E+01
  0.4409E+01  0.4407E+01  0.4404E+01  0.4401E+01  0.4399E+01  0.4395E+01
  0.4392E+01  0.4389E+01  0.4385E+01  0.4382E+01  0.4378E+01  0.4374E+01
  0.4370E+01  0.4366E+01  0.4362E+01  0.4357E+01  0.4353E+01  0.4348E+01
  0.4344E+01  0.4339E+01  0.4335E+01  0.4330E+01  0.4326E+01  0.4322E+01
  0.4318E+01  0.4314E+01  0.4311E+01  0.4308E+01  0.4305E+01  0.4303E+01
  0.4302E+01  0.4301E+01  0.4302E+01  0.4303E+01  0.4306E+01  0.4311E+01
  0.4320E+01  0.4337E+01  0.4375E+01  0.4450E+01  0.4559E+01  0.4669E+01
  0.4743E+01  0.4769E+01  0.4746E+01  0.4705E+01  0.4688E+01  0.3310E+01
  0.4440E+01  0.4439E+01  0.4439E+01  0.4438E+01  0.4437E+01  0.4437E+01
  0.4436E+01  0.4435E+01  0.4434E+01  0.4433E+01  0.4432E+01  0.4430E+01
  0.4429E+01  0.4428E+01  0.4427E+01  0.4425E+01  0.4423E+01  0.4422E+01
  0.4420E+01  0.4418E+01  0.4416E+01  0.4414E+01  0.4412E+01  0.4409E+01
  0.4407E+01  0.4404E+01  0.4401E+01  0.4399E+01  0.4395E+01  0.4392E+01
  0.4389E+01  0.4385E+01  0.4382E+01  0.4378E+01  0.4374E+01  0.4370E+01
  0.4366E+01  0.4362E+01  0.4357E+01  0.4353E+01  0.4348E+01  0.4344E+01
  0.4339E+01  0.4335E+01  0.4330E+01  0.4326E+01  0.4322E+01  0.4318E+01
  0.4314E+01  0.4311E+01  0.4308E+01  0.4305E+01  0.4303E+01  0.4302E+01
  0.4301E+01  0.4302E+01  0.4303E+01  0.4306E+01  0.4311E+01  0.4320E+01
  0.4337E+01  0.4375E+01  0.4450E+01  0.4559E+01  0.4669E+01  0.4743E+01
  0.4769E+01  0.4746E+01  0.4705E+01  0.4688E+01  0.3310E+01  0.4440E+01
  0.4439E+01  0.4439E+01  0.4438E+01  0.4437E+01  0.4437E+01  0.4436E+01
  0.4435E+01  0.4434E+01  0.4433E+01  0.4432E+01  0.4430E+01  0.4429E+01
  0.4428E+01  0.4427E+01  0.4425E+01  0.4423E+01  0.4422E+01  0.4420E+01
  0.4418E+01  0.4416E+01  0.4414E+01  0.4412E+01  0.4409E+01  0.4407E+01
  0.4404E+01  0.4401E+01  0.4399E+01  0.4395E+01  0.4392E+01  0.4389E+01
  0.4385E+01  0.4382E+01  0.4378E+01  0.4374E+01  0.4370E+01  0.4366E+01
  0.4362E+01  0.4357E+01  0.4353E+01  0.4348E+01  0.4344E+01  0.4339E+01
  0.4335E+01  0.4330E+01  0.4326E+01  0.4322E+01  0.4318E+01  0.4314E+01
  0.4311E+01  0.4308E+01  0.4305E+01  0.4303E+01  0.4302E+01  0.4301E+01
  0.4302E+01  0.4303E+01  0.4306E+01  0.4311E+01  0.4320E+01  0.4337E+01
  0.4375E+01  0.4450E+01  0.4559E+01  0.4669E+01  0.4743E+01  0.4769E+01
  0.4746E+01  0.4705E+01  0.4688E+01  0.3309E+01  0.4440E+01  0.4439E+01
  0.4439E+01  0.4438E+01  0.4437E+01  0.4437E+01  0.4436E+01  0.4435E+01
  0.4434E+01  0.4433E+01  0.4432E+01  0.4430E+01  0.4429E+01  0.4428E+01
  0.4427E+01  0.4425E+01  0.4423E+01  0.4422E+01  0.4420E+01  0.4418E+01
  0.4416E+01  0.4414E+01  0.4412E+01  0.4409E+01  0.4407E+01  0.4404E+01
  0.4401E+01  0.4399E+01  0.4395E+01  0.4392E+01  0.4389E+01  0.4385E+01
  0.4382E+01  0.4378E+01  0.4374E+01  0.4370E+01  0.4366E+01  0.4362E+01
  0.4357E+01  0.4353E+01  0.4348E+01  0.4344E+01  0.4339E+01  0.4335E+01
  0.4330E+01  0.4326E+01  0.4322E+01  0.4318E+01  0.4314E+01  0.4311E+01
  0.4308E+01  0.4305E+01  0.4303E+01  0.4302E+01  0.4301E+01  0.4302E+01
  0.4303E+01  0.4306E+01  0.4311E+01  0.4320E+01  0.4337E+01  0.4375E+01
  0.4450E+01  0.4559E+01  0.4669E+01  0.4743E+01  0.4769E+01  0.4746E+01
  0.4705E+01  0.4688E+01  0.3309E+01  0.4440E+01  0.4439E+01  0.4439E+01
  0.4438E+01  0.4437E+01  0.4437E+01  0.4436E+01  0.4435E+01  0.4434E+01
  0.4433E+01  0.4432E+01  0.4430E+01  0.4429E+01  0.4428E+01  0.4427E+01
  0.4425E+01  0.4423E+01  0.4422E+01  0.4420E+01  0.4418E+01  0.4416E+01
  0.4414E+01  0.4412E+01  0.4409E+01  0.4407E+01  0.4404E+01  0.4401E+01
  0.4399E+01  0.4395E+01  0.4392E+01  0.4389E+01  0.4385E+01  0.4382E+01
  0.4378E+01  0.4374E+01  0.4370E+01  0.4366E+01  0.4362E+01  0.4357E+01
  0.4353E+01  0.4348E+01  0.4344E+01  0.4339E+01  0.4335E+01  0.4330E+01
  0.4326E+01  0.4322E+01  0.4318E+01  0.4314E+01  0.4311E+01  0.4308E+01
  0.4305E+01  0.4303E+01  0.4302E+01  0.4301E+01  0.4302E+01  0.4303E+01
  0.4306E+01  0.4311E+01  0.4320E+01  0.4337E+01  0.4375E+01  0.4450E+01
  0.4559E+01  0.4669E+01  0.4743E+01  0.4769E+01  0.4746E+01  0.4705E+01
  0.4688E+01  0.3310E+01  0.4440E+01  0.4439E+01  0.4439E+01  0.4438E+01
  0.4437E+01  0.4437E+01  0.4436E+01  0.4435E+01  0.4434E+01  0.4433E+01
  0.4432E+01  0.4430E+01  0.4429E+01  0.4428E+01  0.4427E+01  0.4425E+01
  0.4423E+01  0.4422E+01  0.4420E+01  0.4418E+01  0.4416E+01  0.4414E+01
  0.4412E+01  0.4409E+01  0.4407E+01  0.4404E+01  0.4401E+01  0.4399E+01
  0.4395E+01  0.4392E+01  0.4389E+01  0.4385E+01  0.4382E+01  0.4378E+01
  0.4374E+01  0.4370E+01  0.4366E+01  0.4362E+01  0.4357E+01  0.4353E+01
  0.4348E+01  0.4344E+01  0.4339E+01  0.4335E+01  0.4330E+01  0.4326E+01
  0.4322E+01  0.4318E+01  0.4314E+01  0.4311E+01  0.4308E+01  0.4305E+01
  0.4303E+01  0.4302E+01  0.4301E+01  0.4302E+01  0.4303E+01  0.4306E+01
  0.4311E+01  0.4320E+01  0.4337E+01  0.4375E+01  0.4450E+01  0.4560E+01
  0.4669E+01  0.4743E+01  0.4769E+01  0.4746E+01  0.4705E+01  0.4688E+01
  0.3312E+01  0.4440E+01  0.4439E+01  0.4439E+01  0.4438E+01  0.4437E+01
  0.4437E+01  0.4436E+01  0.4435E+01  0.4434E+01  0.4433E+01  0.4432E+01
  0.4430E+01  0.4429E+01  0.4428E+01  0.4427E+01  0.4425E+01  0.4423E+01
  0.4422E+01  0.4420E+01  0.4418E+01  0.4416E+01  0.4414E+01  0.4412E+01
  0.4409E+01  0.4407E+01  0.4404E+01  0.4401E+01  0.4399E+01  0.4395E+01
  0.4392E+01  0.4389E+01  0.4385E+01  0.4382E+01  0.4378E+01  0.4374E+01
  0.4370E+01  0.4366E+01  0.4362E+01  0.4357E+01  0.4353E+01  0.4348E+01
  0.4344E+01  0.4339E+01  0.4335E+01  0.4330E+01  0.4326E+01  0.4322E+01
  0.4318E+01  0.4314E+01  0.4311E+01  0.4308E+01  0.4305E+01  0.4303E+01
  0.4302E+01  0.4301E+01  0.4302E+01  0.4303E+01  0.4306E+01  0.4311E+01
  0.4320E+01  0.4337E+01  0.4375E+01  0.4450E+01  0.4560E+01  0.4669E+01
  0.4743E+01  0.4769E+01  0.4746E+01  0.4706E+01  0.4688E+01  0.3293E+01
  0.4440E+01  0.4439E+01  0.4439E+01  0.4438E+01  0.4437E+01  0.4437E+01
  0.4436E+01  0.4435E+01  0.4434E+01  0.4433E+01  0.4432E+01  0.4430E+01
  0.4429E+01  0.4428E+01  0.4427E+01  0.4425E+01  0.4423E+01  0.4422E+01
  0.4420E+01  0.4418E+01  0.4416E+01  0.4414E+01  0.4412E+01  0.4409E+01
  0.4407E+01  0.4404E+01  0.4401E+01  0.4399E+01  0.4395E+01  0.4392E+01
  0.4389E+01  0.4385E+01  0.4382E+01  0.4378E+01  0.4374E+01  0.4370E+01
  0.4366E+01  0.4362E+01  0.4357E+01  0.4353E+01  0.4348E+01  0.4344E+01
  0.4339E+01  0.4335E+01  0.4330E+01  0.4326E+01  0.4322E+01  0.4318E+01
  0.4314E+01  0.4311E+01  0.4307E+01  0.4305E+01  0.4303E+01  0.4302E+01
  0.4301E+01  0.4302E+01  0.4303E+01  0.4306E+01  0.4311E+01  0.4320E+01
  0.4337E+01  0.4375E+01  0.4451E+01  0.4560E+01  0.4670E+01  0.4743E+01
  0.4769E+01  0.4747E+01  0.4706E+01  0.4688E+01  0.3297E+01  0.4440E+01
  0.4439E+01  0.4439E+01  0.4438E+01  0.4437E+01  0.4437E+01  0.4436E+01
  0.4435E+01  0.4434E+01  0.4433E+01  0.4432E+01  0.4430E+01  0.4429E+01
  0.4428E+01  0.4427E+01  0.4425E+01  0.4423E+01  0.4422E+01  0.4420E+01
  0.4418E+01  0.4416E+01  0.4414E+01  0.4412E+01  0.4409E+01  0.4407E+01
  0.4404E+01  0.4401E+01  0.4399E+01  0.4395E+01  0.4392E+01  0.4389E+01
  0.4385E+01  0.4382E+01  0.4378E+01  0.4374E+01  0.4370E+01  0.4366E+01
  0.4362E+01  0.4357E+01  0.4353E+01  0.4348E+01  0.4344E+01  0.4339E+01
  0.4335E+01  0.4330E+01  0.4326E+01  0.4322E+01  0.4318E+01  0.4314E+01
  0.4311E+01  0.4307E+01  0.4305E+01  0.4303E+01  0.4302E+01  0.4301E+01
  0.4302E+01  0.4303E+01  0.4306E+01  0.4311E+01  0.4320E+01  0.4337E+01
  0.4376E+01  0.4451E+01  0.4561E+01  0.4670E+01  0.4744E+01  0.4769E+01
  0.4747E+01  0.4706E+01  0.4689E+01  0.3305E+01  0.4440E+01  0.4439E+01
  0.4439E+01  0.4438E+01  0.4437E+01  0.4437E+01  0.4436E+01  0.4435E+01
  0.4434E+01  0.4433E+01  0.4432E+01  0.4430E+01  0.4429E+01  0.4428E+01
  0.4427E+01  0.4425E+01  0.4423E+01  0.4422E+01  0.4420E+01  0.4418E+01
  0.4416E+01  0.4414E+01  0.4412E+01  0.4409E+01  0.4407E+01  0.4404E+01
  0.4401E+01  0.4399E+01  0.4395E+01  0.4392E+01  0.4389E+01  0.4385E+01
  0.4382E+01  0.4378E+01  0.4374E+01  0.4370E+01  0.4366E+01  0.4362E+01
  0.4357E+01  0.4353E+01  0.4348E+01  0.4344E+01  0.4339E+01  0.4335E+01
  0.4330E+01  0.4326E+01  0.4322E+01  0.4318E+01  0.4314E+01  0.4311E+01
  0.4308E+01  0.4305E+01  0.4303E+01  0.4302E+01  0.4301E+01  0.4302E+01
  0.4304E+01  0.4307E+01  0.4312E+01  0.4320E+01  0.4337E+01  0.4376E+01
  0.4452E+01  0.4562E+01  0.4671E+01  0.4745E+01  0.4770E+01  0.4748E+01
  0.4707E+01  0.4689E+01  0.3314E+01  0.4440E+01  0.4439E+01  0.4439E+01
  0.4438E+01  0.4437E+01  0.4437E+01  0.4436E+01  0.4435E+01  0.4434E+01
  0.4433E+01  0.4432E+01  0.4430E+01  0.4429E+01  0.4428E+01  0.4427E+01
  0.4425E+01  0.4423E+01  0.4422E+01  0.4420E+01  0.4418E+01  0.4416E+01
  0.4414E+01  0.4412E+01  0.4409E+01  0.4407E+01  0.4404E+01  0.4401E+01
  0.4399E+01  0.4395E+01  0.4392E+01  0.4389E+01  0.4385E+01  0.4382E+01
  0.4378E+01  0.4374E+01  0.4370E+01  0.4366E+01  0.4362E+01  0.4357E+01
  0.4353E+01  0.4348E+01  0.4344E+01  0.4339E+01  0.4335E+01  0.4330E+01
  0.4326E+01  0.4322E+01  0.4318E+01  0.4314E+01  0.4311E+01  0.4308E+01
  0.4305E+01  0.4303E+01  0.4302E+01  0.4302E+01  0.4303E+01  0.4304E+01
  0.4308E+01  0.4313E+01  0.4321E+01  0.4339E+01  0.4377E+01  0.4453E+01
  0.4563E+01  0.4672E+01  0.4746E+01  0.4772E+01  0.4750E+01  0.4708E+01
  0.4690E+01  0.3322E+01  0.4440E+01  0.4439E+01  0.4439E+01  0.4438E+01
  0.4437E+01  0.4437E+01  0.4436E+01  0.4435E+01  0.4434E+01  0.4433E+01
  0.4432E+01  0.4430E+01  0.4429E+01  0.4428E+01  0.4427E+01  0.4425E+01
  0.4423E+01  0.4422E+01  0.4420E+01  0.4418E+01  0.4416E+01  0.4414E+01
  0.4412E+01  0.4409E+01  0.4407E+01  0.4404E+01  0.4401E+01  0.4398E+01
  0.4395E+01  0.4392E+01  0.4389E+01  0.4385E+01  0.4382E+01  0.4378E+01
  0.4374E+01  0.4370E+01  0.4366E+01  0.4362E+01  0.4357E+01  0.4353E+01
  0.4349E+01  0.4344E+01  0.4340E+01  0.4335E+01  0.4331E+01  0.4327E+01
  0.4322E+01  0.4319E+01  0.4315E+01  0.4312E+01  0.4309E+01  0.4306E+01
  0.4305E+01  0.4304E+01  0.4303E+01  0.4304E+01  0.4306E+01  0.4310E+01
  0.4315E+01  0.4324E+01  0.4341E+01  0.4378E+01  0.4452E+01  0.4561E+01
  0.4672E+01  0.4748E+01  0.4775E+01  0.4753E+01  0.4711E+01  0.4691E+01
  0.3251E+01  0.4440E+01  0.4439E+01  0.4439E+01  0.4438E+01  0.4437E+01
  0.4437E+01  0.4436E+01  0.4435E+01  0.4434E+01  0.4433E+01  0.4432E+01
  0.4430E+01  0.4429E+01  0.4428E+01  0.4426E+01  0.4425E+01  0.4423E+01
  0.4422E+01  0.4420E+01  0.4418E+01  0.4416E+01  0.4414E+01  0.4412E+01
  0.4409E+01  0.4407E+01  0.4404E+01  0.4401E+01  0.4399E+01  0.4395E+01
  0.4392E+01  0.4389E+01  0.4386E+01  0.4382E+01  0.4378E+01  0.4374E+01
  0.4370E+01  0.4366E+01  0.4362E+01  0.4358E+01  0.4353E+01  0.4349E+01
  0.4345E+01  0.4340E+01  0.4336E+01  0.4332E+01  0.4327E+01  0.4323E+01
  0.4320E+01  0.4316E+01  0.4313E+01  0.4310E+01  0.4308E+01  0.4306E+01
  0.4306E+01  0.4306E+01  0.4307E+01  0.4309E+01  0.4312E+01  0.4318E+01
  0.4327E+01  0.4343E+01  0.4378E+01  0.4448E+01  0.4555E+01  0.4667E+01
  0.4747E+01  0.4778E+01  0.4757E+01  0.4713E+01  0.4691E+01  0.3104E+01
  0.4440E+01  0.4439E+01  0.4439E+01  0.4438E+01  0.4437E+01  0.4437E+01
  0.4436E+01  0.4435E+01  0.4434E+01  0.4433E+01  0.4432E+01  0.4430E+01
  0.4429E+01  0.4428E+01  0.4426E+01  0.4425E+01  0.4423E+01  0.4422E+01
  0.4420E+01  0.4418E+01  0.4416E+01  0.4414E+01  0.4412E+01  0.4409E+01
  0.4407E+01  0.4404E+01  0.4402E+01  0.4399E+01  0.4396E+01  0.4393E+01
  0.4389E+01  0.4386E+01  0.4382E+01  0.4379E+01  0.4375E+01  0.4371E+01
  0.4367E+01  0.4363E+01  0.4359E+01  0.4354E+01  0.4350E+01  0.4346E+01
  0.4341E+01  0.4337E+01  0.4333E+01  0.4329E+01  0.4325E+01  0.4321E+01
  0.4318E+01  0.4315E+01  0.4312E+01  0.4310E+01  0.4308E+01  0.4308E+01
  0.4308E+01  0.4309E+01  0.4311E+01  0.4315E+01  0.4320E+01  0.4329E+01
  0.4343E+01  0.4375E+01  0.4439E+01  0.4543E+01  0.4658E+01  0.4744E+01
  0.4779E+01  0.4761E+01  0.4715E+01  0.4689E+01  0.2967E+01  0.4440E+01
  0.4439E+01  0.4439E+01  0.4438E+01  0.4437E+01  0.4437E+01  0.4436E+01
  0.4435E+01  0.4434E+01  0.4433E+01  0.4432E+01  0.4430E+01  0.4429E+01
  0.4428E+01  0.4427E+01  0.4425E+01  0.4423E+01  0.4422E+01  0.4420E+01
  0.4418E+01  0.4416E+01  0.4414E+01  0.4412E+01  0.4410E+01  0.4407E+01
  0.4405E+01  0.4402E+01  0.4399E+01  0.4396E+01  0.4393E+01  0.4390E+01
  0.4386E+01  0.4383E+01  0.4379E+01  0.4375E+01  0.4372E+01  0.4368E+01
  0.4363E+01  0.4359E+01  0.4355E+01  0.4351E+01  0.4346E+01  0.4342E+01
  0.4338E+01  0.4334E+01  0.4330E+01  0.4326E+01  0.4322E+01  0.4319E+01
  0.4316E+01  0.4313E+01  0.4311E+01  0.4310E+01  0.4309E+01  0.4309E+01
  0.4310E+01  0.4313E+01  0.4317E+01  0.4322E+01  0.4330E+01  0.4343E+01
  0.4369E+01  0.4424E+01  0.4521E+01  0.4639E+01  0.4736E+01  0.4782E+01
  0.4769E+01  0.4692E+01  0.4652E+01  0.2361E+01  0.4440E+01  0.4439E+01
  0.4439E+01  0.4438E+01  0.4437E+01  0.4437E+01  0.4436E+01  0.4435E+01
  0.4434E+01  0.4433E+01  0.4432E+01  0.4431E+01  0.4429E+01  0.4428E+01
  0.4427E+01  0.4425E+01  0.4424E+01  0.4422E+01  0.4420E+01  0.4418E+01
  0.4416E+01  0.4414E+01  0.4412E+01  0.4410E+01  0.4407E+01  0.4405E+01
  0.4402E+01  0.4399E+01  0.4396E+01  0.4393E+01  0.4390E+01  0.4387E+01
  0.4383E+01  0.4380E+01  0.4376E+01  0.4372E+01  0.4368E+01  0.4364E+01
  0.4360E+01  0.4356E+01  0.4351E+01  0.4347E+01  0.4343E+01  0.4339E+01
  0.4335E+01  0.4331E+01  0.4327E+01  0.4323E+01  0.4320E+01  0.4317E+01
  0.4314E+01  0.4312E+01  0.4311E+01  0.4310E+01  0.4311E+01  0.4312E+01
  0.4314E+01  0.4319E+01  0.4324E+01  0.4332E+01  0.4343E+01  0.4362E+01
  0.4401E+01  0.4480E+01  0.4599E+01  0.4716E+01  0.4787E+01  0.4790E+01
  0.4716E+01  0.4666E+01  0.2309E+01  0.4440E+01  0.4439E+01  0.4439E+01
  0.4438E+01  0.4437E+01  0.4437E+01  0.4436E+01  0.4435E+01  0.4434E+01
  0.4433E+01  0.4432E+01  0.4431E+01  0.4429E+01  0.4428E+01  0.4427E+01
  0.4425E+01  0.4424E+01  0.4422E+01  0.4420E+01  0.4418E+01  0.4416E+01
  0.4414E+01  0.4412E+01  0.4410E+01  0.4407E+01  0.4405E+01  0.4402E+01
  0.4399E+01  0.4396E+01  0.4393E+01  0.4390E+01  0.4387E+01  0.4383E+01
  0.4379E+01  0.4375E+01  0.4372E+01  0.4368E+01  0.4363E+01  0.4359E+01
  0.4355E+01  0.4350E+01  0.4346E+01  0.4342E+01  0.4337E+01  0.4333E+01
  0.4329E+01  0.4325E+01  0.4321E+01  0.4318E+01  0.4315E+01  0.4312E+01
  0.4310E+01  0.4308E+01  0.4307E+01  0.4307E+01  0.4308E+01  0.4310E+01
  0.4314E+01  0.4319E+01  0.4327E+01  0.4337E+01  0.4350E+01  0.4374E+01
  0.4425E+01  0.4524E+01  0.4654E+01  0.4763E+01  0.4804E+01  0.4756E+01
  0.4724E+01  0.4921E+01  0.4440E+01  0.4439E+01  0.4439E+01  0.4438E+01
  0.4437E+01  0.4436E+01  0.4436E+01  0.4435E+01  0.4434E+01  0.4433E+01
  0.4431E+01  0.4430E+01  0.4429E+01  0.4427E+01  0.4426E+01  0.4424E+01
  0.4423E+01  0.4421E+01  0.4419E+01  0.4417E+01  0.4415E+01  0.4413E+01
  0.4411E+01  0.4408E+01  0.4405E+01  0.4403E+01  0.4400E+01  0.4397E+01
  0.4393E+01  0.4390E+01  0.4386E+01  0.4383E+01  0.4379E+01  0.4375E+01
  0.4371E+01  0.4366E+01  0.4362E+01  0.4357E+01  0.4352E+01  0.4348E+01
  0.4343E+01  0.4337E+01  0.4332E+01  0.4327E+01  0.4322E+01  0.4317E+01
  0.4312E+01  0.4307E+01  0.4302E+01  0.4297E+01  0.4293E+01  0.4289E+01
  0.4286E+01  0.4283E+01  0.4280E+01  0.4279E+01  0.4278E+01  0.4279E+01
  0.4281E+01  0.4284E+01  0.4289E+01  0.4297E+01  0.4309E+01  0.4331E+01
  0.4387E+01  0.4503E+01  0.4653E+01  0.4761E+01  0.4754E+01  0.4676E+01
  0.1979E+01
