  0.3683E-01  0.2711E-01  0.2822E-01  0.2939E-01  0.3061E-01  0.3189E-01
  0.3323E-01  0.3463E-01  0.3609E-01  0.3763E-01  0.3924E-01  0.4092E-01
  0.4269E-01  0.4454E-01  0.4648E-01  0.4851E-01  0.5064E-01  0.5287E-01
  0.5521E-01  0.5766E-01  0.6024E-01  0.6294E-01  0.6577E-01  0.6874E-01
  0.7185E-01  0.7512E-01  0.7855E-01  0.8215E-01  0.8592E-01  0.8989E-01
  0.9405E-01  0.9842E-01  0.1030E+00  0.1078E+00  0.1129E+00  0.1182E+00
  0.1238E+00  0.1297E+00  0.1359E+00  0.1425E+00  0.1493E+00  0.1566E+00
  0.1643E+00  0.1724E+00  0.1810E+00  0.1902E+00  0.1999E+00  0.2102E+00
  0.2213E+00  0.2331E+00  0.2458E+00  0.2594E+00  0.2742E+00  0.2903E+00
  0.3078E+00  0.3270E+00  0.3482E+00  0.3718E+00  0.3982E+00  0.4280E+00
  0.4621E+00  0.5014E+00  0.5475E+00  0.6011E+00  0.6586E+00  0.7055E+00
  0.7225E+00  0.6973E+00  0.6288E+00  0.4986E+00  0.6056E-01  0.3683E-01
  0.3801E-01  0.3925E-01  0.4054E-01  0.4190E-01  0.4332E-01  0.4481E-01
  0.4638E-01  0.4801E-01  0.4973E-01  0.5153E-01  0.5341E-01  0.5538E-01
  0.5745E-01  0.5962E-01  0.6189E-01  0.6427E-01  0.6676E-01  0.6938E-01
  0.7212E-01  0.7499E-01  0.7800E-01  0.8115E-01  0.8446E-01  0.8793E-01
  0.9156E-01  0.9537E-01  0.9937E-01  0.1036E+00  0.1080E+00  0.1126E+00
  0.1174E+00  0.1225E+00  0.1278E+00  0.1335E+00  0.1393E+00  0.1455E+00
  0.1521E+00  0.1589E+00  0.1661E+00  0.1738E+00  0.1818E+00  0.1903E+00
  0.1993E+00  0.2088E+00  0.2189E+00  0.2297E+00  0.2411E+00  0.2534E+00
  0.2666E+00  0.2807E+00  0.2960E+00  0.3125E+00  0.3305E+00  0.3502E+00
  0.3718E+00  0.3958E+00  0.4225E+00  0.4525E+00  0.4866E+00  0.5257E+00
  0.5709E+00  0.6230E+00  0.6788E+00  0.7279E+00  0.7552E+00  0.7508E+00
  0.7125E+00  0.6460E+00  0.5226E+00  0.2901E+00  0.3683E-01  0.3832E-01
  0.3997E-01  0.4169E-01  0.4348E-01  0.4533E-01  0.4724E-01  0.4921E-01
  0.5124E-01  0.5336E-01  0.5555E-01  0.5783E-01  0.6020E-01  0.6266E-01
  0.6523E-01  0.6790E-01  0.7069E-01  0.7360E-01  0.7663E-01  0.7980E-01
  0.8312E-01  0.8658E-01  0.9020E-01  0.9398E-01  0.9794E-01  0.1021E+00
  0.1064E+00  0.1110E+00  0.1157E+00  0.1207E+00  0.1259E+00  0.1314E+00
  0.1371E+00  0.1431E+00  0.1494E+00  0.1560E+00  0.1630E+00  0.1703E+00
  0.1779E+00  0.1860E+00  0.1945E+00  0.2035E+00  0.2130E+00  0.2230E+00
  0.2337E+00  0.2449E+00  0.2569E+00  0.2697E+00  0.2833E+00  0.2979E+00
  0.3136E+00  0.3306E+00  0.3489E+00  0.3689E+00  0.3908E+00  0.4148E+00
  0.4413E+00  0.4710E+00  0.5043E+00  0.5420E+00  0.5851E+00  0.6342E+00
  0.6875E+00  0.7382E+00  0.7744E+00  0.7851E+00  0.7654E+00  0.7175E+00
  0.6332E+00  0.4983E+00  0.2408E+00  0.3683E-01  0.3834E-01  0.3993E-01
  0.4161E-01  0.4337E-01  0.4523E-01  0.4718E-01  0.4921E-01  0.5134E-01
  0.5357E-01  0.5589E-01  0.5832E-01  0.6085E-01  0.6350E-01  0.6626E-01
  0.6914E-01  0.7214E-01  0.7529E-01  0.7856E-01  0.8199E-01  0.8557E-01
  0.8931E-01  0.9322E-01  0.9731E-01  0.1016E+00  0.1061E+00  0.1107E+00
  0.1156E+00  0.1208E+00  0.1261E+00  0.1317E+00  0.1376E+00  0.1438E+00
  0.1503E+00  0.1571E+00  0.1642E+00  0.1717E+00  0.1796E+00  0.1878E+00
  0.1966E+00  0.2057E+00  0.2154E+00  0.2256E+00  0.2364E+00  0.2479E+00
  0.2600E+00  0.2729E+00  0.2866E+00  0.3013E+00  0.3171E+00  0.3340E+00
  0.3522E+00  0.3720E+00  0.3935E+00  0.4170E+00  0.4428E+00  0.4714E+00
  0.5032E+00  0.5389E+00  0.5793E+00  0.6251E+00  0.6757E+00  0.7273E+00
  0.7710E+00  0.7965E+00  0.7966E+00  0.7695E+00  0.7193E+00  0.6352E+00
  0.5010E+00  0.1989E+00  0.3683E-01  0.3834E-01  0.3992E-01  0.4157E-01
  0.4331E-01  0.4512E-01  0.4703E-01  0.4903E-01  0.5113E-01  0.5334E-01
  0.5565E-01  0.5807E-01  0.6062E-01  0.6328E-01  0.6607E-01  0.6899E-01
  0.7206E-01  0.7526E-01  0.7862E-01  0.8214E-01  0.8582E-01  0.8967E-01
  0.9370E-01  0.9793E-01  0.1023E+00  0.1070E+00  0.1118E+00  0.1169E+00
  0.1222E+00  0.1278E+00  0.1336E+00  0.1397E+00  0.1461E+00  0.1529E+00
  0.1599E+00  0.1673E+00  0.1751E+00  0.1833E+00  0.1919E+00  0.2009E+00
  0.2104E+00  0.2205E+00  0.2311E+00  0.2423E+00  0.2541E+00  0.2667E+00
  0.2801E+00  0.2944E+00  0.3096E+00  0.3260E+00  0.3435E+00  0.3624E+00
  0.3829E+00  0.4052E+00  0.4296E+00  0.4564E+00  0.4860E+00  0.5190E+00
  0.5560E+00  0.5978E+00  0.6448E+00  0.6957E+00  0.7455E+00  0.7852E+00
  0.8054E+00  0.8007E+00  0.7708E+00  0.7198E+00  0.6359E+00  0.5018E+00
  0.1968E+00  0.3683E-01  0.3834E-01  0.3992E-01  0.4157E-01  0.4330E-01
  0.4511E-01  0.4700E-01  0.4899E-01  0.5106E-01  0.5324E-01  0.5553E-01
  0.5793E-01  0.6044E-01  0.6308E-01  0.6585E-01  0.6875E-01  0.7180E-01
  0.7500E-01  0.7835E-01  0.8187E-01  0.8557E-01  0.8944E-01  0.9350E-01
  0.9776E-01  0.1022E+00  0.1069E+00  0.1118E+00  0.1170E+00  0.1224E+00
  0.1280E+00  0.1340E+00  0.1402E+00  0.1467E+00  0.1536E+00  0.1608E+00
  0.1684E+00  0.1763E+00  0.1847E+00  0.1935E+00  0.2027E+00  0.2125E+00
  0.2227E+00  0.2336E+00  0.2451E+00  0.2572E+00  0.2701E+00  0.2838E+00
  0.2984E+00  0.3140E+00  0.3306E+00  0.3486E+00  0.3679E+00  0.3888E+00
  0.4116E+00  0.4365E+00  0.4638E+00  0.4940E+00  0.5277E+00  0.5654E+00
  0.6080E+00  0.6555E+00  0.7063E+00  0.7549E+00  0.7922E+00  0.8097E+00
  0.8026E+00  0.7713E+00  0.7201E+00  0.6363E+00  0.5021E+00  0.1782E+00
  0.3683E-01  0.3834E-01  0.3992E-01  0.4157E-01  0.4330E-01  0.4511E-01
  0.4700E-01  0.4898E-01  0.5106E-01  0.5323E-01  0.5551E-01  0.5790E-01
  0.6040E-01  0.6302E-01  0.6577E-01  0.6866E-01  0.7168E-01  0.7486E-01
  0.7819E-01  0.8168E-01  0.8535E-01  0.8921E-01  0.9325E-01  0.9749E-01
  0.1019E+00  0.1066E+00  0.1115E+00  0.1167E+00  0.1221E+00  0.1278E+00
  0.1337E+00  0.1400E+00  0.1466E+00  0.1535E+00  0.1608E+00  0.1684E+00
  0.1764E+00  0.1849E+00  0.1938E+00  0.2031E+00  0.2130E+00  0.2234E+00
  0.2345E+00  0.2461E+00  0.2584E+00  0.2715E+00  0.2855E+00  0.3003E+00
  0.3161E+00  0.3331E+00  0.3514E+00  0.3710E+00  0.3923E+00  0.4154E+00
  0.4407E+00  0.4685E+00  0.4992E+00  0.5334E+00  0.5717E+00  0.6148E+00
  0.6628E+00  0.7136E+00  0.7613E+00  0.7970E+00  0.8125E+00  0.8039E+00
  0.7717E+00  0.7203E+00  0.6365E+00  0.5023E+00  0.1650E+00  0.3683E-01
  0.3834E-01  0.3992E-01  0.4157E-01  0.4330E-01  0.4511E-01  0.4700E-01
  0.4899E-01  0.5106E-01  0.5324E-01  0.5552E-01  0.5790E-01  0.6040E-01
  0.6302E-01  0.6577E-01  0.6864E-01  0.7166E-01  0.7483E-01  0.7814E-01
  0.8163E-01  0.8528E-01  0.8911E-01  0.9314E-01  0.9736E-01  0.1018E+00
  0.1064E+00  0.1113E+00  0.1165E+00  0.1219E+00  0.1275E+00  0.1335E+00
  0.1397E+00  0.1463E+00  0.1532E+00  0.1604E+00  0.1681E+00  0.1761E+00
  0.1846E+00  0.1935E+00  0.2029E+00  0.2128E+00  0.2232E+00  0.2343E+00
  0.2460E+00  0.2584E+00  0.2716E+00  0.2856E+00  0.3006E+00  0.3165E+00
  0.3337E+00  0.3521E+00  0.3719E+00  0.3934E+00  0.4168E+00  0.4423E+00
  0.4704E+00  0.5014E+00  0.5360E+00  0.5747E+00  0.6181E+00  0.6664E+00
  0.7173E+00  0.7646E+00  0.7995E+00  0.8140E+00  0.8046E+00  0.7720E+00
  0.7204E+00  0.6366E+00  0.5024E+00  0.1576E+00  0.3683E-01  0.3834E-01
  0.3992E-01  0.4157E-01  0.4330E-01  0.4511E-01  0.4700E-01  0.4899E-01
  0.5106E-01  0.5324E-01  0.5552E-01  0.5791E-01  0.6041E-01  0.6303E-01
  0.6577E-01  0.6865E-01  0.7167E-01  0.7483E-01  0.7815E-01  0.8163E-01
  0.8528E-01  0.8910E-01  0.9312E-01  0.9733E-01  0.1018E+00  0.1064E+00
  0.1113E+00  0.1164E+00  0.1218E+00  0.1274E+00  0.1333E+00  0.1396E+00
  0.1461E+00  0.1530E+00  0.1602E+00  0.1678E+00  0.1758E+00  0.1843E+00
  0.1932E+00  0.2025E+00  0.2124E+00  0.2229E+00  0.2339E+00  0.2456E+00
  0.2580E+00  0.2712E+00  0.2852E+00  0.3002E+00  0.3161E+00  0.3333E+00
  0.3517E+00  0.3716E+00  0.3931E+00  0.4166E+00  0.4422E+00  0.4703E+00
  0.5015E+00  0.5361E+00  0.5749E+00  0.6186E+00  0.6670E+00  0.7179E+00
  0.7652E+00  0.7999E+00  0.8143E+00  0.8047E+00  0.7720E+00  0.7204E+00
  0.6366E+00  0.5024E+00  0.1557E+00  0.3683E-01  0.3834E-01  0.3992E-01
  0.4157E-01  0.4330E-01  0.4511E-01  0.4700E-01  0.4899E-01  0.5106E-01
  0.5324E-01  0.5552E-01  0.5791E-01  0.6041E-01  0.6303E-01  0.6578E-01
  0.6865E-01  0.7167E-01  0.7484E-01  0.7816E-01  0.8164E-01  0.8528E-01
  0.8911E-01  0.9313E-01  0.9734E-01  0.1018E+00  0.1064E+00  0.1113E+00
  0.1164E+00  0.1217E+00  0.1274E+00  0.1333E+00  0.1395E+00  0.1461E+00
  0.1529E+00  0.1601E+00  0.1677E+00  0.1757E+00  0.1841E+00  0.1930E+00
  0.2024E+00  0.2122E+00  0.2227E+00  0.2337E+00  0.2454E+00  0.2577E+00
  0.2709E+00  0.2849E+00  0.2998E+00  0.3158E+00  0.3329E+00  0.3513E+00
  0.3711E+00  0.3926E+00  0.4161E+00  0.4416E+00  0.4698E+00  0.5009E+00
  0.5355E+00  0.5744E+00  0.6180E+00  0.6665E+00  0.7175E+00  0.7648E+00
  0.7997E+00  0.8141E+00  0.8045E+00  0.7719E+00  0.7203E+00  0.6366E+00
  0.5023E+00  0.1561E+00  0.3683E-01  0.3834E-01  0.3992E-01  0.4157E-01
  0.4330E-01  0.4511E-01  0.4700E-01  0.4899E-01  0.5106E-01  0.5324E-01
  0.5552E-01  0.5791E-01  0.6041E-01  0.6303E-01  0.6578E-01  0.6866E-01
  0.7167E-01  0.7484E-01  0.7816E-01  0.8164E-01  0.8529E-01  0.8912E-01
  0.9313E-01  0.9735E-01  0.1018E+00  0.1064E+00  0.1113E+00  0.1164E+00
  0.1218E+00  0.1274E+00  0.1333E+00  0.1395E+00  0.1461E+00  0.1529E+00
  0.1601E+00  0.1677E+00  0.1757E+00  0.1841E+00  0.1930E+00  0.2023E+00
  0.2122E+00  0.2226E+00  0.2336E+00  0.2453E+00  0.2576E+00  0.2708E+00
  0.2847E+00  0.2996E+00  0.3156E+00  0.3327E+00  0.3511E+00  0.3709E+00
  0.3924E+00  0.4158E+00  0.4413E+00  0.4694E+00  0.5005E+00  0.5352E+00
  0.5740E+00  0.6176E+00  0.6660E+00  0.7171E+00  0.7645E+00  0.7995E+00
  0.8140E+00  0.8045E+00  0.7719E+00  0.7203E+00  0.6365E+00  0.5023E+00
  0.1566E+00  0.3683E-01  0.3834E-01  0.3992E-01  0.4157E-01  0.4330E-01
  0.4511E-01  0.4700E-01  0.4899E-01  0.5106E-01  0.5324E-01  0.5552E-01
  0.5791E-01  0.6041E-01  0.6303E-01  0.6578E-01  0.6866E-01  0.7167E-01
  0.7484E-01  0.7816E-01  0.8164E-01  0.8529E-01  0.8912E-01  0.9314E-01
  0.9735E-01  0.1018E+00  0.1064E+00  0.1113E+00  0.1164E+00  0.1218E+00
  0.1274E+00  0.1333E+00  0.1395E+00  0.1461E+00  0.1529E+00  0.1601E+00
  0.1677E+00  0.1757E+00  0.1841E+00  0.1930E+00  0.2023E+00  0.2122E+00
  0.2226E+00  0.2336E+00  0.2452E+00  0.2576E+00  0.2707E+00  0.2847E+00
  0.2996E+00  0.3155E+00  0.3326E+00  0.3510E+00  0.3708E+00  0.3923E+00
  0.4156E+00  0.4412E+00  0.4693E+00  0.5004E+00  0.5350E+00  0.5737E+00
  0.6174E+00  0.6658E+00  0.7168E+00  0.7643E+00  0.7993E+00  0.8140E+00
  0.8045E+00  0.7719E+00  0.7203E+00  0.6365E+00  0.5022E+00  0.1569E+00
  0.3683E-01  0.3834E-01  0.3992E-01  0.4157E-01  0.4330E-01  0.4511E-01
  0.4700E-01  0.4899E-01  0.5106E-01  0.5324E-01  0.5552E-01  0.5791E-01
  0.6041E-01  0.6303E-01  0.6578E-01  0.6866E-01  0.7167E-01  0.7484E-01
  0.7816E-01  0.8164E-01  0.8529E-01  0.8912E-01  0.9314E-01  0.9735E-01
  0.1018E+00  0.1064E+00  0.1113E+00  0.1164E+00  0.1218E+00  0.1274E+00
  0.1333E+00  0.1395E+00  0.1461E+00  0.1529E+00  0.1601E+00  0.1677E+00
  0.1757E+00  0.1841E+00  0.1930E+00  0.2023E+00  0.2122E+00  0.2226E+00
  0.2336E+00  0.2452E+00  0.2576E+00  0.2707E+00  0.2847E+00  0.2996E+00
  0.3155E+00  0.3326E+00  0.3509E+00  0.3707E+00  0.3922E+00  0.4156E+00
  0.4411E+00  0.4692E+00  0.5002E+00  0.5348E+00  0.5736E+00  0.6172E+00
  0.6656E+00  0.7167E+00  0.7642E+00  0.7992E+00  0.8139E+00  0.8044E+00
  0.7718E+00  0.7203E+00  0.6365E+00  0.5022E+00  0.1572E+00  0.3683E-01
  0.3834E-01  0.3992E-01  0.4157E-01  0.4330E-01  0.4511E-01  0.4700E-01
  0.4899E-01  0.5106E-01  0.5324E-01  0.5552E-01  0.5791E-01  0.6041E-01
  0.6303E-01  0.6578E-01  0.6866E-01  0.7167E-01  0.7484E-01  0.7816E-01
  0.8164E-01  0.8529E-01  0.8912E-01  0.9314E-01  0.9735E-01  0.1018E+00
  0.1064E+00  0.1113E+00  0.1164E+00  0.1218E+00  0.1274E+00  0.1333E+00
  0.1395E+00  0.1461E+00  0.1529E+00  0.1602E+00  0.1677E+00  0.1757E+00
  0.1841E+00  0.1930E+00  0.2023E+00  0.2122E+00  0.2226E+00  0.2336E+00
  0.2452E+00  0.2576E+00  0.2707E+00  0.2847E+00  0.2996E+00  0.3155E+00
  0.3326E+00  0.3509E+00  0.3707E+00  0.3922E+00  0.4155E+00  0.4411E+00
  0.4691E+00  0.5002E+00  0.5348E+00  0.5735E+00  0.6171E+00  0.6655E+00
  0.7165E+00  0.7640E+00  0.7991E+00  0.8138E+00  0.8044E+00  0.7718E+00
  0.7202E+00  0.6365E+00  0.5022E+00  0.1576E+00  0.3683E-01  0.3834E-01
  0.3992E-01  0.4157E-01  0.4330E-01  0.4511E-01  0.4700E-01  0.4899E-01
  0.5106E-01  0.5324E-01  0.5552E-01  0.5791E-01  0.6041E-01  0.6303E-01
  0.6578E-01  0.6866E-01  0.7167E-01  0.7484E-01  0.7816E-01  0.8164E-01
  0.8529E-01  0.8912E-01  0.9314E-01  0.9735E-01  0.1018E+00  0.1064E+00
  0.1113E+00  0.1164E+00  0.1218E+00  0.1274E+00  0.1333E+00  0.1395E+00
  0.1461E+00  0.1529E+00  0.1602E+00  0.1677E+00  0.1757E+00  0.1841E+00
  0.1930E+00  0.2023E+00  0.2122E+00  0.2226E+00  0.2336E+00  0.2452E+00
  0.2576E+00  0.2707E+00  0.2847E+00  0.2996E+00  0.3155E+00  0.3326E+00
  0.3509E+00  0.3707E+00  0.3922E+00  0.4155E+00  0.4411E+00  0.4691E+00
  0.5002E+00  0.5347E+00  0.5735E+00  0.6170E+00  0.6654E+00  0.7165E+00
  0.7640E+00  0.7990E+00  0.8138E+00  0.8044E+00  0.7718E+00  0.7202E+00
  0.6365E+00  0.5022E+00  0.1578E+00  0.3683E-01  0.3834E-01  0.3992E-01
  0.4157E-01  0.4330E-01  0.4511E-01  0.4700E-01  0.4899E-01  0.5106E-01
  0.5324E-01  0.5552E-01  0.5791E-01  0.6041E-01  0.6303E-01  0.6578E-01
  0.6866E-01  0.7167E-01  0.7484E-01  0.7816E-01  0.8164E-01  0.8529E-01
  0.8912E-01  0.9314E-01  0.9735E-01  0.1018E+00  0.1064E+00  0.1113E+00
  0.1164E+00  0.1218E+00  0.1274E+00  0.1333E+00  0.1395E+00  0.1461E+00
  0.1529E+00  0.1602E+00  0.1677E+00  0.1757E+00  0.1841E+00  0.1930E+00
  0.2023E+00  0.2122E+00  0.2226E+00  0.2336E+00  0.2453E+00  0.2576E+00
  0.2707E+00  0.2847E+00  0.2996E+00  0.3155E+00  0.3326E+00  0.3509E+00
  0.3707E+00  0.3922E+00  0.4156E+00  0.4411E+00  0.4692E+00  0.5002E+00
  0.5348E+00  0.5735E+00  0.6171E+00  0.6655E+00  0.7165E+00  0.7640E+00
  0.7990E+00  0.8138E+00  0.8044E+00  0.7718E+00  0.7202E+00  0.6365E+00
  0.5022E+00  0.1578E+00  0.3683E-01  0.3834E-01  0.3992E-01  0.4157E-01
  0.4330E-01  0.4511E-01  0.4700E-01  0.4899E-01  0.5106E-01  0.5324E-01
  0.5552E-01  0.5791E-01  0.6041E-01  0.6303E-01  0.6578E-01  0.6866E-01
  0.7167E-01  0.7484E-01  0.7816E-01  0.8164E-01  0.8529E-01  0.8912E-01
  0.9314E-01  0.9735E-01  0.1018E+00  0.1064E+00  0.1113E+00  0.1164E+00
  0.1218E+00  0.1274E+00  0.1333E+00  0.1395E+00  0.1461E+00  0.1529E+00
  0.1602E+00  0.1677E+00  0.1757E+00  0.1841E+00  0.1930E+00  0.2023E+00
  0.2122E+00  0.2226E+00  0.2336E+00  0.2453E+00  0.2576E+00  0.2707E+00
  0.2847E+00  0.2996E+00  0.3155E+00  0.3326E+00  0.3509E+00  0.3708E+00
  0.3922E+00  0.4156E+00  0.4411E+00  0.4692E+00  0.5002E+00  0.5348E+00
  0.5735E+00  0.6171E+00  0.6655E+00  0.7165E+00  0.7640E+00  0.7991E+00
  0.8138E+00  0.8044E+00  0.7718E+00  0.7202E+00  0.6365E+00  0.5022E+00
  0.1578E+00  0.3683E-01  0.3834E-01  0.3992E-01  0.4157E-01  0.4330E-01
  0.4511E-01  0.4700E-01  0.4899E-01  0.5106E-01  0.5324E-01  0.5552E-01
  0.5791E-01  0.6041E-01  0.6303E-01  0.6578E-01  0.6866E-01  0.7167E-01
  0.7484E-01  0.7816E-01  0.8164E-01  0.8529E-01  0.8912E-01  0.9314E-01
  0.9735E-01  0.1018E+00  0.1064E+00  0.1113E+00  0.1164E+00  0.1218E+00
  0.1274E+00  0.1333E+00  0.1395E+00  0.1461E+00  0.1529E+00  0.1602E+00
  0.1677E+00  0.1757E+00  0.1841E+00  0.1930E+00  0.2023E+00  0.2122E+00
  0.2226E+00  0.2336E+00  0.2453E+00  0.2576E+00  0.2707E+00  0.2847E+00
  0.2996E+00  0.3155E+00  0.3326E+00  0.3509E+00  0.3708E+00  0.3922E+00
  0.4156E+00  0.4411E+00  0.4692E+00  0.5002E+00  0.5348E+00  0.5735E+00
  0.6171E+00  0.6655E+00  0.7165E+00  0.7640E+00  0.7991E+00  0.8138E+00
  0.8044E+00  0.7718E+00  0.7202E+00  0.6365E+00  0.5022E+00  0.1577E+00
  0.3683E-01  0.3834E-01  0.3992E-01  0.4157E-01  0.4330E-01  0.4511E-01
  0.4700E-01  0.4899E-01  0.5106E-01  0.5324E-01  0.5552E-01  0.5791E-01
  0.6041E-01  0.6303E-01  0.6578E-01  0.6866E-01  0.7167E-01  0.7484E-01
  0.7816E-01  0.8164E-01  0.8529E-01  0.8912E-01  0.9314E-01  0.9735E-01
  0.1018E+00  0.1064E+00  0.1113E+00  0.1164E+00  0.1218E+00  0.1274E+00
  0.1333E+00  0.1395E+00  0.1461E+00  0.1529E+00  0.1602E+00  0.1677E+00
  0.1757E+00  0.1841E+00  0.1930E+00  0.2023E+00  0.2122E+00  0.2226E+00
  0.2336E+00  0.2453E+00  0.2576E+00  0.2707E+00  0.2847E+00  0.2996E+00
  0.3155E+00  0.3326E+00  0.3509E+00  0.3708E+00  0.3922E+00  0.4156E+00
  0.4411E+00  0.4692E+00  0.5002E+00  0.5348E+00  0.5735E+00  0.6171E+00
  0.6655E+00  0.7165E+00  0.7640E+00  0.7991E+00  0.8138E+00  0.8044E+00
  0.7718E+00  0.7202E+00  0.6365E+00  0.5022E+00  0.1577E+00  0.3683E-01
  0.3834E-01  0.3992E-01  0.4157E-01  0.4330E-01  0.4511E-01  0.4700E-01
  0.4899E-01  0.5106E-01  0.5324E-01  0.5552E-01  0.5791E-01  0.6041E-01
  0.6303E-01  0.6578E-01  0.6866E-01  0.7167E-01  0.7484E-01  0.7816E-01
  0.8164E-01  0.8529E-01  0.8912E-01  0.9314E-01  0.9735E-01  0.1018E+00
  0.1064E+00  0.1113E+00  0.1164E+00  0.1218E+00  0.1274E+00  0.1333E+00
  0.1395E+00  0.1461E+00  0.1529E+00  0.1602E+00  0.1677E+00  0.1757E+00
  0.1841E+00  0.1930E+00  0.2023E+00  0.2122E+00  0.2226E+00  0.2336E+00
  0.2453E+00  0.2576E+00  0.2707E+00  0.2847E+00  0.2996E+00  0.3155E+00
  0.3326E+00  0.3509E+00  0.3708E+00  0.3922E+00  0.4156E+00  0.4411E+00
  0.4692E+00  0.5002E+00  0.5348E+00  0.5735E+00  0.6171E+00  0.6655E+00
  0.7165E+00  0.7640E+00  0.7991E+00  0.8138E+00  0.8044E+00  0.7718E+00
  0.7202E+00  0.6365E+00  0.5022E+00  0.1577E+00  0.3683E-01  0.3834E-01
  0.3992E-01  0.4157E-01  0.4330E-01  0.4511E-01  0.4700E-01  0.4899E-01
  0.5106E-01  0.5324E-01  0.5552E-01  0.5791E-01  0.6041E-01  0.6303E-01
  0.6578E-01  0.6866E-01  0.7167E-01  0.7484E-01  0.7816E-01  0.8164E-01
  0.8529E-01  0.8912E-01  0.9314E-01  0.9735E-01  0.1018E+00  0.1064E+00
  0.1113E+00  0.1164E+00  0.1218E+00  0.1274E+00  0.1333E+00  0.1395E+00
  0.1461E+00  0.1529E+00  0.1602E+00  0.1677E+00  0.1757E+00  0.1841E+00
  0.1930E+00  0.2023E+00  0.2122E+00  0.2226E+00  0.2336E+00  0.2453E+00
  0.2576E+00  0.2707E+00  0.2847E+00  0.2996E+00  0.3155E+00  0.3326E+00
  0.3509E+00  0.3708E+00  0.3922E+00  0.4156E+00  0.4411E+00  0.4692E+00
  0.5002E+00  0.5348E+00  0.5735E+00  0.6171E+00  0.6655E+00  0.7165E+00
  0.7640E+00  0.7991E+00  0.8138E+00  0.8044E+00  0.7718E+00  0.7202E+00
  0.6365E+00  0.5022E+00  0.1577E+00  0.3683E-01  0.3834E-01  0.3992E-01
  0.4157E-01  0.4330E-01  0.4511E-01  0.4700E-01  0.4899E-01  0.5106E-01
  0.5324E-01  0.5552E-01  0.5791E-01  0.6041E-01  0.6303E-01  0.6578E-01
  0.6866E-01  0.7167E-01  0.7484E-01  0.7816E-01  0.8164E-01  0.8529E-01
  0.8912E-01  0.9314E-01  0.9735E-01  0.1018E+00  0.1064E+00  0.1113E+00
  0.1164E+00  0.1218E+00  0.1274E+00  0.1333E+00  0.1395E+00  0.1461E+00
  0.1529E+00  0.1602E+00  0.1677E+00  0.1757E+00  0.1841E+00  0.1930E+00
  0.2023E+00  0.2122E+00  0.2226E+00  0.2336E+00  0.2453E+00  0.2576E+00
  0.2707E+00  0.2847E+00  0.2996E+00  0.3155E+00  0.3326E+00  0.3509E+00
  0.3708E+00  0.3922E+00  0.4156E+00  0.4411E+00  0.4692E+00  0.5002E+00
  0.5348E+00  0.5735E+00  0.6171E+00  0.6655E+00  0.7165E+00  0.7640E+00
  0.7991E+00  0.8138E+00  0.8044E+00  0.7718E+00  0.7202E+00  0.6365E+00
  0.5022E+00  0.1577E+00  0.3683E-01  0.3834E-01  0.3992E-01  0.4157E-01
  0.4330E-01  0.4511E-01  0.4700E-01  0.4899E-01  0.5106E-01  0.5324E-01
  0.5552E-01  0.5791E-01  0.6041E-01  0.6303E-01  0.6578E-01  0.6866E-01
  0.7167E-01  0.7484E-01  0.7816E-01  0.8164E-01  0.8529E-01  0.8912E-01
  0.9314E-01  0.9735E-01  0.1018E+00  0.1064E+00  0.1113E+00  0.1164E+00
  0.1218E+00  0.1274E+00  0.1333E+00  0.1395E+00  0.1461E+00  0.1529E+00
  0.1602E+00  0.1677E+00  0.1757E+00  0.1841E+00  0.1930E+00  0.2023E+00
  0.2122E+00  0.2226E+00  0.2336E+00  0.2453E+00  0.2576E+00  0.2707E+00
  0.2847E+00  0.2996E+00  0.3155E+00  0.3326E+00  0.3509E+00  0.3708E+00
  0.3922E+00  0.4156E+00  0.4411E+00  0.4692E+00  0.5002E+00  0.5348E+00
  0.5735E+00  0.6171E+00  0.6655E+00  0.7165E+00  0.7640E+00  0.7991E+00
  0.8138E+00  0.8044E+00  0.7718E+00  0.7202E+00  0.6365E+00  0.5022E+00
  0.1577E+00  0.3683E-01  0.3834E-01  0.3992E-01  0.4157E-01  0.4330E-01
  0.4511E-01  0.4700E-01  0.4899E-01  0.5106E-01  0.5324E-01  0.5552E-01
  0.5791E-01  0.6041E-01  0.6303E-01  0.6578E-01  0.6866E-01  0.7167E-01
  0.7484E-01  0.7816E-01  0.8164E-01  0.8529E-01  0.8912E-01  0.9314E-01
  0.9735E-01  0.1018E+00  0.1064E+00  0.1113E+00  0.1164E+00  0.1218E+00
  0.1274E+00  0.1333E+00  0.1395E+00  0.1461E+00  0.1529E+00  0.1602E+00
  0.1677E+00  0.1757E+00  0.1841E+00  0.1930E+00  0.2023E+00  0.2122E+00
  0.2226E+00  0.2336E+00  0.2453E+00  0.2576E+00  0.2707E+00  0.2847E+00
  0.2996E+00  0.3155E+00  0.3326E+00  0.3509E+00  0.3708E+00  0.3922E+00
  0.4156E+00  0.4411E+00  0.4692E+00  0.5002E+00  0.5348E+00  0.5735E+00
  0.6171E+00  0.6655E+00  0.7165E+00  0.7640E+00  0.7991E+00  0.8138E+00
  0.8044E+00  0.7718E+00  0.7202E+00  0.6365E+00  0.5022E+00  0.1577E+00
  0.3683E-01  0.3834E-01  0.3992E-01  0.4157E-01  0.4330E-01  0.4511E-01
  0.4700E-01  0.4899E-01  0.5106E-01  0.5324E-01  0.5552E-01  0.5791E-01
  0.6041E-01  0.6303E-01  0.6578E-01  0.6866E-01  0.7167E-01  0.7484E-01
  0.7816E-01  0.8164E-01  0.8529E-01  0.8912E-01  0.9314E-01  0.9735E-01
  0.1018E+00  0.1064E+00  0.1113E+00  0.1164E+00  0.1218E+00  0.1274E+00
  0.1333E+00  0.1395E+00  0.1461E+00  0.1529E+00  0.1602E+00  0.1677E+00
  0.1757E+00  0.1841E+00  0.1930E+00  0.2023E+00  0.2122E+00  0.2226E+00
  0.2336E+00  0.2453E+00  0.2576E+00  0.2707E+00  0.2847E+00  0.2996E+00
  0.3155E+00  0.3326E+00  0.3509E+00  0.3708E+00  0.3922E+00  0.4156E+00
  0.4411E+00  0.4692E+00  0.5002E+00  0.5348E+00  0.5735E+00  0.6171E+00
  0.6655E+00  0.7165E+00  0.7640E+00  0.7991E+00  0.8138E+00  0.8044E+00
  0.7718E+00  0.7202E+00  0.6365E+00  0.5022E+00  0.1577E+00  0.3683E-01
  0.3834E-01  0.3992E-01  0.4157E-01  0.4330E-01  0.4511E-01  0.4700E-01
  0.4899E-01  0.5106E-01  0.5324E-01  0.5552E-01  0.5791E-01  0.6041E-01
  0.6303E-01  0.6578E-01  0.6866E-01  0.7167E-01  0.7484E-01  0.7816E-01
  0.8164E-01  0.8529E-01  0.8912E-01  0.9314E-01  0.9735E-01  0.1018E+00
  0.1064E+00  0.1113E+00  0.1164E+00  0.1218E+00  0.1274E+00  0.1333E+00
  0.1395E+00  0.1461E+00  0.1529E+00  0.1602E+00  0.1677E+00  0.1757E+00
  0.1841E+00  0.1930E+00  0.2023E+00  0.2122E+00  0.2226E+00  0.2336E+00
  0.2453E+00  0.2576E+00  0.2707E+00  0.2847E+00  0.2996E+00  0.3155E+00
  0.3326E+00  0.3509E+00  0.3708E+00  0.3922E+00  0.4156E+00  0.4411E+00
  0.4692E+00  0.5002E+00  0.5348E+00  0.5735E+00  0.6171E+00  0.6655E+00
  0.7165E+00  0.7640E+00  0.7991E+00  0.8138E+00  0.8044E+00  0.7718E+00
  0.7202E+00  0.6365E+00  0.5022E+00  0.1577E+00  0.3683E-01  0.3834E-01
  0.3992E-01  0.4157E-01  0.4330E-01  0.4511E-01  0.4700E-01  0.4899E-01
  0.5106E-01  0.5324E-01  0.5552E-01  0.5791E-01  0.6041E-01  0.6303E-01
  0.6578E-01  0.6866E-01  0.7167E-01  0.7484E-01  0.7816E-01  0.8164E-01
  0.8529E-01  0.8912E-01  0.9314E-01  0.9735E-01  0.1018E+00  0.1064E+00
  0.1113E+00  0.1164E+00  0.1218E+00  0.1274E+00  0.1333E+00  0.1395E+00
  0.1461E+00  0.1529E+00  0.1602E+00  0.1677E+00  0.1757E+00  0.1841E+00
  0.1930E+00  0.2023E+00  0.2122E+00  0.2226E+00  0.2336E+00  0.2453E+00
  0.2576E+00  0.2707E+00  0.2847E+00  0.2996E+00  0.3155E+00  0.3326E+00
  0.3509E+00  0.3708E+00  0.3922E+00  0.4156E+00  0.4411E+00  0.4692E+00
  0.5002E+00  0.5348E+00  0.5735E+00  0.6171E+00  0.6655E+00  0.7165E+00
  0.7640E+00  0.7991E+00  0.8138E+00  0.8044E+00  0.7718E+00  0.7202E+00
  0.6365E+00  0.5022E+00  0.1577E+00  0.3683E-01  0.3834E-01  0.3992E-01
  0.4157E-01  0.4330E-01  0.4511E-01  0.4700E-01  0.4899E-01  0.5106E-01
  0.5324E-01  0.5552E-01  0.5791E-01  0.6041E-01  0.6303E-01  0.6578E-01
  0.6866E-01  0.7167E-01  0.7484E-01  0.7816E-01  0.8164E-01  0.8529E-01
  0.8912E-01  0.9314E-01  0.9735E-01  0.1018E+00  0.1064E+00  0.1113E+00
  0.1164E+00  0.1218E+00  0.1274E+00  0.1333E+00  0.1395E+00  0.1461E+00
  0.1529E+00  0.1602E+00  0.1677E+00  0.1757E+00  0.1841E+00  0.1930E+00
  0.2023E+00  0.2122E+00  0.2226E+00  0.2336E+00  0.2453E+00  0.2576E+00
  0.2707E+00  0.2847E+00  0.2996E+00  0.3155E+00  0.3326E+00  0.3509E+00
  0.3708E+00  0.3922E+00  0.4156E+00  0.4411E+00  0.4692E+00  0.5002E+00
  0.5348E+00  0.5735E+00  0.6171E+00  0.6655E+00  0.7165E+00  0.7640E+00
  0.7991E+00  0.8138E+00  0.8044E+00  0.7718E+00  0.7202E+00  0.6365E+00
  0.5022E+00  0.1577E+00  0.3683E-01  0.3834E-01  0.3992E-01  0.4157E-01
  0.4330E-01  0.4511E-01  0.4700E-01  0.4899E-01  0.5106E-01  0.5324E-01
  0.5552E-01  0.5791E-01  0.6041E-01  0.6303E-01  0.6578E-01  0.6866E-01
  0.7167E-01  0.7484E-01  0.7816E-01  0.8164E-01  0.8529E-01  0.8912E-01
  0.9314E-01  0.9735E-01  0.1018E+00  0.1064E+00  0.1113E+00  0.1164E+00
  0.1218E+00  0.1274E+00  0.1333E+00  0.1395E+00  0.1461E+00  0.1529E+00
  0.1602E+00  0.1677E+00  0.1757E+00  0.1841E+00  0.1930E+00  0.2023E+00
  0.2122E+00  0.2226E+00  0.2336E+00  0.2453E+00  0.2576E+00  0.2707E+00
  0.2847E+00  0.2996E+00  0.3155E+00  0.3326E+00  0.3509E+00  0.3708E+00
  0.3922E+00  0.4156E+00  0.4411E+00  0.4692E+00  0.5002E+00  0.5348E+00
  0.5735E+00  0.6171E+00  0.6655E+00  0.7165E+00  0.7640E+00  0.7991E+00
  0.8138E+00  0.8044E+00  0.7718E+00  0.7202E+00  0.6365E+00  0.5022E+00
  0.1577E+00  0.3683E-01  0.3834E-01  0.3992E-01  0.4157E-01  0.4330E-01
  0.4511E-01  0.4700E-01  0.4899E-01  0.5106E-01  0.5324E-01  0.5552E-01
  0.5791E-01  0.6041E-01  0.6303E-01  0.6578E-01  0.6866E-01  0.7167E-01
  0.7484E-01  0.7816E-01  0.8164E-01  0.8529E-01  0.8912E-01  0.9314E-01
  0.9735E-01  0.1018E+00  0.1064E+00  0.1113E+00  0.1164E+00  0.1218E+00
  0.1274E+00  0.1333E+00  0.1395E+00  0.1461E+00  0.1529E+00  0.1602E+00
  0.1677E+00  0.1757E+00  0.1841E+00  0.1930E+00  0.2023E+00  0.2122E+00
  0.2226E+00  0.2336E+00  0.2453E+00  0.2576E+00  0.2707E+00  0.2847E+00
  0.2996E+00  0.3155E+00  0.3326E+00  0.3509E+00  0.3708E+00  0.3922E+00
  0.4156E+00  0.4411E+00  0.4692E+00  0.5002E+00  0.5348E+00  0.5735E+00
  0.6171E+00  0.6655E+00  0.7165E+00  0.7640E+00  0.7991E+00  0.8138E+00
  0.8044E+00  0.7718E+00  0.7202E+00  0.6365E+00  0.5022E+00  0.1577E+00
  0.3683E-01  0.3834E-01  0.3992E-01  0.4157E-01  0.4330E-01  0.4511E-01
  0.4700E-01  0.4899E-01  0.5106E-01  0.5324E-01  0.5552E-01  0.5791E-01
  0.6041E-01  0.6303E-01  0.6578E-01  0.6866E-01  0.7167E-01  0.7484E-01
  0.7816E-01  0.8164E-01  0.8529E-01  0.8912E-01  0.9314E-01  0.9735E-01
  0.1018E+00  0.1064E+00  0.1113E+00  0.1164E+00  0.1218E+00  0.1274E+00
  0.1333E+00  0.1395E+00  0.1461E+00  0.1529E+00  0.1602E+00  0.1677E+00
  0.1757E+00  0.1841E+00  0.1930E+00  0.2023E+00  0.2122E+00  0.2226E+00
  0.2336E+00  0.2453E+00  0.2576E+00  0.2707E+00  0.2847E+00  0.2996E+00
  0.3155E+00  0.3326E+00  0.3509E+00  0.3708E+00  0.3922E+00  0.4156E+00
  0.4411E+00  0.4692E+00  0.5002E+00  0.5348E+00  0.5735E+00  0.6171E+00
  0.6655E+00  0.7165E+00  0.7640E+00  0.7991E+00  0.8138E+00  0.8044E+00
  0.7718E+00  0.7202E+00  0.6365E+00  0.5022E+00  0.1577E+00  0.3683E-01
  0.3834E-01  0.3992E-01  0.4157E-01  0.4330E-01  0.4511E-01  0.4700E-01
  0.4899E-01  0.5106E-01  0.5324E-01  0.5552E-01  0.5791E-01  0.6041E-01
  0.6303E-01  0.6578E-01  0.6866E-01  0.7167E-01  0.7484E-01  0.7816E-01
  0.8164E-01  0.8529E-01  0.8912E-01  0.9314E-01  0.9735E-01  0.1018E+00
  0.1064E+00  0.1113E+00  0.1164E+00  0.1218E+00  0.1274E+00  0.1333E+00
  0.1395E+00  0.1461E+00  0.1529E+00  0.1602E+00  0.1677E+00  0.1757E+00
  0.1841E+00  0.1930E+00  0.2023E+00  0.2122E+00  0.2226E+00  0.2336E+00
  0.2453E+00  0.2576E+00  0.2707E+00  0.2847E+00  0.2996E+00  0.3155E+00
  0.3326E+00  0.3509E+00  0.3708E+00  0.3922E+00  0.4156E+00  0.4411E+00
  0.4692E+00  0.5002E+00  0.5348E+00  0.5735E+00  0.6171E+00  0.6655E+00
  0.7165E+00  0.7640E+00  0.7991E+00  0.8138E+00  0.8044E+00  0.7718E+00
  0.7202E+00  0.6365E+00  0.5022E+00  0.1577E+00  0.3683E-01  0.3834E-01
  0.3992E-01  0.4157E-01  0.4330E-01  0.4511E-01  0.4700E-01  0.4899E-01
  0.5106E-01  0.5324E-01  0.5552E-01  0.5791E-01  0.6041E-01  0.6303E-01
  0.6578E-01  0.6866E-01  0.7167E-01  0.7484E-01  0.7816E-01  0.8164E-01
  0.8529E-01  0.8912E-01  0.9314E-01  0.9735E-01  0.1018E+00  0.1064E+00
  0.1113E+00  0.1164E+00  0.1218E+00  0.1274E+00  0.1333E+00  0.1395E+00
  0.1461E+00  0.1529E+00  0.1602E+00  0.1677E+00  0.1757E+00  0.1841E+00
  0.1930E+00  0.2023E+00  0.2122E+00  0.2226E+00  0.2336E+00  0.2453E+00
  0.2576E+00  0.2707E+00  0.2847E+00  0.2996E+00  0.3155E+00  0.3326E+00
  0.3509E+00  0.3708E+00  0.3922E+00  0.4156E+00  0.4411E+00  0.4692E+00
  0.5002E+00  0.5348E+00  0.5735E+00  0.6171E+00  0.6655E+00  0.7165E+00
  0.7640E+00  0.7991E+00  0.8138E+00  0.8044E+00  0.7718E+00  0.7202E+00
  0.6365E+00  0.5022E+00  0.1577E+00  0.3683E-01  0.3834E-01  0.3992E-01
  0.4157E-01  0.4330E-01  0.4511E-01  0.4700E-01  0.4899E-01  0.5106E-01
  0.5324E-01  0.5552E-01  0.5791E-01  0.6041E-01  0.6303E-01  0.6578E-01
  0.6866E-01  0.7167E-01  0.7484E-01  0.7816E-01  0.8164E-01  0.8529E-01
  0.8912E-01  0.9314E-01  0.9735E-01  0.1018E+00  0.1064E+00  0.1113E+00
  0.1164E+00  0.1218E+00  0.1274E+00  0.1333E+00  0.1395E+00  0.1461E+00
  0.1529E+00  0.1602E+00  0.1677E+00  0.1757E+00  0.1841E+00  0.1930E+00
  0.2023E+00  0.2122E+00  0.2226E+00  0.2336E+00  0.2453E+00  0.2576E+00
  0.2707E+00  0.2847E+00  0.2996E+00  0.3155E+00  0.3326E+00  0.3509E+00
  0.3708E+00  0.3922E+00  0.4156E+00  0.4411E+00  0.4692E+00  0.5002E+00
  0.5348E+00  0.5735E+00  0.6171E+00  0.6655E+00  0.7165E+00  0.7640E+00
  0.7991E+00  0.8138E+00  0.8044E+00  0.7718E+00  0.7202E+00  0.6365E+00
  0.5022E+00  0.1577E+00  0.3683E-01  0.3834E-01  0.3992E-01  0.4157E-01
  0.4330E-01  0.4511E-01  0.4700E-01  0.4899E-01  0.5106E-01  0.5324E-01
  0.5552E-01  0.5791E-01  0.6041E-01  0.6303E-01  0.6578E-01  0.6866E-01
  0.7167E-01  0.7484E-01  0.7816E-01  0.8164E-01  0.8529E-01  0.8912E-01
  0.9314E-01  0.9735E-01  0.1018E+00  0.1064E+00  0.1113E+00  0.1164E+00
  0.1218E+00  0.1274E+00  0.1333E+00  0.1395E+00  0.1461E+00  0.1529E+00
  0.1602E+00  0.1677E+00  0.1757E+00  0.1841E+00  0.1930E+00  0.2023E+00
  0.2122E+00  0.2226E+00  0.2336E+00  0.2453E+00  0.2576E+00  0.2707E+00
  0.2847E+00  0.2996E+00  0.3155E+00  0.3326E+00  0.3509E+00  0.3708E+00
  0.3922E+00  0.4156E+00  0.4411E+00  0.4692E+00  0.5002E+00  0.5348E+00
  0.5735E+00  0.6171E+00  0.6655E+00  0.7165E+00  0.7640E+00  0.7991E+00
  0.8138E+00  0.8044E+00  0.7718E+00  0.7202E+00  0.6365E+00  0.5022E+00
  0.1577E+00  0.3683E-01  0.3834E-01  0.3992E-01  0.4157E-01  0.4330E-01
  0.4511E-01  0.4700E-01  0.4899E-01  0.5106E-01  0.5324E-01  0.5552E-01
  0.5791E-01  0.6041E-01  0.6303E-01  0.6578E-01  0.6866E-01  0.7167E-01
  0.7484E-01  0.7816E-01  0.8164E-01  0.8529E-01  0.8912E-01  0.9314E-01
  0.9735E-01  0.1018E+00  0.1064E+00  0.1113E+00  0.1164E+00  0.1218E+00
  0.1274E+00  0.1333E+00  0.1395E+00  0.1461E+00  0.1529E+00  0.1602E+00
  0.1677E+00  0.1757E+00  0.1841E+00  0.1930E+00  0.2023E+00  0.2122E+00
  0.2226E+00  0.2336E+00  0.2453E+00  0.2576E+00  0.2707E+00  0.2847E+00
  0.2996E+00  0.3155E+00  0.3326E+00  0.3509E+00  0.3708E+00  0.3922E+00
  0.4156E+00  0.4411E+00  0.4692E+00  0.5002E+00  0.5348E+00  0.5735E+00
  0.6171E+00  0.6655E+00  0.7165E+00  0.7640E+00  0.7991E+00  0.8138E+00
  0.8044E+00  0.7718E+00  0.7202E+00  0.6365E+00  0.5022E+00  0.1577E+00
  0.3683E-01  0.3834E-01  0.3992E-01  0.4157E-01  0.4330E-01  0.4511E-01
  0.4700E-01  0.4899E-01  0.5106E-01  0.5324E-01  0.5552E-01  0.5791E-01
  0.6041E-01  0.6303E-01  0.6578E-01  0.6866E-01  0.7167E-01  0.7484E-01
  0.7816E-01  0.8164E-01  0.8529E-01  0.8912E-01  0.9314E-01  0.9735E-01
  0.1018E+00  0.1064E+00  0.1113E+00  0.1164E+00  0.1218E+00  0.1274E+00
  0.1333E+00  0.1395E+00  0.1461E+00  0.1529E+00  0.1602E+00  0.1677E+00
  0.1757E+00  0.1841E+00  0.1930E+00  0.2023E+00  0.2122E+00  0.2226E+00
  0.2336E+00  0.2453E+00  0.2576E+00  0.2707E+00  0.2847E+00  0.2996E+00
  0.3155E+00  0.3326E+00  0.3509E+00  0.3708E+00  0.3922E+00  0.4156E+00
  0.4411E+00  0.4692E+00  0.5002E+00  0.5348E+00  0.5735E+00  0.6171E+00
  0.6655E+00  0.7165E+00  0.7640E+00  0.7991E+00  0.8138E+00  0.8044E+00
  0.7718E+00  0.7202E+00  0.6365E+00  0.5022E+00  0.1577E+00  0.3683E-01
  0.3834E-01  0.3992E-01  0.4157E-01  0.4330E-01  0.4511E-01  0.4700E-01
  0.4899E-01  0.5106E-01  0.5324E-01  0.5552E-01  0.5791E-01  0.6041E-01
  0.6303E-01  0.6578E-01  0.6866E-01  0.7167E-01  0.7484E-01  0.7816E-01
  0.8164E-01  0.8529E-01  0.8912E-01  0.9314E-01  0.9735E-01  0.1018E+00
  0.1064E+00  0.1113E+00  0.1164E+00  0.1218E+00  0.1274E+00  0.1333E+00
  0.1395E+00  0.1461E+00  0.1529E+00  0.1602E+00  0.1677E+00  0.1757E+00
  0.1841E+00  0.1930E+00  0.2023E+00  0.2122E+00  0.2226E+00  0.2336E+00
  0.2453E+00  0.2576E+00  0.2707E+00  0.2847E+00  0.2996E+00  0.3155E+00
  0.3326E+00  0.3509E+00  0.3708E+00  0.3922E+00  0.4156E+00  0.4411E+00
  0.4692E+00  0.5002E+00  0.5348E+00  0.5735E+00  0.6171E+00  0.6655E+00
  0.7165E+00  0.7640E+00  0.7991E+00  0.8138E+00  0.8044E+00  0.7718E+00
  0.7202E+00  0.6365E+00  0.5022E+00  0.1577E+00  0.3683E-01  0.3834E-01
  0.3992E-01  0.4157E-01  0.4330E-01  0.4511E-01  0.4700E-01  0.4899E-01
  0.5106E-01  0.5324E-01  0.5552E-01  0.5791E-01  0.6041E-01  0.6303E-01
  0.6578E-01  0.6866E-01  0.7167E-01  0.7484E-01  0.7816E-01  0.8164E-01
  0.8529E-01  0.8912E-01  0.9314E-01  0.9735E-01  0.1018E+00  0.1064E+00
  0.1113E+00  0.1164E+00  0.1218E+00  0.1274E+00  0.1333E+00  0.1395E+00
  0.1461E+00  0.1529E+00  0.1602E+00  0.1677E+00  0.1757E+00  0.1841E+00
  0.1930E+00  0.2023E+00  0.2122E+00  0.2226E+00  0.2336E+00  0.2453E+00
  0.2576E+00  0.2707E+00  0.2847E+00  0.2996E+00  0.3155E+00  0.3326E+00
  0.3509E+00  0.3708E+00  0.3922E+00  0.4156E+00  0.4411E+00  0.4692E+00
  0.5002E+00  0.5348E+00  0.5735E+00  0.6171E+00  0.6655E+00  0.7165E+00
  0.7640E+00  0.7991E+00  0.8138E+00  0.8044E+00  0.7718E+00  0.7202E+00
  0.6365E+00  0.5022E+00  0.1577E+00  0.3683E-01  0.3834E-01  0.3992E-01
  0.4157E-01  0.4330E-01  0.4511E-01  0.4700E-01  0.4899E-01  0.5106E-01
  0.5324E-01  0.5552E-01  0.5791E-01  0.6041E-01  0.6303E-01  0.6578E-01
  0.6866E-01  0.7167E-01  0.7484E-01  0.7816E-01  0.8164E-01  0.8529E-01
  0.8912E-01  0.9314E-01  0.9735E-01  0.1018E+00  0.1064E+00  0.1113E+00
  0.1164E+00  0.1218E+00  0.1274E+00  0.1333E+00  0.1395E+00  0.1461E+00
  0.1529E+00  0.1602E+00  0.1677E+00  0.1757E+00  0.1841E+00  0.1930E+00
  0.2023E+00  0.2122E+00  0.2226E+00  0.2336E+00  0.2453E+00  0.2576E+00
  0.2707E+00  0.2847E+00  0.2996E+00  0.3155E+00  0.3326E+00  0.3509E+00
  0.3708E+00  0.3922E+00  0.4156E+00  0.4411E+00  0.4692E+00  0.5002E+00
  0.5348E+00  0.5735E+00  0.6171E+00  0.6655E+00  0.7165E+00  0.7640E+00
  0.7991E+00  0.8138E+00  0.8044E+00  0.7718E+00  0.7202E+00  0.6365E+00
  0.5022E+00  0.1577E+00  0.3683E-01  0.3834E-01  0.3992E-01  0.4157E-01
  0.4330E-01  0.4511E-01  0.4700E-01  0.4899E-01  0.5106E-01  0.5324E-01
  0.5552E-01  0.5791E-01  0.6041E-01  0.6303E-01  0.6578E-01  0.6866E-01
  0.7167E-01  0.7484E-01  0.7816E-01  0.8164E-01  0.8529E-01  0.8912E-01
  0.9314E-01  0.9735E-01  0.1018E+00  0.1064E+00  0.1113E+00  0.1164E+00
  0.1218E+00  0.1274E+00  0.1333E+00  0.1395E+00  0.1461E+00  0.1529E+00
  0.1602E+00  0.1677E+00  0.1757E+00  0.1841E+00  0.1930E+00  0.2023E+00
  0.2122E+00  0.2226E+00  0.2336E+00  0.2453E+00  0.2576E+00  0.2707E+00
  0.2847E+00  0.2996E+00  0.3155E+00  0.3326E+00  0.3509E+00  0.3708E+00
  0.3922E+00  0.4156E+00  0.4411E+00  0.4692E+00  0.5002E+00  0.5348E+00
  0.5735E+00  0.6171E+00  0.6655E+00  0.7165E+00  0.7640E+00  0.7991E+00
  0.8138E+00  0.8044E+00  0.7718E+00  0.7202E+00  0.6365E+00  0.5022E+00
  0.1577E+00  0.3683E-01  0.3834E-01  0.3992E-01  0.4157E-01  0.4330E-01
  0.4511E-01  0.4700E-01  0.4899E-01  0.5106E-01  0.5324E-01  0.5552E-01
  0.5791E-01  0.6041E-01  0.6303E-01  0.6578E-01  0.6866E-01  0.7167E-01
  0.7484E-01  0.7816E-01  0.8164E-01  0.8529E-01  0.8912E-01  0.9314E-01
  0.9735E-01  0.1018E+00  0.1064E+00  0.1113E+00  0.1164E+00  0.1218E+00
  0.1274E+00  0.1333E+00  0.1395E+00  0.1461E+00  0.1529E+00  0.1602E+00
  0.1677E+00  0.1757E+00  0.1841E+00  0.1930E+00  0.2023E+00  0.2122E+00
  0.2226E+00  0.2336E+00  0.2453E+00  0.2576E+00  0.2707E+00  0.2847E+00
  0.2996E+00  0.3155E+00  0.3326E+00  0.3509E+00  0.3708E+00  0.3922E+00
  0.4156E+00  0.4411E+00  0.4692E+00  0.5002E+00  0.5348E+00  0.5735E+00
  0.6171E+00  0.6655E+00  0.7165E+00  0.7640E+00  0.7991E+00  0.8138E+00
  0.8044E+00  0.7718E+00  0.7202E+00  0.6365E+00  0.5022E+00  0.1577E+00
  0.3683E-01  0.3834E-01  0.3992E-01  0.4157E-01  0.4330E-01  0.4511E-01
  0.4700E-01  0.4899E-01  0.5106E-01  0.5324E-01  0.5552E-01  0.5791E-01
  0.6041E-01  0.6303E-01  0.6578E-01  0.6866E-01  0.7167E-01  0.7484E-01
  0.7816E-01  0.8164E-01  0.8529E-01  0.8912E-01  0.9314E-01  0.9735E-01
  0.1018E+00  0.1064E+00  0.1113E+00  0.1164E+00  0.1218E+00  0.1274E+00
  0.1333E+00  0.1395E+00  0.1461E+00  0.1529E+00  0.1602E+00  0.1677E+00
  0.1757E+00  0.1841E+00  0.1930E+00  0.2023E+00  0.2122E+00  0.2226E+00
  0.2336E+00  0.2453E+00  0.2576E+00  0.2707E+00  0.2847E+00  0.2996E+00
  0.3155E+00  0.3326E+00  0.3509E+00  0.3708E+00  0.3922E+00  0.4156E+00
  0.4411E+00  0.4692E+00  0.5002E+00  0.5348E+00  0.5735E+00  0.6171E+00
  0.6655E+00  0.7165E+00  0.7640E+00  0.7991E+00  0.8138E+00  0.8044E+00
  0.7718E+00  0.7202E+00  0.6365E+00  0.5022E+00  0.1577E+00  0.3683E-01
  0.3834E-01  0.3992E-01  0.4157E-01  0.4330E-01  0.4511E-01  0.4700E-01
  0.4899E-01  0.5106E-01  0.5324E-01  0.5552E-01  0.5791E-01  0.6041E-01
  0.6303E-01  0.6578E-01  0.6866E-01  0.7167E-01  0.7484E-01  0.7816E-01
  0.8164E-01  0.8529E-01  0.8912E-01  0.9314E-01  0.9735E-01  0.1018E+00
  0.1064E+00  0.1113E+00  0.1164E+00  0.1218E+00  0.1274E+00  0.1333E+00
  0.1395E+00  0.1461E+00  0.1529E+00  0.1602E+00  0.1677E+00  0.1757E+00
  0.1841E+00  0.1930E+00  0.2023E+00  0.2122E+00  0.2226E+00  0.2336E+00
  0.2453E+00  0.2576E+00  0.2707E+00  0.2847E+00  0.2996E+00  0.3155E+00
  0.3326E+00  0.3509E+00  0.3708E+00  0.3922E+00  0.4156E+00  0.4411E+00
  0.4692E+00  0.5002E+00  0.5348E+00  0.5735E+00  0.6171E+00  0.6655E+00
  0.7165E+00  0.7640E+00  0.7991E+00  0.8138E+00  0.8044E+00  0.7718E+00
  0.7202E+00  0.6365E+00  0.5022E+00  0.1577E+00  0.3683E-01  0.3834E-01
  0.3992E-01  0.4157E-01  0.4330E-01  0.4511E-01  0.4700E-01  0.4899E-01
  0.5106E-01  0.5324E-01  0.5552E-01  0.5791E-01  0.6041E-01  0.6303E-01
  0.6578E-01  0.6866E-01  0.7167E-01  0.7484E-01  0.7816E-01  0.8164E-01
  0.8529E-01  0.8912E-01  0.9314E-01  0.9735E-01  0.1018E+00  0.1064E+00
  0.1113E+00  0.1164E+00  0.1218E+00  0.1274E+00  0.1333E+00  0.1395E+00
  0.1461E+00  0.1529E+00  0.1602E+00  0.1677E+00  0.1757E+00  0.1841E+00
  0.1930E+00  0.2023E+00  0.2122E+00  0.2226E+00  0.2336E+00  0.2453E+00
  0.2576E+00  0.2707E+00  0.2847E+00  0.2996E+00  0.3155E+00  0.3326E+00
  0.3509E+00  0.3708E+00  0.3922E+00  0.4156E+00  0.4411E+00  0.4692E+00
  0.5002E+00  0.5348E+00  0.5735E+00  0.6171E+00  0.6655E+00  0.7165E+00
  0.7640E+00  0.7991E+00  0.8138E+00  0.8044E+00  0.7718E+00  0.7202E+00
  0.6365E+00  0.5022E+00  0.1577E+00  0.3683E-01  0.3834E-01  0.3992E-01
  0.4157E-01  0.4330E-01  0.4511E-01  0.4700E-01  0.4899E-01  0.5106E-01
  0.5324E-01  0.5552E-01  0.5791E-01  0.6041E-01  0.6303E-01  0.6578E-01
  0.6866E-01  0.7167E-01  0.7484E-01  0.7816E-01  0.8164E-01  0.8529E-01
  0.8912E-01  0.9314E-01  0.9735E-01  0.1018E+00  0.1064E+00  0.1113E+00
  0.1164E+00  0.1218E+00  0.1274E+00  0.1333E+00  0.1395E+00  0.1461E+00
  0.1529E+00  0.1602E+00  0.1677E+00  0.1757E+00  0.1841E+00  0.1930E+00
  0.2023E+00  0.2122E+00  0.2226E+00  0.2336E+00  0.2453E+00  0.2576E+00
  0.2707E+00  0.2847E+00  0.2996E+00  0.3155E+00  0.3326E+00  0.3509E+00
  0.3708E+00  0.3922E+00  0.4156E+00  0.4411E+00  0.4692E+00  0.5002E+00
  0.5348E+00  0.5735E+00  0.6171E+00  0.6655E+00  0.7165E+00  0.7640E+00
  0.7991E+00  0.8138E+00  0.8044E+00  0.7718E+00  0.7202E+00  0.6365E+00
  0.5022E+00  0.1577E+00  0.3683E-01  0.3834E-01  0.3992E-01  0.4157E-01
  0.4330E-01  0.4511E-01  0.4700E-01  0.4899E-01  0.5106E-01  0.5324E-01
  0.5552E-01  0.5791E-01  0.6041E-01  0.6303E-01  0.6578E-01  0.6866E-01
  0.7167E-01  0.7484E-01  0.7816E-01  0.8164E-01  0.8529E-01  0.8912E-01
  0.9314E-01  0.9735E-01  0.1018E+00  0.1064E+00  0.1113E+00  0.1164E+00
  0.1218E+00  0.1274E+00  0.1333E+00  0.1395E+00  0.1461E+00  0.1529E+00
  0.1602E+00  0.1677E+00  0.1757E+00  0.1841E+00  0.1930E+00  0.2023E+00
  0.2122E+00  0.2226E+00  0.2336E+00  0.2453E+00  0.2576E+00  0.2707E+00
  0.2847E+00  0.2996E+00  0.3155E+00  0.3326E+00  0.3509E+00  0.3708E+00
  0.3922E+00  0.4156E+00  0.4411E+00  0.4692E+00  0.5002E+00  0.5348E+00
  0.5735E+00  0.6171E+00  0.6655E+00  0.7165E+00  0.7640E+00  0.7991E+00
  0.8138E+00  0.8044E+00  0.7718E+00  0.7202E+00  0.6365E+00  0.5022E+00
  0.1577E+00  0.3683E-01  0.3834E-01  0.3992E-01  0.4157E-01  0.4330E-01
  0.4511E-01  0.4700E-01  0.4899E-01  0.5106E-01  0.5324E-01  0.5552E-01
  0.5791E-01  0.6041E-01  0.6303E-01  0.6578E-01  0.6866E-01  0.7167E-01
  0.7484E-01  0.7816E-01  0.8164E-01  0.8529E-01  0.8912E-01  0.9314E-01
  0.9735E-01  0.1018E+00  0.1064E+00  0.1113E+00  0.1164E+00  0.1218E+00
  0.1274E+00  0.1333E+00  0.1395E+00  0.1461E+00  0.1529E+00  0.1602E+00
  0.1677E+00  0.1757E+00  0.1841E+00  0.1930E+00  0.2023E+00  0.2122E+00
  0.2226E+00  0.2336E+00  0.2453E+00  0.2576E+00  0.2707E+00  0.2847E+00
  0.2996E+00  0.3155E+00  0.3326E+00  0.3509E+00  0.3708E+00  0.3922E+00
  0.4156E+00  0.4411E+00  0.4692E+00  0.5002E+00  0.5348E+00  0.5735E+00
  0.6171E+00  0.6655E+00  0.7165E+00  0.7640E+00  0.7991E+00  0.8138E+00
  0.8044E+00  0.7718E+00  0.7202E+00  0.6365E+00  0.5022E+00  0.1577E+00
  0.3683E-01  0.3834E-01  0.3992E-01  0.4157E-01  0.4330E-01  0.4511E-01
  0.4700E-01  0.4899E-01  0.5106E-01  0.5324E-01  0.5552E-01  0.5791E-01
  0.6041E-01  0.6303E-01  0.6578E-01  0.6866E-01  0.7167E-01  0.7484E-01
  0.7816E-01  0.8164E-01  0.8529E-01  0.8912E-01  0.9314E-01  0.9735E-01
  0.1018E+00  0.1064E+00  0.1113E+00  0.1164E+00  0.1218E+00  0.1274E+00
  0.1333E+00  0.1395E+00  0.1461E+00  0.1529E+00  0.1602E+00  0.1677E+00
  0.1757E+00  0.1841E+00  0.1930E+00  0.2023E+00  0.2122E+00  0.2226E+00
  0.2336E+00  0.2453E+00  0.2576E+00  0.2707E+00  0.2847E+00  0.2996E+00
  0.3155E+00  0.3326E+00  0.3509E+00  0.3708E+00  0.3922E+00  0.4156E+00
  0.4411E+00  0.4692E+00  0.5002E+00  0.5348E+00  0.5735E+00  0.6171E+00
  0.6655E+00  0.7165E+00  0.7640E+00  0.7991E+00  0.8138E+00  0.8044E+00
  0.7718E+00  0.7202E+00  0.6365E+00  0.5022E+00  0.1577E+00  0.3683E-01
  0.3834E-01  0.3992E-01  0.4157E-01  0.4330E-01  0.4511E-01  0.4700E-01
  0.4899E-01  0.5106E-01  0.5324E-01  0.5552E-01  0.5791E-01  0.6041E-01
  0.6303E-01  0.6578E-01  0.6866E-01  0.7167E-01  0.7484E-01  0.7816E-01
  0.8164E-01  0.8529E-01  0.8912E-01  0.9314E-01  0.9735E-01  0.1018E+00
  0.1064E+00  0.1113E+00  0.1164E+00  0.1218E+00  0.1274E+00  0.1333E+00
  0.1395E+00  0.1461E+00  0.1529E+00  0.1602E+00  0.1677E+00  0.1757E+00
  0.1841E+00  0.1930E+00  0.2023E+00  0.2122E+00  0.2226E+00  0.2336E+00
  0.2453E+00  0.2576E+00  0.2707E+00  0.2847E+00  0.2996E+00  0.3155E+00
  0.3326E+00  0.3509E+00  0.3708E+00  0.3922E+00  0.4156E+00  0.4411E+00
  0.4692E+00  0.5002E+00  0.5348E+00  0.5735E+00  0.6171E+00  0.6655E+00
  0.7165E+00  0.7640E+00  0.7991E+00  0.8138E+00  0.8044E+00  0.7718E+00
  0.7202E+00  0.6365E+00  0.5022E+00  0.1577E+00  0.3683E-01  0.3834E-01
  0.3992E-01  0.4157E-01  0.4330E-01  0.4511E-01  0.4700E-01  0.4899E-01
  0.5106E-01  0.5324E-01  0.5552E-01  0.5791E-01  0.6041E-01  0.6303E-01
  0.6578E-01  0.6866E-01  0.7167E-01  0.7484E-01  0.7816E-01  0.8164E-01
  0.8529E-01  0.8912E-01  0.9314E-01  0.9735E-01  0.1018E+00  0.1064E+00
  0.1113E+00  0.1164E+00  0.1218E+00  0.1274E+00  0.1333E+00  0.1395E+00
  0.1461E+00  0.1529E+00  0.1602E+00  0.1677E+00  0.1757E+00  0.1841E+00
  0.1930E+00  0.2023E+00  0.2122E+00  0.2226E+00  0.2336E+00  0.2453E+00
  0.2576E+00  0.2707E+00  0.2847E+00  0.2996E+00  0.3155E+00  0.3326E+00
  0.3509E+00  0.3708E+00  0.3922E+00  0.4156E+00  0.4411E+00  0.4692E+00
  0.5002E+00  0.5348E+00  0.5735E+00  0.6171E+00  0.6655E+00  0.7165E+00
  0.7640E+00  0.7991E+00  0.8138E+00  0.8044E+00  0.7718E+00  0.7202E+00
  0.6365E+00  0.5022E+00  0.1577E+00  0.3683E-01  0.3834E-01  0.3992E-01
  0.4157E-01  0.4330E-01  0.4511E-01  0.4700E-01  0.4899E-01  0.5106E-01
  0.5324E-01  0.5552E-01  0.5791E-01  0.6041E-01  0.6303E-01  0.6578E-01
  0.6866E-01  0.7167E-01  0.7484E-01  0.7816E-01  0.8164E-01  0.8529E-01
  0.8912E-01  0.9314E-01  0.9735E-01  0.1018E+00  0.1064E+00  0.1113E+00
  0.1164E+00  0.1218E+00  0.1274E+00  0.1333E+00  0.1395E+00  0.1461E+00
  0.1529E+00  0.1602E+00  0.1677E+00  0.1757E+00  0.1841E+00  0.1930E+00
  0.2023E+00  0.2122E+00  0.2226E+00  0.2336E+00  0.2453E+00  0.2576E+00
  0.2707E+00  0.2847E+00  0.2996E+00  0.3155E+00  0.3326E+00  0.3509E+00
  0.3708E+00  0.3922E+00  0.4156E+00  0.4411E+00  0.4692E+00  0.5002E+00
  0.5348E+00  0.5735E+00  0.6171E+00  0.6655E+00  0.7165E+00  0.7640E+00
  0.7991E+00  0.8138E+00  0.8044E+00  0.7718E+00  0.7202E+00  0.6365E+00
  0.5022E+00  0.1577E+00  0.3683E-01  0.3834E-01  0.3992E-01  0.4157E-01
  0.4330E-01  0.4511E-01  0.4700E-01  0.4899E-01  0.5106E-01  0.5324E-01
  0.5552E-01  0.5791E-01  0.6041E-01  0.6303E-01  0.6578E-01  0.6866E-01
  0.7167E-01  0.7484E-01  0.7816E-01  0.8164E-01  0.8529E-01  0.8912E-01
  0.9314E-01  0.9735E-01  0.1018E+00  0.1064E+00  0.1113E+00  0.1164E+00
  0.1218E+00  0.1274E+00  0.1333E+00  0.1395E+00  0.1461E+00  0.1529E+00
  0.1602E+00  0.1677E+00  0.1757E+00  0.1841E+00  0.1930E+00  0.2023E+00
  0.2122E+00  0.2226E+00  0.2336E+00  0.2453E+00  0.2576E+00  0.2707E+00
  0.2847E+00  0.2996E+00  0.3155E+00  0.3326E+00  0.3509E+00  0.3708E+00
  0.3922E+00  0.4156E+00  0.4411E+00  0.4692E+00  0.5002E+00  0.5348E+00
  0.5735E+00  0.6171E+00  0.6655E+00  0.7165E+00  0.7640E+00  0.7991E+00
  0.8138E+00  0.8044E+00  0.7718E+00  0.7202E+00  0.6365E+00  0.5022E+00
  0.1577E+00  0.3683E-01  0.3834E-01  0.3992E-01  0.4157E-01  0.4330E-01
  0.4511E-01  0.4700E-01  0.4899E-01  0.5106E-01  0.5324E-01  0.5552E-01
  0.5791E-01  0.6041E-01  0.6303E-01  0.6578E-01  0.6866E-01  0.7167E-01
  0.7484E-01  0.7816E-01  0.8164E-01  0.8529E-01  0.8912E-01  0.9314E-01
  0.9735E-01  0.1018E+00  0.1064E+00  0.1113E+00  0.1164E+00  0.1218E+00
  0.1274E+00  0.1333E+00  0.1395E+00  0.1461E+00  0.1529E+00  0.1602E+00
  0.1677E+00  0.1757E+00  0.1841E+00  0.1930E+00  0.2023E+00  0.2122E+00
  0.2226E+00  0.2336E+00  0.2453E+00  0.2576E+00  0.2707E+00  0.2847E+00
  0.2996E+00  0.3155E+00  0.3326E+00  0.3509E+00  0.3708E+00  0.3922E+00
  0.4156E+00  0.4411E+00  0.4692E+00  0.5002E+00  0.5348E+00  0.5735E+00
  0.6171E+00  0.6655E+00  0.7165E+00  0.7640E+00  0.7991E+00  0.8138E+00
  0.8044E+00  0.7718E+00  0.7202E+00  0.6365E+00  0.5022E+00  0.1577E+00
  0.3683E-01  0.3834E-01  0.3992E-01  0.4157E-01  0.4330E-01  0.4511E-01
  0.4700E-01  0.4899E-01  0.5106E-01  0.5324E-01  0.5552E-01  0.5791E-01
  0.6041E-01  0.6303E-01  0.6578E-01  0.6866E-01  0.7167E-01  0.7484E-01
  0.7816E-01  0.8164E-01  0.8529E-01  0.8912E-01  0.9314E-01  0.9735E-01
  0.1018E+00  0.1064E+00  0.1113E+00  0.1164E+00  0.1218E+00  0.1274E+00
  0.1333E+00  0.1395E+00  0.1461E+00  0.1529E+00  0.1602E+00  0.1677E+00
  0.1757E+00  0.1841E+00  0.1930E+00  0.2023E+00  0.2122E+00  0.2226E+00
  0.2336E+00  0.2453E+00  0.2576E+00  0.2707E+00  0.2847E+00  0.2996E+00
  0.3155E+00  0.3326E+00  0.3509E+00  0.3708E+00  0.3922E+00  0.4156E+00
  0.4411E+00  0.4692E+00  0.5002E+00  0.5348E+00  0.5735E+00  0.6171E+00
  0.6655E+00  0.7165E+00  0.7640E+00  0.7991E+00  0.8138E+00  0.8044E+00
  0.7718E+00  0.7202E+00  0.6365E+00  0.5022E+00  0.1577E+00  0.3683E-01
  0.3834E-01  0.3992E-01  0.4157E-01  0.4330E-01  0.4511E-01  0.4700E-01
  0.4899E-01  0.5106E-01  0.5324E-01  0.5552E-01  0.5791E-01  0.6041E-01
  0.6303E-01  0.6578E-01  0.6866E-01  0.7167E-01  0.7484E-01  0.7816E-01
  0.8164E-01  0.8529E-01  0.8912E-01  0.9314E-01  0.9735E-01  0.1018E+00
  0.1064E+00  0.1113E+00  0.1164E+00  0.1218E+00  0.1274E+00  0.1333E+00
  0.1395E+00  0.1461E+00  0.1529E+00  0.1602E+00  0.1677E+00  0.1757E+00
  0.1841E+00  0.1930E+00  0.2023E+00  0.2122E+00  0.2226E+00  0.2336E+00
  0.2453E+00  0.2576E+00  0.2707E+00  0.2847E+00  0.2996E+00  0.3155E+00
  0.3326E+00  0.3509E+00  0.3708E+00  0.3922E+00  0.4156E+00  0.4411E+00
  0.4692E+00  0.5002E+00  0.5348E+00  0.5735E+00  0.6171E+00  0.6655E+00
  0.7165E+00  0.7640E+00  0.7991E+00  0.8138E+00  0.8044E+00  0.7718E+00
  0.7202E+00  0.6365E+00  0.5022E+00  0.1577E+00  0.3683E-01  0.3834E-01
  0.3992E-01  0.4157E-01  0.4330E-01  0.4511E-01  0.4700E-01  0.4899E-01
  0.5106E-01  0.5324E-01  0.5552E-01  0.5791E-01  0.6041E-01  0.6303E-01
  0.6578E-01  0.6866E-01  0.7167E-01  0.7484E-01  0.7816E-01  0.8164E-01
  0.8529E-01  0.8912E-01  0.9314E-01  0.9735E-01  0.1018E+00  0.1064E+00
  0.1113E+00  0.1164E+00  0.1218E+00  0.1274E+00  0.1333E+00  0.1395E+00
  0.1461E+00  0.1529E+00  0.1602E+00  0.1677E+00  0.1757E+00  0.1841E+00
  0.1930E+00  0.2023E+00  0.2122E+00  0.2226E+00  0.2336E+00  0.2453E+00
  0.2576E+00  0.2707E+00  0.2847E+00  0.2996E+00  0.3155E+00  0.3326E+00
  0.3509E+00  0.3708E+00  0.3922E+00  0.4156E+00  0.4411E+00  0.4692E+00
  0.5002E+00  0.5348E+00  0.5735E+00  0.6171E+00  0.6655E+00  0.7165E+00
  0.7640E+00  0.7991E+00  0.8138E+00  0.8044E+00  0.7718E+00  0.7202E+00
  0.6365E+00  0.5022E+00  0.1577E+00  0.3683E-01  0.3834E-01  0.3992E-01
  0.4157E-01  0.4330E-01  0.4511E-01  0.4700E-01  0.4899E-01  0.5106E-01
  0.5324E-01  0.5552E-01  0.5791E-01  0.6041E-01  0.6303E-01  0.6578E-01
  0.6866E-01  0.7167E-01  0.7484E-01  0.7816E-01  0.8164E-01  0.8529E-01
  0.8912E-01  0.9314E-01  0.9735E-01  0.1018E+00  0.1064E+00  0.1113E+00
  0.1164E+00  0.1218E+00  0.1274E+00  0.1333E+00  0.1395E+00  0.1461E+00
  0.1529E+00  0.1602E+00  0.1677E+00  0.1757E+00  0.1841E+00  0.1930E+00
  0.2023E+00  0.2122E+00  0.2226E+00  0.2336E+00  0.2453E+00  0.2576E+00
  0.2707E+00  0.2847E+00  0.2996E+00  0.3155E+00  0.3326E+00  0.3509E+00
  0.3708E+00  0.3922E+00  0.4156E+00  0.4411E+00  0.4692E+00  0.5002E+00
  0.5348E+00  0.5735E+00  0.6171E+00  0.6655E+00  0.7165E+00  0.7640E+00
  0.7991E+00  0.8138E+00  0.8044E+00  0.7718E+00  0.7202E+00  0.6365E+00
  0.5022E+00  0.1577E+00  0.3683E-01  0.3834E-01  0.3992E-01  0.4157E-01
  0.4330E-01  0.4511E-01  0.4700E-01  0.4899E-01  0.5106E-01  0.5324E-01
  0.5552E-01  0.5791E-01  0.6041E-01  0.6303E-01  0.6578E-01  0.6866E-01
  0.7167E-01  0.7484E-01  0.7816E-01  0.8164E-01  0.8529E-01  0.8912E-01
  0.9314E-01  0.9735E-01  0.1018E+00  0.1064E+00  0.1113E+00  0.1164E+00
  0.1218E+00  0.1274E+00  0.1333E+00  0.1395E+00  0.1461E+00  0.1529E+00
  0.1602E+00  0.1677E+00  0.1757E+00  0.1841E+00  0.1930E+00  0.2023E+00
  0.2122E+00  0.2226E+00  0.2336E+00  0.2453E+00  0.2576E+00  0.2707E+00
  0.2847E+00  0.2996E+00  0.3155E+00  0.3326E+00  0.3509E+00  0.3708E+00
  0.3922E+00  0.4156E+00  0.4411E+00  0.4692E+00  0.5002E+00  0.5348E+00
  0.5735E+00  0.6171E+00  0.6655E+00  0.7165E+00  0.7640E+00  0.7991E+00
  0.8138E+00  0.8044E+00  0.7718E+00  0.7202E+00  0.6365E+00  0.5022E+00
  0.1577E+00  0.3683E-01  0.3834E-01  0.3992E-01  0.4157E-01  0.4330E-01
  0.4511E-01  0.4700E-01  0.4899E-01  0.5106E-01  0.5324E-01  0.5552E-01
  0.5791E-01  0.6041E-01  0.6303E-01  0.6578E-01  0.6866E-01  0.7167E-01
  0.7484E-01  0.7816E-01  0.8164E-01  0.8529E-01  0.8912E-01  0.9314E-01
  0.9735E-01  0.1018E+00  0.1064E+00  0.1113E+00  0.1164E+00  0.1218E+00
  0.1274E+00  0.1333E+00  0.1395E+00  0.1461E+00  0.1529E+00  0.1602E+00
  0.1677E+00  0.1757E+00  0.1841E+00  0.1930E+00  0.2023E+00  0.2122E+00
  0.2226E+00  0.2336E+00  0.2453E+00  0.2576E+00  0.2707E+00  0.2847E+00
  0.2996E+00  0.3155E+00  0.3326E+00  0.3509E+00  0.3708E+00  0.3922E+00
  0.4156E+00  0.4411E+00  0.4692E+00  0.5002E+00  0.5348E+00  0.5735E+00
  0.6171E+00  0.6655E+00  0.7165E+00  0.7640E+00  0.7991E+00  0.8138E+00
  0.8044E+00  0.7718E+00  0.7202E+00  0.6365E+00  0.5022E+00  0.1577E+00
  0.3683E-01  0.3834E-01  0.3992E-01  0.4157E-01  0.4330E-01  0.4511E-01
  0.4700E-01  0.4899E-01  0.5106E-01  0.5324E-01  0.5552E-01  0.5791E-01
  0.6041E-01  0.6303E-01  0.6578E-01  0.6866E-01  0.7167E-01  0.7484E-01
  0.7816E-01  0.8164E-01  0.8529E-01  0.8912E-01  0.9314E-01  0.9735E-01
  0.1018E+00  0.1064E+00  0.1113E+00  0.1164E+00  0.1218E+00  0.1274E+00
  0.1333E+00  0.1395E+00  0.1461E+00  0.1529E+00  0.1602E+00  0.1677E+00
  0.1757E+00  0.1841E+00  0.1930E+00  0.2023E+00  0.2122E+00  0.2226E+00
  0.2336E+00  0.2453E+00  0.2576E+00  0.2707E+00  0.2847E+00  0.2996E+00
  0.3155E+00  0.3326E+00  0.3509E+00  0.3708E+00  0.3922E+00  0.4156E+00
  0.4411E+00  0.4692E+00  0.5002E+00  0.5348E+00  0.5735E+00  0.6171E+00
  0.6655E+00  0.7165E+00  0.7640E+00  0.7991E+00  0.8138E+00  0.8044E+00
  0.7718E+00  0.7202E+00  0.6365E+00  0.5022E+00  0.1577E+00  0.3683E-01
  0.3834E-01  0.3992E-01  0.4157E-01  0.4330E-01  0.4511E-01  0.4700E-01
  0.4899E-01  0.5106E-01  0.5324E-01  0.5552E-01  0.5791E-01  0.6041E-01
  0.6303E-01  0.6578E-01  0.6866E-01  0.7167E-01  0.7484E-01  0.7816E-01
  0.8164E-01  0.8529E-01  0.8912E-01  0.9314E-01  0.9735E-01  0.1018E+00
  0.1064E+00  0.1113E+00  0.1164E+00  0.1218E+00  0.1274E+00  0.1333E+00
  0.1395E+00  0.1461E+00  0.1529E+00  0.1602E+00  0.1677E+00  0.1757E+00
  0.1841E+00  0.1930E+00  0.2023E+00  0.2122E+00  0.2226E+00  0.2336E+00
  0.2453E+00  0.2576E+00  0.2707E+00  0.2847E+00  0.2996E+00  0.3155E+00
  0.3326E+00  0.3509E+00  0.3708E+00  0.3922E+00  0.4156E+00  0.4411E+00
  0.4692E+00  0.5002E+00  0.5348E+00  0.5735E+00  0.6171E+00  0.6655E+00
  0.7165E+00  0.7640E+00  0.7991E+00  0.8138E+00  0.8044E+00  0.7718E+00
  0.7202E+00  0.6365E+00  0.5022E+00  0.1577E+00  0.3683E-01  0.3834E-01
  0.3992E-01  0.4157E-01  0.4330E-01  0.4511E-01  0.4700E-01  0.4899E-01
  0.5106E-01  0.5324E-01  0.5552E-01  0.5791E-01  0.6041E-01  0.6303E-01
  0.6578E-01  0.6866E-01  0.7167E-01  0.7484E-01  0.7816E-01  0.8164E-01
  0.8529E-01  0.8912E-01  0.9314E-01  0.9735E-01  0.1018E+00  0.1064E+00
  0.1113E+00  0.1164E+00  0.1218E+00  0.1274E+00  0.1333E+00  0.1395E+00
  0.1461E+00  0.1529E+00  0.1602E+00  0.1677E+00  0.1757E+00  0.1841E+00
  0.1930E+00  0.2023E+00  0.2122E+00  0.2226E+00  0.2336E+00  0.2453E+00
  0.2576E+00  0.2707E+00  0.2847E+00  0.2996E+00  0.3155E+00  0.3326E+00
  0.3509E+00  0.3708E+00  0.3922E+00  0.4156E+00  0.4411E+00  0.4692E+00
  0.5002E+00  0.5348E+00  0.5735E+00  0.6171E+00  0.6655E+00  0.7165E+00
  0.7640E+00  0.7991E+00  0.8138E+00  0.8044E+00  0.7718E+00  0.7202E+00
  0.6365E+00  0.5022E+00  0.1577E+00  0.3683E-01  0.3834E-01  0.3992E-01
  0.4157E-01  0.4330E-01  0.4511E-01  0.4700E-01  0.4899E-01  0.5106E-01
  0.5324E-01  0.5552E-01  0.5791E-01  0.6041E-01  0.6303E-01  0.6578E-01
  0.6866E-01  0.7167E-01  0.7484E-01  0.7816E-01  0.8164E-01  0.8529E-01
  0.8912E-01  0.9314E-01  0.9735E-01  0.1018E+00  0.1064E+00  0.1113E+00
  0.1164E+00  0.1218E+00  0.1274E+00  0.1333E+00  0.1395E+00  0.1461E+00
  0.1529E+00  0.1602E+00  0.1677E+00  0.1757E+00  0.1841E+00  0.1930E+00
  0.2023E+00  0.2122E+00  0.2226E+00  0.2336E+00  0.2453E+00  0.2576E+00
  0.2707E+00  0.2847E+00  0.2996E+00  0.3155E+00  0.3326E+00  0.3509E+00
  0.3708E+00  0.3922E+00  0.4156E+00  0.4411E+00  0.4692E+00  0.5002E+00
  0.5348E+00  0.5735E+00  0.6171E+00  0.6655E+00  0.7165E+00  0.7640E+00
  0.7991E+00  0.8138E+00  0.8044E+00  0.7718E+00  0.7202E+00  0.6365E+00
  0.5022E+00  0.1577E+00  0.3683E-01  0.3834E-01  0.3992E-01  0.4157E-01
  0.4330E-01  0.4511E-01  0.4700E-01  0.4899E-01  0.5106E-01  0.5324E-01
  0.5552E-01  0.5791E-01  0.6041E-01  0.6303E-01  0.6578E-01  0.6866E-01
  0.7167E-01  0.7484E-01  0.7816E-01  0.8164E-01  0.8529E-01  0.8912E-01
  0.9314E-01  0.9735E-01  0.1018E+00  0.1064E+00  0.1113E+00  0.1164E+00
  0.1218E+00  0.1274E+00  0.1333E+00  0.1395E+00  0.1461E+00  0.1529E+00
  0.1602E+00  0.1677E+00  0.1757E+00  0.1841E+00  0.1930E+00  0.2023E+00
  0.2122E+00  0.2226E+00  0.2336E+00  0.2453E+00  0.2576E+00  0.2707E+00
  0.2847E+00  0.2996E+00  0.3155E+00  0.3326E+00  0.3509E+00  0.3708E+00
  0.3922E+00  0.4156E+00  0.4411E+00  0.4692E+00  0.5002E+00  0.5348E+00
  0.5735E+00  0.6171E+00  0.6655E+00  0.7165E+00  0.7640E+00  0.7991E+00
  0.8138E+00  0.8044E+00  0.7718E+00  0.7202E+00  0.6365E+00  0.5022E+00
  0.1577E+00  0.3683E-01  0.3834E-01  0.3992E-01  0.4157E-01  0.4330E-01
  0.4511E-01  0.4700E-01  0.4899E-01  0.5106E-01  0.5324E-01  0.5552E-01
  0.5791E-01  0.6041E-01  0.6303E-01  0.6578E-01  0.6866E-01  0.7167E-01
  0.7484E-01  0.7816E-01  0.8164E-01  0.8529E-01  0.8912E-01  0.9314E-01
  0.9735E-01  0.1018E+00  0.1064E+00  0.1113E+00  0.1164E+00  0.1218E+00
  0.1274E+00  0.1333E+00  0.1395E+00  0.1461E+00  0.1529E+00  0.1602E+00
  0.1677E+00  0.1757E+00  0.1841E+00  0.1930E+00  0.2023E+00  0.2122E+00
  0.2226E+00  0.2336E+00  0.2453E+00  0.2576E+00  0.2707E+00  0.2847E+00
  0.2996E+00  0.3155E+00  0.3326E+00  0.3509E+00  0.3708E+00  0.3922E+00
  0.4156E+00  0.4411E+00  0.4692E+00  0.5002E+00  0.5348E+00  0.5735E+00
  0.6171E+00  0.6655E+00  0.7165E+00  0.7640E+00  0.7991E+00  0.8138E+00
  0.8044E+00  0.7718E+00  0.7202E+00  0.6365E+00  0.5022E+00  0.1577E+00
  0.3683E-01  0.3834E-01  0.3992E-01  0.4157E-01  0.4330E-01  0.4511E-01
  0.4700E-01  0.4899E-01  0.5106E-01  0.5324E-01  0.5552E-01  0.5791E-01
  0.6041E-01  0.6303E-01  0.6578E-01  0.6866E-01  0.7167E-01  0.7484E-01
  0.7816E-01  0.8164E-01  0.8529E-01  0.8912E-01  0.9314E-01  0.9735E-01
  0.1018E+00  0.1064E+00  0.1113E+00  0.1164E+00  0.1218E+00  0.1274E+00
  0.1333E+00  0.1395E+00  0.1461E+00  0.1529E+00  0.1602E+00  0.1677E+00
  0.1757E+00  0.1841E+00  0.1930E+00  0.2023E+00  0.2122E+00  0.2226E+00
  0.2336E+00  0.2453E+00  0.2576E+00  0.2707E+00  0.2847E+00  0.2996E+00
  0.3155E+00  0.3326E+00  0.3509E+00  0.3708E+00  0.3922E+00  0.4156E+00
  0.4411E+00  0.4692E+00  0.5002E+00  0.5348E+00  0.5735E+00  0.6171E+00
  0.6655E+00  0.7165E+00  0.7640E+00  0.7991E+00  0.8138E+00  0.8044E+00
  0.7718E+00  0.7202E+00  0.6365E+00  0.5022E+00  0.1577E+00  0.3683E-01
  0.3834E-01  0.3992E-01  0.4157E-01  0.4330E-01  0.4511E-01  0.4700E-01
  0.4899E-01  0.5106E-01  0.5324E-01  0.5552E-01  0.5791E-01  0.6041E-01
  0.6303E-01  0.6578E-01  0.6866E-01  0.7167E-01  0.7484E-01  0.7816E-01
  0.8164E-01  0.8529E-01  0.8912E-01  0.9314E-01  0.9735E-01  0.1018E+00
  0.1064E+00  0.1113E+00  0.1164E+00  0.1218E+00  0.1274E+00  0.1333E+00
  0.1395E+00  0.1461E+00  0.1529E+00  0.1602E+00  0.1677E+00  0.1757E+00
  0.1841E+00  0.1930E+00  0.2023E+00  0.2122E+00  0.2226E+00  0.2336E+00
  0.2453E+00  0.2576E+00  0.2707E+00  0.2847E+00  0.2996E+00  0.3155E+00
  0.3326E+00  0.3509E+00  0.3708E+00  0.3922E+00  0.4156E+00  0.4411E+00
  0.4692E+00  0.5002E+00  0.5348E+00  0.5735E+00  0.6171E+00  0.6655E+00
  0.7165E+00  0.7640E+00  0.7991E+00  0.8138E+00  0.8044E+00  0.7718E+00
  0.7202E+00  0.6365E+00  0.5022E+00  0.1577E+00  0.3683E-01  0.3834E-01
  0.3992E-01  0.4157E-01  0.4330E-01  0.4511E-01  0.4700E-01  0.4899E-01
  0.5106E-01  0.5324E-01  0.5552E-01  0.5791E-01  0.6041E-01  0.6303E-01
  0.6578E-01  0.6866E-01  0.7167E-01  0.7484E-01  0.7816E-01  0.8164E-01
  0.8529E-01  0.8912E-01  0.9314E-01  0.9735E-01  0.1018E+00  0.1064E+00
  0.1113E+00  0.1164E+00  0.1218E+00  0.1274E+00  0.1333E+00  0.1395E+00
  0.1461E+00  0.1529E+00  0.1602E+00  0.1677E+00  0.1757E+00  0.1841E+00
  0.1930E+00  0.2023E+00  0.2122E+00  0.2226E+00  0.2336E+00  0.2453E+00
  0.2576E+00  0.2707E+00  0.2847E+00  0.2996E+00  0.3155E+00  0.3326E+00
  0.3509E+00  0.3708E+00  0.3922E+00  0.4156E+00  0.4411E+00  0.4692E+00
  0.5002E+00  0.5348E+00  0.5735E+00  0.6171E+00  0.6655E+00  0.7165E+00
  0.7640E+00  0.7991E+00  0.8138E+00  0.8044E+00  0.7718E+00  0.7202E+00
  0.6365E+00  0.5022E+00  0.1577E+00  0.3683E-01  0.3834E-01  0.3992E-01
  0.4157E-01  0.4330E-01  0.4511E-01  0.4700E-01  0.4899E-01  0.5106E-01
  0.5324E-01  0.5552E-01  0.5791E-01  0.6041E-01  0.6303E-01  0.6578E-01
  0.6866E-01  0.7167E-01  0.7484E-01  0.7816E-01  0.8164E-01  0.8529E-01
  0.8912E-01  0.9314E-01  0.9735E-01  0.1018E+00  0.1064E+00  0.1113E+00
  0.1164E+00  0.1218E+00  0.1274E+00  0.1333E+00  0.1395E+00  0.1461E+00
  0.1529E+00  0.1602E+00  0.1677E+00  0.1757E+00  0.1841E+00  0.1930E+00
  0.2023E+00  0.2122E+00  0.2226E+00  0.2336E+00  0.2453E+00  0.2576E+00
  0.2707E+00  0.2847E+00  0.2996E+00  0.3155E+00  0.3326E+00  0.3509E+00
  0.3708E+00  0.3922E+00  0.4156E+00  0.4411E+00  0.4692E+00  0.5002E+00
  0.5348E+00  0.5735E+00  0.6171E+00  0.6655E+00  0.7165E+00  0.7640E+00
  0.7991E+00  0.8138E+00  0.8044E+00  0.7718E+00  0.7202E+00  0.6365E+00
  0.5022E+00  0.1577E+00  0.3683E-01  0.3834E-01  0.3992E-01  0.4157E-01
  0.4330E-01  0.4511E-01  0.4700E-01  0.4899E-01  0.5106E-01  0.5324E-01
  0.5552E-01  0.5791E-01  0.6041E-01  0.6303E-01  0.6578E-01  0.6866E-01
  0.7167E-01  0.7484E-01  0.7816E-01  0.8164E-01  0.8529E-01  0.8912E-01
  0.9314E-01  0.9735E-01  0.1018E+00  0.1064E+00  0.1113E+00  0.1164E+00
  0.1218E+00  0.1274E+00  0.1333E+00  0.1395E+00  0.1461E+00  0.1529E+00
  0.1602E+00  0.1677E+00  0.1757E+00  0.1841E+00  0.1930E+00  0.2023E+00
  0.2122E+00  0.2226E+00  0.2336E+00  0.2453E+00  0.2576E+00  0.2707E+00
  0.2847E+00  0.2996E+00  0.3155E+00  0.3326E+00  0.3509E+00  0.3708E+00
  0.3922E+00  0.4156E+00  0.4411E+00  0.4692E+00  0.5002E+00  0.5348E+00
  0.5735E+00  0.6171E+00  0.6655E+00  0.7165E+00  0.7640E+00  0.7991E+00
  0.8138E+00  0.8044E+00  0.7718E+00  0.7202E+00  0.6365E+00  0.5022E+00
  0.1577E+00  0.3683E-01  0.3834E-01  0.3992E-01  0.4157E-01  0.4330E-01
  0.4511E-01  0.4700E-01  0.4899E-01  0.5106E-01  0.5324E-01  0.5552E-01
  0.5791E-01  0.6041E-01  0.6303E-01  0.6578E-01  0.6866E-01  0.7167E-01
  0.7484E-01  0.7816E-01  0.8164E-01  0.8529E-01  0.8912E-01  0.9314E-01
  0.9735E-01  0.1018E+00  0.1064E+00  0.1113E+00  0.1164E+00  0.1218E+00
  0.1274E+00  0.1333E+00  0.1395E+00  0.1461E+00  0.1529E+00  0.1602E+00
  0.1677E+00  0.1757E+00  0.1841E+00  0.1930E+00  0.2023E+00  0.2122E+00
  0.2226E+00  0.2336E+00  0.2453E+00  0.2576E+00  0.2707E+00  0.2847E+00
  0.2996E+00  0.3155E+00  0.3326E+00  0.3509E+00  0.3708E+00  0.3922E+00
  0.4156E+00  0.4411E+00  0.4692E+00  0.5002E+00  0.5348E+00  0.5735E+00
  0.6171E+00  0.6655E+00  0.7165E+00  0.7640E+00  0.7991E+00  0.8138E+00
  0.8044E+00  0.7718E+00  0.7202E+00  0.6365E+00  0.5022E+00  0.1577E+00
  0.3683E-01  0.3834E-01  0.3992E-01  0.4157E-01  0.4330E-01  0.4511E-01
  0.4700E-01  0.4899E-01  0.5106E-01  0.5324E-01  0.5552E-01  0.5791E-01
  0.6041E-01  0.6303E-01  0.6578E-01  0.6866E-01  0.7167E-01  0.7484E-01
  0.7816E-01  0.8164E-01  0.8529E-01  0.8912E-01  0.9314E-01  0.9735E-01
  0.1018E+00  0.1064E+00  0.1113E+00  0.1164E+00  0.1218E+00  0.1274E+00
  0.1333E+00  0.1395E+00  0.1461E+00  0.1529E+00  0.1602E+00  0.1677E+00
  0.1757E+00  0.1841E+00  0.1930E+00  0.2023E+00  0.2122E+00  0.2226E+00
  0.2336E+00  0.2453E+00  0.2576E+00  0.2707E+00  0.2847E+00  0.2996E+00
  0.3155E+00  0.3326E+00  0.3509E+00  0.3708E+00  0.3922E+00  0.4156E+00
  0.4411E+00  0.4692E+00  0.5002E+00  0.5348E+00  0.5735E+00  0.6171E+00
  0.6655E+00  0.7165E+00  0.7640E+00  0.7991E+00  0.8138E+00  0.8044E+00
  0.7718E+00  0.7202E+00  0.6365E+00  0.5022E+00  0.1577E+00  0.3683E-01
  0.3834E-01  0.3992E-01  0.4157E-01  0.4330E-01  0.4511E-01  0.4700E-01
  0.4899E-01  0.5106E-01  0.5324E-01  0.5552E-01  0.5791E-01  0.6041E-01
  0.6303E-01  0.6578E-01  0.6866E-01  0.7167E-01  0.7484E-01  0.7816E-01
  0.8164E-01  0.8529E-01  0.8912E-01  0.9314E-01  0.9735E-01  0.1018E+00
  0.1064E+00  0.1113E+00  0.1164E+00  0.1218E+00  0.1274E+00  0.1333E+00
  0.1395E+00  0.1461E+00  0.1529E+00  0.1602E+00  0.1677E+00  0.1757E+00
  0.1841E+00  0.1930E+00  0.2023E+00  0.2122E+00  0.2226E+00  0.2336E+00
  0.2453E+00  0.2576E+00  0.2707E+00  0.2847E+00  0.2996E+00  0.3155E+00
  0.3326E+00  0.3509E+00  0.3708E+00  0.3922E+00  0.4156E+00  0.4411E+00
  0.4692E+00  0.5002E+00  0.5348E+00  0.5735E+00  0.6171E+00  0.6655E+00
  0.7165E+00  0.7640E+00  0.7991E+00  0.8138E+00  0.8044E+00  0.7718E+00
  0.7202E+00  0.6365E+00  0.5022E+00  0.1577E+00  0.3683E-01  0.3834E-01
  0.3992E-01  0.4157E-01  0.4330E-01  0.4511E-01  0.4700E-01  0.4899E-01
  0.5106E-01  0.5324E-01  0.5552E-01  0.5791E-01  0.6041E-01  0.6303E-01
  0.6578E-01  0.6866E-01  0.7167E-01  0.7484E-01  0.7816E-01  0.8164E-01
  0.8529E-01  0.8912E-01  0.9314E-01  0.9735E-01  0.1018E+00  0.1064E+00
  0.1113E+00  0.1164E+00  0.1218E+00  0.1274E+00  0.1333E+00  0.1395E+00
  0.1461E+00  0.1529E+00  0.1602E+00  0.1677E+00  0.1757E+00  0.1841E+00
  0.1930E+00  0.2023E+00  0.2122E+00  0.2226E+00  0.2336E+00  0.2453E+00
  0.2576E+00  0.2707E+00  0.2847E+00  0.2996E+00  0.3155E+00  0.3326E+00
  0.3509E+00  0.3708E+00  0.3922E+00  0.4156E+00  0.4411E+00  0.4692E+00
  0.5002E+00  0.5348E+00  0.5735E+00  0.6171E+00  0.6655E+00  0.7165E+00
  0.7640E+00  0.7991E+00  0.8138E+00  0.8044E+00  0.7718E+00  0.7202E+00
  0.6365E+00  0.5022E+00  0.1577E+00  0.3683E-01  0.3834E-01  0.3992E-01
  0.4157E-01  0.4330E-01  0.4511E-01  0.4700E-01  0.4899E-01  0.5106E-01
  0.5324E-01  0.5552E-01  0.5791E-01  0.6041E-01  0.6303E-01  0.6578E-01
  0.6866E-01  0.7167E-01  0.7484E-01  0.7816E-01  0.8164E-01  0.8529E-01
  0.8912E-01  0.9314E-01  0.9735E-01  0.1018E+00  0.1064E+00  0.1113E+00
  0.1164E+00  0.1218E+00  0.1274E+00  0.1333E+00  0.1395E+00  0.1461E+00
  0.1529E+00  0.1602E+00  0.1677E+00  0.1757E+00  0.1841E+00  0.1930E+00
  0.2023E+00  0.2122E+00  0.2226E+00  0.2336E+00  0.2453E+00  0.2576E+00
  0.2707E+00  0.2847E+00  0.2996E+00  0.3155E+00  0.3326E+00  0.3509E+00
  0.3708E+00  0.3922E+00  0.4156E+00  0.4411E+00  0.4692E+00  0.5002E+00
  0.5348E+00  0.5735E+00  0.6171E+00  0.6655E+00  0.7165E+00  0.7640E+00
  0.7991E+00  0.8138E+00  0.8044E+00  0.7718E+00  0.7202E+00  0.6365E+00
  0.5022E+00  0.1577E+00  0.3683E-01  0.3834E-01  0.3992E-01  0.4157E-01
  0.4330E-01  0.4511E-01  0.4700E-01  0.4899E-01  0.5106E-01  0.5324E-01
  0.5552E-01  0.5791E-01  0.6041E-01  0.6303E-01  0.6578E-01  0.6866E-01
  0.7167E-01  0.7484E-01  0.7816E-01  0.8164E-01  0.8529E-01  0.8912E-01
  0.9314E-01  0.9735E-01  0.1018E+00  0.1064E+00  0.1113E+00  0.1164E+00
  0.1218E+00  0.1274E+00  0.1333E+00  0.1395E+00  0.1461E+00  0.1529E+00
  0.1602E+00  0.1677E+00  0.1757E+00  0.1841E+00  0.1930E+00  0.2023E+00
  0.2122E+00  0.2226E+00  0.2336E+00  0.2453E+00  0.2576E+00  0.2707E+00
  0.2847E+00  0.2996E+00  0.3155E+00  0.3326E+00  0.3509E+00  0.3708E+00
  0.3922E+00  0.4156E+00  0.4411E+00  0.4692E+00  0.5002E+00  0.5348E+00
  0.5735E+00  0.6171E+00  0.6655E+00  0.7165E+00  0.7640E+00  0.7991E+00
  0.8138E+00  0.8044E+00  0.7718E+00  0.7202E+00  0.6365E+00  0.5022E+00
  0.1577E+00  0.3683E-01  0.3834E-01  0.3992E-01  0.4157E-01  0.4330E-01
  0.4511E-01  0.4700E-01  0.4899E-01  0.5106E-01  0.5324E-01  0.5552E-01
  0.5791E-01  0.6041E-01  0.6303E-01  0.6578E-01  0.6866E-01  0.7167E-01
  0.7484E-01  0.7816E-01  0.8164E-01  0.8529E-01  0.8912E-01  0.9314E-01
  0.9735E-01  0.1018E+00  0.1064E+00  0.1113E+00  0.1164E+00  0.1218E+00
  0.1274E+00  0.1333E+00  0.1395E+00  0.1461E+00  0.1529E+00  0.1602E+00
  0.1677E+00  0.1757E+00  0.1841E+00  0.1930E+00  0.2023E+00  0.2122E+00
  0.2226E+00  0.2336E+00  0.2453E+00  0.2576E+00  0.2707E+00  0.2847E+00
  0.2996E+00  0.3155E+00  0.3326E+00  0.3509E+00  0.3708E+00  0.3922E+00
  0.4156E+00  0.4411E+00  0.4692E+00  0.5002E+00  0.5348E+00  0.5735E+00
  0.6171E+00  0.6655E+00  0.7165E+00  0.7640E+00  0.7991E+00  0.8138E+00
  0.8044E+00  0.7718E+00  0.7202E+00  0.6365E+00  0.5022E+00  0.1577E+00
  0.3683E-01  0.3834E-01  0.3992E-01  0.4157E-01  0.4330E-01  0.4511E-01
  0.4700E-01  0.4899E-01  0.5106E-01  0.5324E-01  0.5552E-01  0.5791E-01
  0.6041E-01  0.6303E-01  0.6578E-01  0.6866E-01  0.7167E-01  0.7484E-01
  0.7816E-01  0.8164E-01  0.8529E-01  0.8912E-01  0.9314E-01  0.9735E-01
  0.1018E+00  0.1064E+00  0.1113E+00  0.1164E+00  0.1218E+00  0.1274E+00
  0.1333E+00  0.1395E+00  0.1461E+00  0.1529E+00  0.1602E+00  0.1677E+00
  0.1757E+00  0.1841E+00  0.1930E+00  0.2023E+00  0.2122E+00  0.2226E+00
  0.2336E+00  0.2453E+00  0.2576E+00  0.2707E+00  0.2847E+00  0.2996E+00
  0.3155E+00  0.3326E+00  0.3509E+00  0.3708E+00  0.3922E+00  0.4156E+00
  0.4411E+00  0.4692E+00  0.5002E+00  0.5348E+00  0.5735E+00  0.6171E+00
  0.6655E+00  0.7165E+00  0.7640E+00  0.7991E+00  0.8138E+00  0.8044E+00
  0.7718E+00  0.7202E+00  0.6365E+00  0.5022E+00  0.1577E+00  0.3683E-01
  0.3834E-01  0.3992E-01  0.4157E-01  0.4330E-01  0.4511E-01  0.4700E-01
  0.4899E-01  0.5106E-01  0.5324E-01  0.5552E-01  0.5791E-01  0.6041E-01
  0.6303E-01  0.6578E-01  0.6866E-01  0.7167E-01  0.7484E-01  0.7816E-01
  0.8164E-01  0.8529E-01  0.8912E-01  0.9314E-01  0.9735E-01  0.1018E+00
  0.1064E+00  0.1113E+00  0.1164E+00  0.1218E+00  0.1274E+00  0.1333E+00
  0.1395E+00  0.1461E+00  0.1529E+00  0.1602E+00  0.1677E+00  0.1757E+00
  0.1841E+00  0.1930E+00  0.2023E+00  0.2122E+00  0.2226E+00  0.2336E+00
  0.2453E+00  0.2576E+00  0.2707E+00  0.2847E+00  0.2996E+00  0.3155E+00
  0.3326E+00  0.3509E+00  0.3708E+00  0.3922E+00  0.4156E+00  0.4411E+00
  0.4692E+00  0.5002E+00  0.5348E+00  0.5735E+00  0.6171E+00  0.6655E+00
  0.7165E+00  0.7640E+00  0.7991E+00  0.8138E+00  0.8044E+00  0.7718E+00
  0.7202E+00  0.6365E+00  0.5022E+00  0.1577E+00  0.3683E-01  0.3834E-01
  0.3992E-01  0.4157E-01  0.4330E-01  0.4511E-01  0.4700E-01  0.4899E-01
  0.5106E-01  0.5324E-01  0.5552E-01  0.5791E-01  0.6041E-01  0.6303E-01
  0.6578E-01  0.6866E-01  0.7167E-01  0.7484E-01  0.7816E-01  0.8164E-01
  0.8529E-01  0.8912E-01  0.9314E-01  0.9735E-01  0.1018E+00  0.1064E+00
  0.1113E+00  0.1164E+00  0.1218E+00  0.1274E+00  0.1333E+00  0.1395E+00
  0.1461E+00  0.1529E+00  0.1602E+00  0.1677E+00  0.1757E+00  0.1841E+00
  0.1930E+00  0.2023E+00  0.2122E+00  0.2226E+00  0.2336E+00  0.2453E+00
  0.2576E+00  0.2707E+00  0.2847E+00  0.2996E+00  0.3155E+00  0.3326E+00
  0.3509E+00  0.3708E+00  0.3922E+00  0.4156E+00  0.4411E+00  0.4692E+00
  0.5002E+00  0.5348E+00  0.5735E+00  0.6171E+00  0.6655E+00  0.7165E+00
  0.7640E+00  0.7991E+00  0.8138E+00  0.8044E+00  0.7718E+00  0.7202E+00
  0.6365E+00  0.5022E+00  0.1577E+00  0.3683E-01  0.3834E-01  0.3992E-01
  0.4157E-01  0.4330E-01  0.4511E-01  0.4700E-01  0.4899E-01  0.5106E-01
  0.5324E-01  0.5552E-01  0.5791E-01  0.6041E-01  0.6303E-01  0.6578E-01
  0.6866E-01  0.7167E-01  0.7484E-01  0.7816E-01  0.8164E-01  0.8529E-01
  0.8912E-01  0.9314E-01  0.9735E-01  0.1018E+00  0.1064E+00  0.1113E+00
  0.1164E+00  0.1218E+00  0.1274E+00  0.1333E+00  0.1395E+00  0.1461E+00
  0.1529E+00  0.1602E+00  0.1677E+00  0.1757E+00  0.1841E+00  0.1930E+00
  0.2023E+00  0.2122E+00  0.2226E+00  0.2336E+00  0.2453E+00  0.2576E+00
  0.2707E+00  0.2847E+00  0.2996E+00  0.3155E+00  0.3326E+00  0.3509E+00
  0.3708E+00  0.3922E+00  0.4156E+00  0.4411E+00  0.4692E+00  0.5002E+00
  0.5348E+00  0.5735E+00  0.6171E+00  0.6655E+00  0.7165E+00  0.7640E+00
  0.7991E+00  0.8138E+00  0.8044E+00  0.7718E+00  0.7202E+00  0.6365E+00
  0.5022E+00  0.1577E+00  0.3683E-01  0.3834E-01  0.3992E-01  0.4157E-01
  0.4330E-01  0.4511E-01  0.4700E-01  0.4899E-01  0.5106E-01  0.5324E-01
  0.5552E-01  0.5791E-01  0.6041E-01  0.6303E-01  0.6578E-01  0.6866E-01
  0.7167E-01  0.7484E-01  0.7816E-01  0.8164E-01  0.8529E-01  0.8912E-01
  0.9314E-01  0.9735E-01  0.1018E+00  0.1064E+00  0.1113E+00  0.1164E+00
  0.1218E+00  0.1274E+00  0.1333E+00  0.1395E+00  0.1461E+00  0.1529E+00
  0.1602E+00  0.1677E+00  0.1757E+00  0.1841E+00  0.1930E+00  0.2023E+00
  0.2122E+00  0.2226E+00  0.2336E+00  0.2453E+00  0.2576E+00  0.2707E+00
  0.2847E+00  0.2996E+00  0.3155E+00  0.3326E+00  0.3509E+00  0.3708E+00
  0.3922E+00  0.4156E+00  0.4411E+00  0.4692E+00  0.5002E+00  0.5348E+00
  0.5735E+00  0.6171E+00  0.6655E+00  0.7165E+00  0.7640E+00  0.7991E+00
  0.8138E+00  0.8044E+00  0.7718E+00  0.7202E+00  0.6365E+00  0.5022E+00
  0.1577E+00  0.3683E-01  0.3834E-01  0.3992E-01  0.4157E-01  0.4330E-01
  0.4511E-01  0.4700E-01  0.4899E-01  0.5106E-01  0.5324E-01  0.5552E-01
  0.5791E-01  0.6041E-01  0.6303E-01  0.6578E-01  0.6866E-01  0.7167E-01
  0.7484E-01  0.7816E-01  0.8164E-01  0.8529E-01  0.8912E-01  0.9314E-01
  0.9735E-01  0.1018E+00  0.1064E+00  0.1113E+00  0.1164E+00  0.1218E+00
  0.1274E+00  0.1333E+00  0.1395E+00  0.1461E+00  0.1529E+00  0.1602E+00
  0.1677E+00  0.1757E+00  0.1841E+00  0.1930E+00  0.2023E+00  0.2122E+00
  0.2226E+00  0.2336E+00  0.2453E+00  0.2576E+00  0.2707E+00  0.2847E+00
  0.2996E+00  0.3155E+00  0.3326E+00  0.3509E+00  0.3708E+00  0.3922E+00
  0.4156E+00  0.4411E+00  0.4692E+00  0.5002E+00  0.5348E+00  0.5735E+00
  0.6171E+00  0.6655E+00  0.7165E+00  0.7640E+00  0.7991E+00  0.8138E+00
  0.8044E+00  0.7718E+00  0.7202E+00  0.6365E+00  0.5022E+00  0.1577E+00
  0.3683E-01  0.3834E-01  0.3992E-01  0.4157E-01  0.4330E-01  0.4511E-01
  0.4700E-01  0.4899E-01  0.5106E-01  0.5324E-01  0.5552E-01  0.5791E-01
  0.6041E-01  0.6303E-01  0.6578E-01  0.6866E-01  0.7167E-01  0.7484E-01
  0.7816E-01  0.8164E-01  0.8529E-01  0.8912E-01  0.9314E-01  0.9735E-01
  0.1018E+00  0.1064E+00  0.1113E+00  0.1164E+00  0.1218E+00  0.1274E+00
  0.1333E+00  0.1395E+00  0.1461E+00  0.1529E+00  0.1602E+00  0.1677E+00
  0.1757E+00  0.1841E+00  0.1930E+00  0.2023E+00  0.2122E+00  0.2226E+00
  0.2336E+00  0.2453E+00  0.2576E+00  0.2707E+00  0.2847E+00  0.2996E+00
  0.3155E+00  0.3326E+00  0.3509E+00  0.3708E+00  0.3922E+00  0.4156E+00
  0.4411E+00  0.4692E+00  0.5002E+00  0.5348E+00  0.5735E+00  0.6171E+00
  0.6655E+00  0.7165E+00  0.7640E+00  0.7991E+00  0.8138E+00  0.8044E+00
  0.7718E+00  0.7202E+00  0.6365E+00  0.5022E+00  0.1577E+00  0.3683E-01
  0.3834E-01  0.3992E-01  0.4157E-01  0.4330E-01  0.4511E-01  0.4700E-01
  0.4899E-01  0.5106E-01  0.5324E-01  0.5552E-01  0.5791E-01  0.6041E-01
  0.6303E-01  0.6578E-01  0.6866E-01  0.7167E-01  0.7484E-01  0.7816E-01
  0.8164E-01  0.8529E-01  0.8912E-01  0.9314E-01  0.9735E-01  0.1018E+00
  0.1064E+00  0.1113E+00  0.1164E+00  0.1218E+00  0.1274E+00  0.1333E+00
  0.1395E+00  0.1461E+00  0.1529E+00  0.1602E+00  0.1677E+00  0.1757E+00
  0.1841E+00  0.1930E+00  0.2023E+00  0.2122E+00  0.2226E+00  0.2336E+00
  0.2453E+00  0.2576E+00  0.2707E+00  0.2847E+00  0.2996E+00  0.3155E+00
  0.3326E+00  0.3509E+00  0.3707E+00  0.3922E+00  0.4156E+00  0.4411E+00
  0.4692E+00  0.5002E+00  0.5348E+00  0.5735E+00  0.6171E+00  0.6655E+00
  0.7165E+00  0.7640E+00  0.7990E+00  0.8138E+00  0.8044E+00  0.7718E+00
  0.7202E+00  0.6365E+00  0.5022E+00  0.1577E+00  0.3683E-01  0.3834E-01
  0.3992E-01  0.4157E-01  0.4330E-01  0.4511E-01  0.4700E-01  0.4899E-01
  0.5106E-01  0.5324E-01  0.5552E-01  0.5791E-01  0.6041E-01  0.6303E-01
  0.6578E-01  0.6866E-01  0.7167E-01  0.7484E-01  0.7816E-01  0.8164E-01
  0.8529E-01  0.8912E-01  0.9314E-01  0.9735E-01  0.1018E+00  0.1064E+00
  0.1113E+00  0.1164E+00  0.1218E+00  0.1274E+00  0.1333E+00  0.1395E+00
  0.1461E+00  0.1529E+00  0.1602E+00  0.1677E+00  0.1757E+00  0.1841E+00
  0.1930E+00  0.2023E+00  0.2122E+00  0.2226E+00  0.2336E+00  0.2452E+00
  0.2576E+00  0.2707E+00  0.2847E+00  0.2996E+00  0.3155E+00  0.3326E+00
  0.3509E+00  0.3707E+00  0.3922E+00  0.4155E+00  0.4411E+00  0.4691E+00
  0.5002E+00  0.5347E+00  0.5735E+00  0.6170E+00  0.6654E+00  0.7165E+00
  0.7640E+00  0.7990E+00  0.8138E+00  0.8044E+00  0.7718E+00  0.7202E+00
  0.6365E+00  0.5022E+00  0.1577E+00  0.3683E-01  0.3834E-01  0.3992E-01
  0.4157E-01  0.4330E-01  0.4511E-01  0.4700E-01  0.4899E-01  0.5106E-01
  0.5324E-01  0.5552E-01  0.5791E-01  0.6041E-01  0.6303E-01  0.6578E-01
  0.6866E-01  0.7167E-01  0.7484E-01  0.7816E-01  0.8164E-01  0.8529E-01
  0.8912E-01  0.9314E-01  0.9735E-01  0.1018E+00  0.1064E+00  0.1113E+00
  0.1164E+00  0.1218E+00  0.1274E+00  0.1333E+00  0.1395E+00  0.1461E+00
  0.1529E+00  0.1602E+00  0.1677E+00  0.1757E+00  0.1841E+00  0.1930E+00
  0.2023E+00  0.2122E+00  0.2226E+00  0.2336E+00  0.2452E+00  0.2576E+00
  0.2707E+00  0.2847E+00  0.2996E+00  0.3155E+00  0.3326E+00  0.3509E+00
  0.3707E+00  0.3922E+00  0.4155E+00  0.4411E+00  0.4691E+00  0.5002E+00
  0.5348E+00  0.5735E+00  0.6171E+00  0.6655E+00  0.7165E+00  0.7640E+00
  0.7991E+00  0.8138E+00  0.8044E+00  0.7718E+00  0.7203E+00  0.6365E+00
  0.5022E+00  0.1576E+00  0.3683E-01  0.3834E-01  0.3992E-01  0.4157E-01
  0.4330E-01  0.4511E-01  0.4700E-01  0.4899E-01  0.5106E-01  0.5324E-01
  0.5552E-01  0.5791E-01  0.6041E-01  0.6303E-01  0.6578E-01  0.6866E-01
  0.7167E-01  0.7484E-01  0.7816E-01  0.8164E-01  0.8529E-01  0.8912E-01
  0.9314E-01  0.9735E-01  0.1018E+00  0.1064E+00  0.1113E+00  0.1164E+00
  0.1218E+00  0.1274E+00  0.1333E+00  0.1395E+00  0.1461E+00  0.1529E+00
  0.1601E+00  0.1677E+00  0.1757E+00  0.1841E+00  0.1930E+00  0.2023E+00
  0.2122E+00  0.2226E+00  0.2336E+00  0.2452E+00  0.2576E+00  0.2707E+00
  0.2847E+00  0.2996E+00  0.3155E+00  0.3326E+00  0.3509E+00  0.3707E+00
  0.3922E+00  0.4156E+00  0.4411E+00  0.4692E+00  0.5002E+00  0.5348E+00
  0.5736E+00  0.6172E+00  0.6656E+00  0.7167E+00  0.7642E+00  0.7992E+00
  0.8139E+00  0.8044E+00  0.7718E+00  0.7203E+00  0.6365E+00  0.5022E+00
  0.1575E+00  0.3683E-01  0.3834E-01  0.3992E-01  0.4157E-01  0.4330E-01
  0.4511E-01  0.4700E-01  0.4899E-01  0.5106E-01  0.5324E-01  0.5552E-01
  0.5791E-01  0.6041E-01  0.6303E-01  0.6578E-01  0.6866E-01  0.7167E-01
  0.7484E-01  0.7816E-01  0.8164E-01  0.8529E-01  0.8912E-01  0.9314E-01
  0.9735E-01  0.1018E+00  0.1064E+00  0.1113E+00  0.1164E+00  0.1218E+00
  0.1274E+00  0.1333E+00  0.1395E+00  0.1461E+00  0.1529E+00  0.1601E+00
  0.1677E+00  0.1757E+00  0.1841E+00  0.1930E+00  0.2023E+00  0.2122E+00
  0.2226E+00  0.2336E+00  0.2452E+00  0.2576E+00  0.2707E+00  0.2847E+00
  0.2996E+00  0.3155E+00  0.3326E+00  0.3510E+00  0.3708E+00  0.3923E+00
  0.4156E+00  0.4412E+00  0.4693E+00  0.5004E+00  0.5350E+00  0.5737E+00
  0.6174E+00  0.6658E+00  0.7168E+00  0.7643E+00  0.7993E+00  0.8140E+00
  0.8045E+00  0.7719E+00  0.7203E+00  0.6365E+00  0.5022E+00  0.1561E+00
  0.3683E-01  0.3834E-01  0.3992E-01  0.4157E-01  0.4330E-01  0.4511E-01
  0.4700E-01  0.4899E-01  0.5106E-01  0.5324E-01  0.5552E-01  0.5791E-01
  0.6041E-01  0.6303E-01  0.6578E-01  0.6866E-01  0.7167E-01  0.7484E-01
  0.7816E-01  0.8164E-01  0.8529E-01  0.8912E-01  0.9313E-01  0.9735E-01
  0.1018E+00  0.1064E+00  0.1113E+00  0.1164E+00  0.1218E+00  0.1274E+00
  0.1333E+00  0.1395E+00  0.1461E+00  0.1529E+00  0.1601E+00  0.1677E+00
  0.1757E+00  0.1841E+00  0.1930E+00  0.2023E+00  0.2122E+00  0.2226E+00
  0.2336E+00  0.2453E+00  0.2576E+00  0.2708E+00  0.2847E+00  0.2996E+00
  0.3156E+00  0.3327E+00  0.3511E+00  0.3709E+00  0.3924E+00  0.4158E+00
  0.4413E+00  0.4694E+00  0.5005E+00  0.5352E+00  0.5740E+00  0.6176E+00
  0.6660E+00  0.7171E+00  0.7645E+00  0.7995E+00  0.8140E+00  0.8045E+00
  0.7718E+00  0.7203E+00  0.6365E+00  0.5023E+00  0.1566E+00  0.3683E-01
  0.3834E-01  0.3992E-01  0.4157E-01  0.4330E-01  0.4511E-01  0.4700E-01
  0.4899E-01  0.5106E-01  0.5324E-01  0.5552E-01  0.5791E-01  0.6041E-01
  0.6303E-01  0.6578E-01  0.6865E-01  0.7167E-01  0.7484E-01  0.7816E-01
  0.8164E-01  0.8528E-01  0.8911E-01  0.9313E-01  0.9734E-01  0.1018E+00
  0.1064E+00  0.1113E+00  0.1164E+00  0.1217E+00  0.1274E+00  0.1333E+00
  0.1395E+00  0.1461E+00  0.1529E+00  0.1601E+00  0.1677E+00  0.1757E+00
  0.1841E+00  0.1930E+00  0.2024E+00  0.2122E+00  0.2227E+00  0.2337E+00
  0.2454E+00  0.2577E+00  0.2709E+00  0.2849E+00  0.2998E+00  0.3158E+00
  0.3329E+00  0.3513E+00  0.3711E+00  0.3926E+00  0.4161E+00  0.4416E+00
  0.4698E+00  0.5009E+00  0.5355E+00  0.5744E+00  0.6180E+00  0.6665E+00
  0.7175E+00  0.7648E+00  0.7997E+00  0.8141E+00  0.8045E+00  0.7719E+00
  0.7203E+00  0.6365E+00  0.5023E+00  0.1579E+00  0.3683E-01  0.3834E-01
  0.3992E-01  0.4157E-01  0.4330E-01  0.4511E-01  0.4700E-01  0.4899E-01
  0.5106E-01  0.5324E-01  0.5552E-01  0.5791E-01  0.6041E-01  0.6303E-01
  0.6577E-01  0.6865E-01  0.7167E-01  0.7483E-01  0.7815E-01  0.8163E-01
  0.8528E-01  0.8910E-01  0.9312E-01  0.9733E-01  0.1018E+00  0.1064E+00
  0.1113E+00  0.1164E+00  0.1218E+00  0.1274E+00  0.1333E+00  0.1396E+00
  0.1461E+00  0.1530E+00  0.1602E+00  0.1678E+00  0.1758E+00  0.1843E+00
  0.1932E+00  0.2025E+00  0.2124E+00  0.2229E+00  0.2339E+00  0.2456E+00
  0.2580E+00  0.2712E+00  0.2852E+00  0.3002E+00  0.3161E+00  0.3333E+00
  0.3517E+00  0.3716E+00  0.3931E+00  0.4166E+00  0.4422E+00  0.4703E+00
  0.5015E+00  0.5361E+00  0.5749E+00  0.6186E+00  0.6670E+00  0.7179E+00
  0.7652E+00  0.7999E+00  0.8143E+00  0.8046E+00  0.7719E+00  0.7203E+00
  0.6366E+00  0.5023E+00  0.1591E+00  0.3683E-01  0.3834E-01  0.3992E-01
  0.4157E-01  0.4330E-01  0.4511E-01  0.4700E-01  0.4899E-01  0.5106E-01
  0.5324E-01  0.5552E-01  0.5790E-01  0.6040E-01  0.6302E-01  0.6577E-01
  0.6864E-01  0.7166E-01  0.7483E-01  0.7814E-01  0.8163E-01  0.8528E-01
  0.8911E-01  0.9314E-01  0.9736E-01  0.1018E+00  0.1064E+00  0.1113E+00
  0.1165E+00  0.1219E+00  0.1275E+00  0.1335E+00  0.1397E+00  0.1463E+00
  0.1532E+00  0.1604E+00  0.1681E+00  0.1761E+00  0.1846E+00  0.1935E+00
  0.2029E+00  0.2128E+00  0.2232E+00  0.2343E+00  0.2460E+00  0.2584E+00
  0.2716E+00  0.2856E+00  0.3006E+00  0.3165E+00  0.3337E+00  0.3521E+00
  0.3719E+00  0.3934E+00  0.4168E+00  0.4423E+00  0.4704E+00  0.5014E+00
  0.5360E+00  0.5747E+00  0.6181E+00  0.6664E+00  0.7173E+00  0.7646E+00
  0.7995E+00  0.8140E+00  0.8045E+00  0.7719E+00  0.7203E+00  0.6365E+00
  0.5022E+00  0.1596E+00  0.3683E-01  0.3834E-01  0.3992E-01  0.4157E-01
  0.4330E-01  0.4511E-01  0.4700E-01  0.4898E-01  0.5106E-01  0.5323E-01
  0.5551E-01  0.5790E-01  0.6040E-01  0.6302E-01  0.6577E-01  0.6866E-01
  0.7168E-01  0.7486E-01  0.7819E-01  0.8168E-01  0.8535E-01  0.8921E-01
  0.9325E-01  0.9749E-01  0.1019E+00  0.1066E+00  0.1115E+00  0.1167E+00
  0.1221E+00  0.1278E+00  0.1337E+00  0.1400E+00  0.1466E+00  0.1535E+00
  0.1608E+00  0.1684E+00  0.1764E+00  0.1849E+00  0.1938E+00  0.2031E+00
  0.2130E+00  0.2234E+00  0.2345E+00  0.2461E+00  0.2584E+00  0.2715E+00
  0.2855E+00  0.3003E+00  0.3161E+00  0.3331E+00  0.3514E+00  0.3710E+00
  0.3923E+00  0.4154E+00  0.4407E+00  0.4685E+00  0.4992E+00  0.5334E+00
  0.5717E+00  0.6148E+00  0.6628E+00  0.7136E+00  0.7613E+00  0.7970E+00
  0.8125E+00  0.8038E+00  0.7717E+00  0.7201E+00  0.6362E+00  0.5019E+00
  0.1538E+00  0.3683E-01  0.3834E-01  0.3992E-01  0.4157E-01  0.4330E-01
  0.4511E-01  0.4700E-01  0.4899E-01  0.5106E-01  0.5324E-01  0.5553E-01
  0.5793E-01  0.6044E-01  0.6308E-01  0.6585E-01  0.6875E-01  0.7180E-01
  0.7500E-01  0.7835E-01  0.8187E-01  0.8557E-01  0.8944E-01  0.9350E-01
  0.9776E-01  0.1022E+00  0.1069E+00  0.1118E+00  0.1170E+00  0.1224E+00
  0.1280E+00  0.1340E+00  0.1402E+00  0.1467E+00  0.1536E+00  0.1608E+00
  0.1684E+00  0.1763E+00  0.1847E+00  0.1935E+00  0.2027E+00  0.2125E+00
  0.2227E+00  0.2336E+00  0.2451E+00  0.2572E+00  0.2701E+00  0.2838E+00
  0.2984E+00  0.3140E+00  0.3306E+00  0.3486E+00  0.3679E+00  0.3888E+00
  0.4116E+00  0.4365E+00  0.4638E+00  0.4940E+00  0.5277E+00  0.5654E+00
  0.6080E+00  0.6555E+00  0.7063E+00  0.7549E+00  0.7922E+00  0.8096E+00
  0.8025E+00  0.7713E+00  0.7197E+00  0.6356E+00  0.5013E+00  0.1420E+00
  0.3683E-01  0.3834E-01  0.3992E-01  0.4157E-01  0.4331E-01  0.4512E-01
  0.4703E-01  0.4903E-01  0.5113E-01  0.5334E-01  0.5565E-01  0.5807E-01
  0.6062E-01  0.6328E-01  0.6607E-01  0.6899E-01  0.7206E-01  0.7526E-01
  0.7862E-01  0.8214E-01  0.8582E-01  0.8967E-01  0.9370E-01  0.9793E-01
  0.1023E+00  0.1070E+00  0.1118E+00  0.1169E+00  0.1222E+00  0.1278E+00
  0.1336E+00  0.1397E+00  0.1461E+00  0.1529E+00  0.1599E+00  0.1673E+00
  0.1751E+00  0.1833E+00  0.1919E+00  0.2009E+00  0.2104E+00  0.2205E+00
  0.2311E+00  0.2423E+00  0.2541E+00  0.2667E+00  0.2801E+00  0.2944E+00
  0.3096E+00  0.3260E+00  0.3435E+00  0.3624E+00  0.3829E+00  0.4052E+00
  0.4296E+00  0.4564E+00  0.4860E+00  0.5190E+00  0.5560E+00  0.5978E+00
  0.6448E+00  0.6957E+00  0.7455E+00  0.7851E+00  0.8054E+00  0.8007E+00
  0.7708E+00  0.7193E+00  0.6353E+00  0.5012E+00  0.1288E+00  0.3683E-01
  0.3834E-01  0.3993E-01  0.4161E-01  0.4337E-01  0.4523E-01  0.4718E-01
  0.4921E-01  0.5134E-01  0.5357E-01  0.5589E-01  0.5832E-01  0.6085E-01
  0.6350E-01  0.6626E-01  0.6914E-01  0.7214E-01  0.7529E-01  0.7856E-01
  0.8199E-01  0.8557E-01  0.8931E-01  0.9322E-01  0.9731E-01  0.1016E+00
  0.1061E+00  0.1107E+00  0.1156E+00  0.1208E+00  0.1261E+00  0.1317E+00
  0.1376E+00  0.1438E+00  0.1503E+00  0.1571E+00  0.1642E+00  0.1717E+00
  0.1796E+00  0.1878E+00  0.1966E+00  0.2057E+00  0.2154E+00  0.2256E+00
  0.2364E+00  0.2479E+00  0.2600E+00  0.2729E+00  0.2866E+00  0.3013E+00
  0.3171E+00  0.3340E+00  0.3522E+00  0.3720E+00  0.3935E+00  0.4170E+00
  0.4428E+00  0.4714E+00  0.5032E+00  0.5389E+00  0.5793E+00  0.6251E+00
  0.6757E+00  0.7273E+00  0.7710E+00  0.7965E+00  0.7965E+00  0.7696E+00
  0.7186E+00  0.6492E+00  0.5182E+00  0.6824E-01  0.3683E-01  0.3832E-01
  0.3997E-01  0.4169E-01  0.4348E-01  0.4533E-01  0.4724E-01  0.4921E-01
  0.5124E-01  0.5336E-01  0.5555E-01  0.5783E-01  0.6020E-01  0.6266E-01
  0.6523E-01  0.6790E-01  0.7069E-01  0.7360E-01  0.7663E-01  0.7980E-01
  0.8312E-01  0.8658E-01  0.9020E-01  0.9398E-01  0.9794E-01  0.1021E+00
  0.1064E+00  0.1110E+00  0.1157E+00  0.1207E+00  0.1259E+00  0.1314E+00
  0.1371E+00  0.1431E+00  0.1494E+00  0.1560E+00  0.1630E+00  0.1703E+00
  0.1779E+00  0.1860E+00  0.1945E+00  0.2035E+00  0.2130E+00  0.2230E+00
  0.2337E+00  0.2449E+00  0.2569E+00  0.2697E+00  0.2833E+00  0.2979E+00
  0.3136E+00  0.3306E+00  0.3489E+00  0.3689E+00  0.3908E+00  0.4148E+00
  0.4413E+00  0.4710E+00  0.5043E+00  0.5420E+00  0.5851E+00  0.6342E+00
  0.6875E+00  0.7382E+00  0.7743E+00  0.7850E+00  0.7655E+00  0.7170E+00
  0.6444E+00  0.5126E+00  0.7589E-01  0.3683E-01  0.3801E-01  0.3925E-01
  0.4054E-01  0.4190E-01  0.4332E-01  0.4481E-01  0.4638E-01  0.4801E-01
  0.4973E-01  0.5153E-01  0.5341E-01  0.5538E-01  0.5745E-01  0.5962E-01
  0.6189E-01  0.6427E-01  0.6676E-01  0.6938E-01  0.7212E-01  0.7499E-01
  0.7800E-01  0.8115E-01  0.8446E-01  0.8793E-01  0.9156E-01  0.9537E-01
  0.9937E-01  0.1036E+00  0.1080E+00  0.1126E+00  0.1174E+00  0.1225E+00
  0.1278E+00  0.1335E+00  0.1393E+00  0.1455E+00  0.1521E+00  0.1589E+00
  0.1661E+00  0.1738E+00  0.1818E+00  0.1903E+00  0.1993E+00  0.2088E+00
  0.2189E+00  0.2297E+00  0.2411E+00  0.2534E+00  0.2666E+00  0.2807E+00
  0.2960E+00  0.3125E+00  0.3305E+00  0.3502E+00  0.3718E+00  0.3958E+00
  0.4225E+00  0.4525E+00  0.4866E+00  0.5257E+00  0.5709E+00  0.6230E+00
  0.6789E+00  0.7279E+00  0.7555E+00  0.7514E+00  0.7125E+00  0.6396E+00
  0.5250E+00  0.2916E+00  0.3683E-01  0.2711E-01  0.2822E-01  0.2939E-01
  0.3061E-01  0.3189E-01  0.3323E-01  0.3463E-01  0.3609E-01  0.3763E-01
  0.3924E-01  0.4092E-01  0.4269E-01  0.4454E-01  0.4648E-01  0.4851E-01
  0.5064E-01  0.5287E-01  0.5521E-01  0.5766E-01  0.6024E-01  0.6294E-01
  0.6577E-01  0.6874E-01  0.7185E-01  0.7512E-01  0.7855E-01  0.8215E-01
  0.8592E-01  0.8989E-01  0.9405E-01  0.9842E-01  0.1030E+00  0.1078E+00
  0.1129E+00  0.1182E+00  0.1238E+00  0.1297E+00  0.1359E+00  0.1425E+00
  0.1493E+00  0.1566E+00  0.1643E+00  0.1724E+00  0.1810E+00  0.1902E+00
  0.1999E+00  0.2102E+00  0.2213E+00  0.2331E+00  0.2458E+00  0.2594E+00
  0.2742E+00  0.2903E+00  0.3078E+00  0.3270E+00  0.3482E+00  0.3718E+00
  0.3982E+00  0.4280E+00  0.4621E+00  0.5014E+00  0.5475E+00  0.6011E+00
  0.6586E+00  0.7056E+00  0.7230E+00  0.6981E+00  0.6253E+00  0.4902E+00
  0.6059E-01
