  0.4440E+01  0.4439E+01  0.4439E+01  0.4438E+01  0.4437E+01  0.4436E+01
  0.4436E+01  0.4435E+01  0.4434E+01  0.4433E+01  0.4431E+01  0.4430E+01
  0.4429E+01  0.4428E+01  0.4426E+01  0.4425E+01  0.4423E+01  0.4421E+01
  0.4419E+01  0.4417E+01  0.4415E+01  0.4413E+01  0.4411E+01  0.4408E+01
  0.4406E+01  0.4403E+01  0.4400E+01  0.4397E+01  0.4394E+01  0.4390E+01
  0.4387E+01  0.4383E+01  0.4379E+01  0.4375E+01  0.4371E+01  0.4367E+01
  0.4362E+01  0.4357E+01  0.4353E+01  0.4348E+01  0.4343E+01  0.4338E+01
  0.4333E+01  0.4328E+01  0.4323E+01  0.4318E+01  0.4313E+01  0.4308E+01
  0.4303E+01  0.4299E+01  0.4295E+01  0.4291E+01  0.4288E+01  0.4285E+01
  0.4283E+01  0.4282E+01  0.4281E+01  0.4282E+01  0.4285E+01  0.4289E+01
  0.4295E+01  0.4304E+01  0.4316E+01  0.4333E+01  0.4359E+01  0.4406E+01
  0.4514E+01  0.4667E+01  0.4763E+01  0.4780E+01  0.2272E+01  0.4440E+01
  0.4439E+01  0.4439E+01  0.4438E+01  0.4437E+01  0.4437E+01  0.4436E+01
  0.4435E+01  0.4434E+01  0.4433E+01  0.4432E+01  0.4431E+01  0.4429E+01
  0.4428E+01  0.4427E+01  0.4425E+01  0.4424E+01  0.4422E+01  0.4420E+01
  0.4419E+01  0.4417E+01  0.4414E+01  0.4412E+01  0.4410E+01  0.4408E+01
  0.4405E+01  0.4402E+01  0.4399E+01  0.4396E+01  0.4393E+01  0.4390E+01
  0.4387E+01  0.4383E+01  0.4379E+01  0.4376E+01  0.4372E+01  0.4368E+01
  0.4364E+01  0.4359E+01  0.4355E+01  0.4351E+01  0.4347E+01  0.4342E+01
  0.4338E+01  0.4334E+01  0.4330E+01  0.4326E+01  0.4322E+01  0.4319E+01
  0.4316E+01  0.4313E+01  0.4311E+01  0.4310E+01  0.4309E+01  0.4310E+01
  0.4311E+01  0.4314E+01  0.4318E+01  0.4324E+01  0.4332E+01  0.4343E+01
  0.4357E+01  0.4375E+01  0.4399E+01  0.4438E+01  0.4520E+01  0.4657E+01
  0.4780E+01  0.4811E+01  0.4777E+01  0.4808E+01  0.4440E+01  0.4439E+01
  0.4439E+01  0.4438E+01  0.4437E+01  0.4437E+01  0.4436E+01  0.4435E+01
  0.4434E+01  0.4433E+01  0.4432E+01  0.4431E+01  0.4429E+01  0.4428E+01
  0.4427E+01  0.4425E+01  0.4424E+01  0.4422E+01  0.4420E+01  0.4418E+01
  0.4417E+01  0.4414E+01  0.4412E+01  0.4410E+01  0.4408E+01  0.4405E+01
  0.4402E+01  0.4400E+01  0.4397E+01  0.4394E+01  0.4390E+01  0.4387E+01
  0.4383E+01  0.4380E+01  0.4376E+01  0.4372E+01  0.4368E+01  0.4364E+01
  0.4360E+01  0.4356E+01  0.4352E+01  0.4348E+01  0.4343E+01  0.4339E+01
  0.4335E+01  0.4331E+01  0.4328E+01  0.4324E+01  0.4321E+01  0.4318E+01
  0.4316E+01  0.4314E+01  0.4313E+01  0.4313E+01  0.4313E+01  0.4315E+01
  0.4318E+01  0.4323E+01  0.4329E+01  0.4338E+01  0.4349E+01  0.4363E+01
  0.4382E+01  0.4410E+01  0.4463E+01  0.4574E+01  0.4718E+01  0.4813E+01
  0.4794E+01  0.4743E+01  0.2826E+01  0.4440E+01  0.4439E+01  0.4439E+01
  0.4438E+01  0.4437E+01  0.4437E+01  0.4436E+01  0.4435E+01  0.4434E+01
  0.4433E+01  0.4432E+01  0.4431E+01  0.4429E+01  0.4428E+01  0.4427E+01
  0.4425E+01  0.4424E+01  0.4422E+01  0.4420E+01  0.4418E+01  0.4416E+01
  0.4414E+01  0.4412E+01  0.4410E+01  0.4407E+01  0.4405E+01  0.4402E+01
  0.4399E+01  0.4396E+01  0.4393E+01  0.4390E+01  0.4387E+01  0.4383E+01
  0.4379E+01  0.4376E+01  0.4372E+01  0.4368E+01  0.4364E+01  0.4360E+01
  0.4355E+01  0.4351E+01  0.4347E+01  0.4343E+01  0.4339E+01  0.4335E+01
  0.4331E+01  0.4327E+01  0.4323E+01  0.4320E+01  0.4317E+01  0.4315E+01
  0.4313E+01  0.4312E+01  0.4312E+01  0.4312E+01  0.4314E+01  0.4317E+01
  0.4321E+01  0.4327E+01  0.4336E+01  0.4347E+01  0.4361E+01  0.4380E+01
  0.4411E+01  0.4480E+01  0.4605E+01  0.4740E+01  0.4810E+01  0.4771E+01
  0.4717E+01  0.2381E+01  0.4440E+01  0.4439E+01  0.4439E+01  0.4438E+01
  0.4437E+01  0.4437E+01  0.4436E+01  0.4435E+01  0.4434E+01  0.4433E+01
  0.4432E+01  0.4431E+01  0.4429E+01  0.4428E+01  0.4427E+01  0.4425E+01
  0.4423E+01  0.4422E+01  0.4420E+01  0.4418E+01  0.4416E+01  0.4414E+01
  0.4412E+01  0.4409E+01  0.4407E+01  0.4404E+01  0.4402E+01  0.4399E+01
  0.4396E+01  0.4393E+01  0.4389E+01  0.4386E+01  0.4382E+01  0.4379E+01
  0.4375E+01  0.4371E+01  0.4367E+01  0.4363E+01  0.4359E+01  0.4355E+01
  0.4350E+01  0.4346E+01  0.4342E+01  0.4338E+01  0.4334E+01  0.4330E+01
  0.4326E+01  0.4322E+01  0.4319E+01  0.4316E+01  0.4314E+01  0.4312E+01
  0.4311E+01  0.4310E+01  0.4311E+01  0.4312E+01  0.4315E+01  0.4319E+01
  0.4326E+01  0.4334E+01  0.4345E+01  0.4359E+01  0.4378E+01  0.4414E+01
  0.4492E+01  0.4621E+01  0.4749E+01  0.4807E+01  0.4759E+01  0.4706E+01
  0.2251E+01  0.4440E+01  0.4439E+01  0.4439E+01  0.4438E+01  0.4437E+01
  0.4437E+01  0.4436E+01  0.4435E+01  0.4434E+01  0.4433E+01  0.4432E+01
  0.4431E+01  0.4429E+01  0.4428E+01  0.4427E+01  0.4425E+01  0.4423E+01
  0.4422E+01  0.4420E+01  0.4418E+01  0.4416E+01  0.4414E+01  0.4412E+01
  0.4409E+01  0.4407E+01  0.4404E+01  0.4402E+01  0.4399E+01  0.4396E+01
  0.4392E+01  0.4389E+01  0.4386E+01  0.4382E+01  0.4378E+01  0.4375E+01
  0.4371E+01  0.4367E+01  0.4362E+01  0.4358E+01  0.4354E+01  0.4350E+01
  0.4345E+01  0.4341E+01  0.4337E+01  0.4332E+01  0.4328E+01  0.4324E+01
  0.4321E+01  0.4317E+01  0.4314E+01  0.4312E+01  0.4310E+01  0.4309E+01
  0.4308E+01  0.4308E+01  0.4310E+01  0.4313E+01  0.4317E+01  0.4323E+01
  0.4331E+01  0.4342E+01  0.4356E+01  0.4376E+01  0.4414E+01  0.4498E+01
  0.4629E+01  0.4752E+01  0.4804E+01  0.4753E+01  0.4700E+01  0.2194E+01
  0.4440E+01  0.4439E+01  0.4439E+01  0.4438E+01  0.4437E+01  0.4437E+01
  0.4436E+01  0.4435E+01  0.4434E+01  0.4433E+01  0.4432E+01  0.4431E+01
  0.4429E+01  0.4428E+01  0.4427E+01  0.4425E+01  0.4423E+01  0.4422E+01
  0.4420E+01  0.4418E+01  0.4416E+01  0.4414E+01  0.4412E+01  0.4409E+01
  0.4407E+01  0.4404E+01  0.4401E+01  0.4399E+01  0.4396E+01  0.4392E+01
  0.4389E+01  0.4386E+01  0.4382E+01  0.4378E+01  0.4374E+01  0.4370E+01
  0.4366E+01  0.4362E+01  0.4358E+01  0.4353E+01  0.4349E+01  0.4345E+01
  0.4340E+01  0.4336E+01  0.4332E+01  0.4327E+01  0.4323E+01  0.4320E+01
  0.4316E+01  0.4313E+01  0.4310E+01  0.4308E+01  0.4307E+01  0.4306E+01
  0.4306E+01  0.4308E+01  0.4310E+01  0.4314E+01  0.4320E+01  0.4328E+01
  0.4338E+01  0.4352E+01  0.4373E+01  0.4413E+01  0.4501E+01  0.4633E+01
  0.4753E+01  0.4800E+01  0.4747E+01  0.4694E+01  0.2211E+01  0.4440E+01
  0.4439E+01  0.4439E+01  0.4438E+01  0.4437E+01  0.4437E+01  0.4436E+01
  0.4435E+01  0.4434E+01  0.4433E+01  0.4432E+01  0.4431E+01  0.4429E+01
  0.4428E+01  0.4427E+01  0.4425E+01  0.4423E+01  0.4422E+01  0.4420E+01
  0.4418E+01  0.4416E+01  0.4414E+01  0.4412E+01  0.4409E+01  0.4407E+01
  0.4404E+01  0.4402E+01  0.4399E+01  0.4396E+01  0.4392E+01  0.4389E+01
  0.4386E+01  0.4382E+01  0.4378E+01  0.4374E+01  0.4370E+01  0.4366E+01
  0.4362E+01  0.4358E+01  0.4353E+01  0.4349E+01  0.4344E+01  0.4340E+01
  0.4336E+01  0.4331E+01  0.4327E+01  0.4323E+01  0.4319E+01  0.4316E+01
  0.4312E+01  0.4310E+01  0.4307E+01  0.4306E+01  0.4305E+01  0.4305E+01
  0.4306E+01  0.4308E+01  0.4312E+01  0.4318E+01  0.4325E+01  0.4335E+01
  0.4349E+01  0.4370E+01  0.4411E+01  0.4500E+01  0.4633E+01  0.4751E+01
  0.4795E+01  0.4740E+01  0.4687E+01  0.2192E+01  0.4440E+01  0.4439E+01
  0.4439E+01  0.4438E+01  0.4437E+01  0.4437E+01  0.4436E+01  0.4435E+01
  0.4434E+01  0.4433E+01  0.4432E+01  0.4431E+01  0.4429E+01  0.4428E+01
  0.4427E+01  0.4425E+01  0.4423E+01  0.4422E+01  0.4420E+01  0.4418E+01
  0.4416E+01  0.4414E+01  0.4412E+01  0.4409E+01  0.4407E+01  0.4404E+01
  0.4402E+01  0.4399E+01  0.4396E+01  0.4392E+01  0.4389E+01  0.4386E+01
  0.4382E+01  0.4378E+01  0.4374E+01  0.4370E+01  0.4366E+01  0.4362E+01
  0.4358E+01  0.4353E+01  0.4349E+01  0.4344E+01  0.4340E+01  0.4335E+01
  0.4331E+01  0.4327E+01  0.4323E+01  0.4319E+01  0.4315E+01  0.4312E+01
  0.4309E+01  0.4307E+01  0.4305E+01  0.4304E+01  0.4304E+01  0.4305E+01
  0.4308E+01  0.4311E+01  0.4317E+01  0.4324E+01  0.4334E+01  0.4347E+01
  0.4368E+01  0.4409E+01  0.4498E+01  0.4631E+01  0.4748E+01  0.4792E+01
  0.4736E+01  0.4683E+01  0.2181E+01  0.4440E+01  0.4439E+01  0.4439E+01
  0.4438E+01  0.4437E+01  0.4437E+01  0.4436E+01  0.4435E+01  0.4434E+01
  0.4433E+01  0.4432E+01  0.4431E+01  0.4429E+01  0.4428E+01  0.4427E+01
  0.4425E+01  0.4423E+01  0.4422E+01  0.4420E+01  0.4418E+01  0.4416E+01
  0.4414E+01  0.4412E+01  0.4409E+01  0.4407E+01  0.4404E+01  0.4402E+01
  0.4399E+01  0.4396E+01  0.4392E+01  0.4389E+01  0.4386E+01  0.4382E+01
  0.4378E+01  0.4374E+01  0.4370E+01  0.4366E+01  0.4362E+01  0.4358E+01
  0.4353E+01  0.4349E+01  0.4344E+01  0.4340E+01  0.4335E+01  0.4331E+01
  0.4327E+01  0.4323E+01  0.4319E+01  0.4315E+01  0.4312E+01  0.4309E+01
  0.4307E+01  0.4305E+01  0.4304E+01  0.4304E+01  0.4305E+01  0.4307E+01
  0.4311E+01  0.4316E+01  0.4324E+01  0.4334E+01  0.4347E+01  0.4367E+01
  0.4408E+01  0.4497E+01  0.4630E+01  0.4747E+01  0.4790E+01  0.4735E+01
  0.4681E+01  0.2179E+01  0.4440E+01  0.4439E+01  0.4439E+01  0.4438E+01
  0.4437E+01  0.4437E+01  0.4436E+01  0.4435E+01  0.4434E+01  0.4433E+01
  0.4432E+01  0.4431E+01  0.4429E+01  0.4428E+01  0.4427E+01  0.4425E+01
  0.4423E+01  0.4422E+01  0.4420E+01  0.4418E+01  0.4416E+01  0.4414E+01
  0.4412E+01  0.4409E+01  0.4407E+01  0.4404E+01  0.4402E+01  0.4399E+01
  0.4396E+01  0.4392E+01  0.4389E+01  0.4386E+01  0.4382E+01  0.4378E+01
  0.4374E+01  0.4370E+01  0.4366E+01  0.4362E+01  0.4358E+01  0.4353E+01
  0.4349E+01  0.4344E+01  0.4340E+01  0.4336E+01  0.4331E+01  0.4327E+01
  0.4323E+01  0.4319E+01  0.4315E+01  0.4312E+01  0.4309E+01  0.4307E+01
  0.4305E+01  0.4304E+01  0.4304E+01  0.4305E+01  0.4307E+01  0.4311E+01
  0.4316E+01  0.4324E+01  0.4334E+01  0.4347E+01  0.4367E+01  0.4408E+01
  0.4497E+01  0.4629E+01  0.4746E+01  0.4790E+01  0.4734E+01  0.4681E+01
  0.2185E+01  0.4440E+01  0.4439E+01  0.4439E+01  0.4438E+01  0.4437E+01
  0.4437E+01  0.4436E+01  0.4435E+01  0.4434E+01  0.4433E+01  0.4432E+01
  0.4431E+01  0.4429E+01  0.4428E+01  0.4427E+01  0.4425E+01  0.4423E+01
  0.4422E+01  0.4420E+01  0.4418E+01  0.4416E+01  0.4414E+01  0.4412E+01
  0.4409E+01  0.4407E+01  0.4404E+01  0.4402E+01  0.4399E+01  0.4396E+01
  0.4392E+01  0.4389E+01  0.4386E+01  0.4382E+01  0.4378E+01  0.4374E+01
  0.4370E+01  0.4366E+01  0.4362E+01  0.4358E+01  0.4353E+01  0.4349E+01
  0.4344E+01  0.4340E+01  0.4336E+01  0.4331E+01  0.4327E+01  0.4323E+01
  0.4319E+01  0.4315E+01  0.4312E+01  0.4309E+01  0.4307E+01  0.4305E+01
  0.4304E+01  0.4304E+01  0.4305E+01  0.4307E+01  0.4311E+01  0.4316E+01
  0.4324E+01  0.4333E+01  0.4347E+01  0.4367E+01  0.4408E+01  0.4497E+01
  0.4629E+01  0.4746E+01  0.4790E+01  0.4734E+01  0.4680E+01  0.2187E+01
  0.4440E+01  0.4439E+01  0.4439E+01  0.4438E+01  0.4437E+01  0.4437E+01
  0.4436E+01  0.4435E+01  0.4434E+01  0.4433E+01  0.4432E+01  0.4431E+01
  0.4429E+01  0.4428E+01  0.4427E+01  0.4425E+01  0.4423E+01  0.4422E+01
  0.4420E+01  0.4418E+01  0.4416E+01  0.4414E+01  0.4412E+01  0.4409E+01
  0.4407E+01  0.4404E+01  0.4402E+01  0.4399E+01  0.4396E+01  0.4392E+01
  0.4389E+01  0.4386E+01  0.4382E+01  0.4378E+01  0.4374E+01  0.4370E+01
  0.4366E+01  0.4362E+01  0.4358E+01  0.4353E+01  0.4349E+01  0.4344E+01
  0.4340E+01  0.4336E+01  0.4331E+01  0.4327E+01  0.4323E+01  0.4319E+01
  0.4315E+01  0.4312E+01  0.4309E+01  0.4307E+01  0.4305E+01  0.4304E+01
  0.4304E+01  0.4305E+01  0.4307E+01  0.4311E+01  0.4316E+01  0.4324E+01
  0.4333E+01  0.4347E+01  0.4367E+01  0.4408E+01  0.4496E+01  0.4629E+01
  0.4746E+01  0.4789E+01  0.4733E+01  0.4680E+01  0.2184E+01  0.4440E+01
  0.4439E+01  0.4439E+01  0.4438E+01  0.4437E+01  0.4437E+01  0.4436E+01
  0.4435E+01  0.4434E+01  0.4433E+01  0.4432E+01  0.4431E+01  0.4429E+01
  0.4428E+01  0.4427E+01  0.4425E+01  0.4423E+01  0.4422E+01  0.4420E+01
  0.4418E+01  0.4416E+01  0.4414E+01  0.4412E+01  0.4409E+01  0.4407E+01
  0.4404E+01  0.4402E+01  0.4399E+01  0.4396E+01  0.4392E+01  0.4389E+01
  0.4386E+01  0.4382E+01  0.4378E+01  0.4374E+01  0.4370E+01  0.4366E+01
  0.4362E+01  0.4358E+01  0.4353E+01  0.4349E+01  0.4344E+01  0.4340E+01
  0.4336E+01  0.4331E+01  0.4327E+01  0.4323E+01  0.4319E+01  0.4315E+01
  0.4312E+01  0.4309E+01  0.4307E+01  0.4305E+01  0.4304E+01  0.4304E+01
  0.4305E+01  0.4307E+01  0.4311E+01  0.4316E+01  0.4324E+01  0.4333E+01
  0.4347E+01  0.4367E+01  0.4407E+01  0.4496E+01  0.4628E+01  0.4745E+01
  0.4789E+01  0.4733E+01  0.4680E+01  0.2183E+01  0.4440E+01  0.4439E+01
  0.4439E+01  0.4438E+01  0.4437E+01  0.4437E+01  0.4436E+01  0.4435E+01
  0.4434E+01  0.4433E+01  0.4432E+01  0.4431E+01  0.4429E+01  0.4428E+01
  0.4427E+01  0.4425E+01  0.4423E+01  0.4422E+01  0.4420E+01  0.4418E+01
  0.4416E+01  0.4414E+01  0.4412E+01  0.4409E+01  0.4407E+01  0.4404E+01
  0.4402E+01  0.4399E+01  0.4396E+01  0.4392E+01  0.4389E+01  0.4386E+01
  0.4382E+01  0.4378E+01  0.4374E+01  0.4370E+01  0.4366E+01  0.4362E+01
  0.4358E+01  0.4353E+01  0.4349E+01  0.4344E+01  0.4340E+01  0.4336E+01
  0.4331E+01  0.4327E+01  0.4323E+01  0.4319E+01  0.4315E+01  0.4312E+01
  0.4309E+01  0.4307E+01  0.4305E+01  0.4304E+01  0.4304E+01  0.4305E+01
  0.4307E+01  0.4311E+01  0.4316E+01  0.4324E+01  0.4334E+01  0.4347E+01
  0.4367E+01  0.4408E+01  0.4496E+01  0.4628E+01  0.4746E+01  0.4789E+01
  0.4734E+01  0.4680E+01  0.2184E+01  0.4440E+01  0.4439E+01  0.4439E+01
  0.4438E+01  0.4437E+01  0.4437E+01  0.4436E+01  0.4435E+01  0.4434E+01
  0.4433E+01  0.4432E+01  0.4431E+01  0.4429E+01  0.4428E+01  0.4427E+01
  0.4425E+01  0.4423E+01  0.4422E+01  0.4420E+01  0.4418E+01  0.4416E+01
  0.4414E+01  0.4412E+01  0.4409E+01  0.4407E+01  0.4404E+01  0.4402E+01
  0.4399E+01  0.4396E+01  0.4392E+01  0.4389E+01  0.4386E+01  0.4382E+01
  0.4378E+01  0.4374E+01  0.4370E+01  0.4366E+01  0.4362E+01  0.4358E+01
  0.4353E+01  0.4349E+01  0.4344E+01  0.4340E+01  0.4336E+01  0.4331E+01
  0.4327E+01  0.4323E+01  0.4319E+01  0.4315E+01  0.4312E+01  0.4309E+01
  0.4307E+01  0.4305E+01  0.4304E+01  0.4304E+01  0.4305E+01  0.4307E+01
  0.4311E+01  0.4316E+01  0.4324E+01  0.4334E+01  0.4347E+01  0.4367E+01
  0.4408E+01  0.4496E+01  0.4628E+01  0.4746E+01  0.4789E+01  0.4734E+01
  0.4680E+01  0.2184E+01  0.4440E+01  0.4439E+01  0.4439E+01  0.4438E+01
  0.4437E+01  0.4437E+01  0.4436E+01  0.4435E+01  0.4434E+01  0.4433E+01
  0.4432E+01  0.4431E+01  0.4429E+01  0.4428E+01  0.4427E+01  0.4425E+01
  0.4423E+01  0.4422E+01  0.4420E+01  0.4418E+01  0.4416E+01  0.4414E+01
  0.4412E+01  0.4409E+01  0.4407E+01  0.4404E+01  0.4402E+01  0.4399E+01
  0.4396E+01  0.4392E+01  0.4389E+01  0.4386E+01  0.4382E+01  0.4378E+01
  0.4374E+01  0.4370E+01  0.4366E+01  0.4362E+01  0.4358E+01  0.4353E+01
  0.4349E+01  0.4344E+01  0.4340E+01  0.4336E+01  0.4331E+01  0.4327E+01
  0.4323E+01  0.4319E+01  0.4315E+01  0.4312E+01  0.4309E+01  0.4307E+01
  0.4305E+01  0.4304E+01  0.4304E+01  0.4305E+01  0.4307E+01  0.4311E+01
  0.4316E+01  0.4324E+01  0.4334E+01  0.4347E+01  0.4367E+01  0.4408E+01
  0.4496E+01  0.4629E+01  0.4746E+01  0.4790E+01  0.4734E+01  0.4680E+01
  0.2184E+01  0.4440E+01  0.4439E+01  0.4439E+01  0.4438E+01  0.4437E+01
  0.4437E+01  0.4436E+01  0.4435E+01  0.4434E+01  0.4433E+01  0.4432E+01
  0.4431E+01  0.4429E+01  0.4428E+01  0.4427E+01  0.4425E+01  0.4423E+01
  0.4422E+01  0.4420E+01  0.4418E+01  0.4416E+01  0.4414E+01  0.4412E+01
  0.4409E+01  0.4407E+01  0.4404E+01  0.4402E+01  0.4399E+01  0.4396E+01
  0.4392E+01  0.4389E+01  0.4386E+01  0.4382E+01  0.4378E+01  0.4374E+01
  0.4370E+01  0.4366E+01  0.4362E+01  0.4358E+01  0.4353E+01  0.4349E+01
  0.4344E+01  0.4340E+01  0.4336E+01  0.4331E+01  0.4327E+01  0.4323E+01
  0.4319E+01  0.4315E+01  0.4312E+01  0.4309E+01  0.4307E+01  0.4305E+01
  0.4304E+01  0.4304E+01  0.4305E+01  0.4307E+01  0.4311E+01  0.4316E+01
  0.4324E+01  0.4334E+01  0.4347E+01  0.4367E+01  0.4408E+01  0.4496E+01
  0.4629E+01  0.4746E+01  0.4790E+01  0.4734E+01  0.4680E+01  0.2183E+01
  0.4440E+01  0.4439E+01  0.4439E+01  0.4438E+01  0.4437E+01  0.4437E+01
  0.4436E+01  0.4435E+01  0.4434E+01  0.4433E+01  0.4432E+01  0.4431E+01
  0.4429E+01  0.4428E+01  0.4427E+01  0.4425E+01  0.4423E+01  0.4422E+01
  0.4420E+01  0.4418E+01  0.4416E+01  0.4414E+01  0.4412E+01  0.4409E+01
  0.4407E+01  0.4404E+01  0.4402E+01  0.4399E+01  0.4396E+01  0.4392E+01
  0.4389E+01  0.4386E+01  0.4382E+01  0.4378E+01  0.4374E+01  0.4370E+01
  0.4366E+01  0.4362E+01  0.4358E+01  0.4353E+01  0.4349E+01  0.4344E+01
  0.4340E+01  0.4336E+01  0.4331E+01  0.4327E+01  0.4323E+01  0.4319E+01
  0.4315E+01  0.4312E+01  0.4309E+01  0.4307E+01  0.4305E+01  0.4304E+01
  0.4304E+01  0.4305E+01  0.4307E+01  0.4311E+01  0.4316E+01  0.4324E+01
  0.4334E+01  0.4347E+01  0.4367E+01  0.4408E+01  0.4496E+01  0.4629E+01
  0.4746E+01  0.4790E+01  0.4734E+01  0.4680E+01  0.2183E+01  0.4440E+01
  0.4439E+01  0.4439E+01  0.4438E+01  0.4437E+01  0.4437E+01  0.4436E+01
  0.4435E+01  0.4434E+01  0.4433E+01  0.4432E+01  0.4431E+01  0.4429E+01
  0.4428E+01  0.4427E+01  0.4425E+01  0.4423E+01  0.4422E+01  0.4420E+01
  0.4418E+01  0.4416E+01  0.4414E+01  0.4412E+01  0.4409E+01  0.4407E+01
  0.4404E+01  0.4402E+01  0.4399E+01  0.4396E+01  0.4392E+01  0.4389E+01
  0.4386E+01  0.4382E+01  0.4378E+01  0.4374E+01  0.4370E+01  0.4366E+01
  0.4362E+01  0.4358E+01  0.4353E+01  0.4349E+01  0.4344E+01  0.4340E+01
  0.4336E+01  0.4331E+01  0.4327E+01  0.4323E+01  0.4319E+01  0.4315E+01
  0.4312E+01  0.4309E+01  0.4307E+01  0.4305E+01  0.4304E+01  0.4304E+01
  0.4305E+01  0.4307E+01  0.4311E+01  0.4316E+01  0.4324E+01  0.4334E+01
  0.4347E+01  0.4367E+01  0.4408E+01  0.4496E+01  0.4629E+01  0.4746E+01
  0.4790E+01  0.4734E+01  0.4680E+01  0.2183E+01  0.4440E+01  0.4439E+01
  0.4439E+01  0.4438E+01  0.4437E+01  0.4437E+01  0.4436E+01  0.4435E+01
  0.4434E+01  0.4433E+01  0.4432E+01  0.4431E+01  0.4429E+01  0.4428E+01
  0.4427E+01  0.4425E+01  0.4423E+01  0.4422E+01  0.4420E+01  0.4418E+01
  0.4416E+01  0.4414E+01  0.4412E+01  0.4409E+01  0.4407E+01  0.4404E+01
  0.4402E+01  0.4399E+01  0.4396E+01  0.4392E+01  0.4389E+01  0.4386E+01
  0.4382E+01  0.4378E+01  0.4374E+01  0.4370E+01  0.4366E+01  0.4362E+01
  0.4358E+01  0.4353E+01  0.4349E+01  0.4344E+01  0.4340E+01  0.4336E+01
  0.4331E+01  0.4327E+01  0.4323E+01  0.4319E+01  0.4315E+01  0.4312E+01
  0.4309E+01  0.4307E+01  0.4305E+01  0.4304E+01  0.4304E+01  0.4305E+01
  0.4307E+01  0.4311E+01  0.4316E+01  0.4324E+01  0.4334E+01  0.4347E+01
  0.4367E+01  0.4408E+01  0.4496E+01  0.4629E+01  0.4746E+01  0.4790E+01
  0.4734E+01  0.4680E+01  0.2183E+01  0.4440E+01  0.4439E+01  0.4439E+01
  0.4438E+01  0.4437E+01  0.4437E+01  0.4436E+01  0.4435E+01  0.4434E+01
  0.4433E+01  0.4432E+01  0.4431E+01  0.4429E+01  0.4428E+01  0.4427E+01
  0.4425E+01  0.4423E+01  0.4422E+01  0.4420E+01  0.4418E+01  0.4416E+01
  0.4414E+01  0.4412E+01  0.4409E+01  0.4407E+01  0.4404E+01  0.4402E+01
  0.4399E+01  0.4396E+01  0.4392E+01  0.4389E+01  0.4386E+01  0.4382E+01
  0.4378E+01  0.4374E+01  0.4370E+01  0.4366E+01  0.4362E+01  0.4358E+01
  0.4353E+01  0.4349E+01  0.4344E+01  0.4340E+01  0.4336E+01  0.4331E+01
  0.4327E+01  0.4323E+01  0.4319E+01  0.4315E+01  0.4312E+01  0.4309E+01
  0.4307E+01  0.4305E+01  0.4304E+01  0.4304E+01  0.4305E+01  0.4307E+01
  0.4311E+01  0.4316E+01  0.4324E+01  0.4334E+01  0.4347E+01  0.4367E+01
  0.4408E+01  0.4496E+01  0.4629E+01  0.4746E+01  0.4790E+01  0.4734E+01
  0.4680E+01  0.2183E+01  0.4440E+01  0.4439E+01  0.4439E+01  0.4438E+01
  0.4437E+01  0.4437E+01  0.4436E+01  0.4435E+01  0.4434E+01  0.4433E+01
  0.4432E+01  0.4431E+01  0.4429E+01  0.4428E+01  0.4427E+01  0.4425E+01
  0.4423E+01  0.4422E+01  0.4420E+01  0.4418E+01  0.4416E+01  0.4414E+01
  0.4412E+01  0.4409E+01  0.4407E+01  0.4404E+01  0.4402E+01  0.4399E+01
  0.4396E+01  0.4392E+01  0.4389E+01  0.4386E+01  0.4382E+01  0.4378E+01
  0.4374E+01  0.4370E+01  0.4366E+01  0.4362E+01  0.4358E+01  0.4353E+01
  0.4349E+01  0.4344E+01  0.4340E+01  0.4336E+01  0.4331E+01  0.4327E+01
  0.4323E+01  0.4319E+01  0.4315E+01  0.4312E+01  0.4309E+01  0.4307E+01
  0.4305E+01  0.4304E+01  0.4304E+01  0.4305E+01  0.4307E+01  0.4311E+01
  0.4316E+01  0.4324E+01  0.4334E+01  0.4347E+01  0.4367E+01  0.4408E+01
  0.4496E+01  0.4629E+01  0.4746E+01  0.4790E+01  0.4734E+01  0.4680E+01
  0.2183E+01  0.4440E+01  0.4439E+01  0.4439E+01  0.4438E+01  0.4437E+01
  0.4437E+01  0.4436E+01  0.4435E+01  0.4434E+01  0.4433E+01  0.4432E+01
  0.4431E+01  0.4429E+01  0.4428E+01  0.4427E+01  0.4425E+01  0.4423E+01
  0.4422E+01  0.4420E+01  0.4418E+01  0.4416E+01  0.4414E+01  0.4412E+01
  0.4409E+01  0.4407E+01  0.4404E+01  0.4402E+01  0.4399E+01  0.4396E+01
  0.4392E+01  0.4389E+01  0.4386E+01  0.4382E+01  0.4378E+01  0.4374E+01
  0.4370E+01  0.4366E+01  0.4362E+01  0.4358E+01  0.4353E+01  0.4349E+01
  0.4344E+01  0.4340E+01  0.4336E+01  0.4331E+01  0.4327E+01  0.4323E+01
  0.4319E+01  0.4315E+01  0.4312E+01  0.4309E+01  0.4307E+01  0.4305E+01
  0.4304E+01  0.4304E+01  0.4305E+01  0.4307E+01  0.4311E+01  0.4316E+01
  0.4324E+01  0.4334E+01  0.4347E+01  0.4367E+01  0.4408E+01  0.4496E+01
  0.4629E+01  0.4746E+01  0.4790E+01  0.4734E+01  0.4680E+01  0.2183E+01
  0.4440E+01  0.4439E+01  0.4439E+01  0.4438E+01  0.4437E+01  0.4437E+01
  0.4436E+01  0.4435E+01  0.4434E+01  0.4433E+01  0.4432E+01  0.4431E+01
  0.4429E+01  0.4428E+01  0.4427E+01  0.4425E+01  0.4423E+01  0.4422E+01
  0.4420E+01  0.4418E+01  0.4416E+01  0.4414E+01  0.4412E+01  0.4409E+01
  0.4407E+01  0.4404E+01  0.4402E+01  0.4399E+01  0.4396E+01  0.4392E+01
  0.4389E+01  0.4386E+01  0.4382E+01  0.4378E+01  0.4374E+01  0.4370E+01
  0.4366E+01  0.4362E+01  0.4358E+01  0.4353E+01  0.4349E+01  0.4344E+01
  0.4340E+01  0.4336E+01  0.4331E+01  0.4327E+01  0.4323E+01  0.4319E+01
  0.4315E+01  0.4312E+01  0.4309E+01  0.4307E+01  0.4305E+01  0.4304E+01
  0.4304E+01  0.4305E+01  0.4307E+01  0.4311E+01  0.4316E+01  0.4324E+01
  0.4334E+01  0.4347E+01  0.4367E+01  0.4408E+01  0.4496E+01  0.4629E+01
  0.4746E+01  0.4790E+01  0.4734E+01  0.4680E+01  0.2183E+01  0.4440E+01
  0.4439E+01  0.4439E+01  0.4438E+01  0.4437E+01  0.4437E+01  0.4436E+01
  0.4435E+01  0.4434E+01  0.4433E+01  0.4432E+01  0.4431E+01  0.4429E+01
  0.4428E+01  0.4427E+01  0.4425E+01  0.4423E+01  0.4422E+01  0.4420E+01
  0.4418E+01  0.4416E+01  0.4414E+01  0.4412E+01  0.4409E+01  0.4407E+01
  0.4404E+01  0.4402E+01  0.4399E+01  0.4396E+01  0.4392E+01  0.4389E+01
  0.4386E+01  0.4382E+01  0.4378E+01  0.4374E+01  0.4370E+01  0.4366E+01
  0.4362E+01  0.4358E+01  0.4353E+01  0.4349E+01  0.4344E+01  0.4340E+01
  0.4336E+01  0.4331E+01  0.4327E+01  0.4323E+01  0.4319E+01  0.4315E+01
  0.4312E+01  0.4309E+01  0.4307E+01  0.4305E+01  0.4304E+01  0.4304E+01
  0.4305E+01  0.4307E+01  0.4311E+01  0.4316E+01  0.4324E+01  0.4334E+01
  0.4347E+01  0.4367E+01  0.4408E+01  0.4496E+01  0.4629E+01  0.4746E+01
  0.4790E+01  0.4734E+01  0.4680E+01  0.2183E+01  0.4440E+01  0.4439E+01
  0.4439E+01  0.4438E+01  0.4437E+01  0.4437E+01  0.4436E+01  0.4435E+01
  0.4434E+01  0.4433E+01  0.4432E+01  0.4431E+01  0.4429E+01  0.4428E+01
  0.4427E+01  0.4425E+01  0.4423E+01  0.4422E+01  0.4420E+01  0.4418E+01
  0.4416E+01  0.4414E+01  0.4412E+01  0.4409E+01  0.4407E+01  0.4404E+01
  0.4402E+01  0.4399E+01  0.4396E+01  0.4392E+01  0.4389E+01  0.4386E+01
  0.4382E+01  0.4378E+01  0.4374E+01  0.4370E+01  0.4366E+01  0.4362E+01
  0.4358E+01  0.4353E+01  0.4349E+01  0.4344E+01  0.4340E+01  0.4336E+01
  0.4331E+01  0.4327E+01  0.4323E+01  0.4319E+01  0.4315E+01  0.4312E+01
  0.4309E+01  0.4307E+01  0.4305E+01  0.4304E+01  0.4304E+01  0.4305E+01
  0.4307E+01  0.4311E+01  0.4316E+01  0.4324E+01  0.4334E+01  0.4347E+01
  0.4367E+01  0.4408E+01  0.4496E+01  0.4629E+01  0.4746E+01  0.4790E+01
  0.4734E+01  0.4680E+01  0.2183E+01  0.4440E+01  0.4439E+01  0.4439E+01
  0.4438E+01  0.4437E+01  0.4437E+01  0.4436E+01  0.4435E+01  0.4434E+01
  0.4433E+01  0.4432E+01  0.4431E+01  0.4429E+01  0.4428E+01  0.4427E+01
  0.4425E+01  0.4423E+01  0.4422E+01  0.4420E+01  0.4418E+01  0.4416E+01
  0.4414E+01  0.4412E+01  0.4409E+01  0.4407E+01  0.4404E+01  0.4402E+01
  0.4399E+01  0.4396E+01  0.4392E+01  0.4389E+01  0.4386E+01  0.4382E+01
  0.4378E+01  0.4374E+01  0.4370E+01  0.4366E+01  0.4362E+01  0.4358E+01
  0.4353E+01  0.4349E+01  0.4344E+01  0.4340E+01  0.4336E+01  0.4331E+01
  0.4327E+01  0.4323E+01  0.4319E+01  0.4315E+01  0.4312E+01  0.4309E+01
  0.4307E+01  0.4305E+01  0.4304E+01  0.4304E+01  0.4305E+01  0.4307E+01
  0.4311E+01  0.4316E+01  0.4324E+01  0.4334E+01  0.4347E+01  0.4367E+01
  0.4408E+01  0.4496E+01  0.4629E+01  0.4746E+01  0.4790E+01  0.4734E+01
  0.4680E+01  0.2183E+01  0.4440E+01  0.4439E+01  0.4439E+01  0.4438E+01
  0.4437E+01  0.4437E+01  0.4436E+01  0.4435E+01  0.4434E+01  0.4433E+01
  0.4432E+01  0.4431E+01  0.4429E+01  0.4428E+01  0.4427E+01  0.4425E+01
  0.4423E+01  0.4422E+01  0.4420E+01  0.4418E+01  0.4416E+01  0.4414E+01
  0.4412E+01  0.4409E+01  0.4407E+01  0.4404E+01  0.4402E+01  0.4399E+01
  0.4396E+01  0.4392E+01  0.4389E+01  0.4386E+01  0.4382E+01  0.4378E+01
  0.4374E+01  0.4370E+01  0.4366E+01  0.4362E+01  0.4358E+01  0.4353E+01
  0.4349E+01  0.4344E+01  0.4340E+01  0.4336E+01  0.4331E+01  0.4327E+01
  0.4323E+01  0.4319E+01  0.4315E+01  0.4312E+01  0.4309E+01  0.4307E+01
  0.4305E+01  0.4304E+01  0.4304E+01  0.4305E+01  0.4307E+01  0.4311E+01
  0.4316E+01  0.4324E+01  0.4334E+01  0.4347E+01  0.4367E+01  0.4408E+01
  0.4496E+01  0.4629E+01  0.4746E+01  0.4790E+01  0.4734E+01  0.4680E+01
  0.2183E+01  0.4440E+01  0.4439E+01  0.4439E+01  0.4438E+01  0.4437E+01
  0.4437E+01  0.4436E+01  0.4435E+01  0.4434E+01  0.4433E+01  0.4432E+01
  0.4431E+01  0.4429E+01  0.4428E+01  0.4427E+01  0.4425E+01  0.4423E+01
  0.4422E+01  0.4420E+01  0.4418E+01  0.4416E+01  0.4414E+01  0.4412E+01
  0.4409E+01  0.4407E+01  0.4404E+01  0.4402E+01  0.4399E+01  0.4396E+01
  0.4392E+01  0.4389E+01  0.4386E+01  0.4382E+01  0.4378E+01  0.4374E+01
  0.4370E+01  0.4366E+01  0.4362E+01  0.4358E+01  0.4353E+01  0.4349E+01
  0.4344E+01  0.4340E+01  0.4336E+01  0.4331E+01  0.4327E+01  0.4323E+01
  0.4319E+01  0.4315E+01  0.4312E+01  0.4309E+01  0.4307E+01  0.4305E+01
  0.4304E+01  0.4304E+01  0.4305E+01  0.4307E+01  0.4311E+01  0.4316E+01
  0.4324E+01  0.4334E+01  0.4347E+01  0.4367E+01  0.4408E+01  0.4496E+01
  0.4629E+01  0.4746E+01  0.4790E+01  0.4734E+01  0.4680E+01  0.2183E+01
  0.4440E+01  0.4439E+01  0.4439E+01  0.4438E+01  0.4437E+01  0.4437E+01
  0.4436E+01  0.4435E+01  0.4434E+01  0.4433E+01  0.4432E+01  0.4431E+01
  0.4429E+01  0.4428E+01  0.4427E+01  0.4425E+01  0.4423E+01  0.4422E+01
  0.4420E+01  0.4418E+01  0.4416E+01  0.4414E+01  0.4412E+01  0.4409E+01
  0.4407E+01  0.4404E+01  0.4402E+01  0.4399E+01  0.4396E+01  0.4392E+01
  0.4389E+01  0.4386E+01  0.4382E+01  0.4378E+01  0.4374E+01  0.4370E+01
  0.4366E+01  0.4362E+01  0.4358E+01  0.4353E+01  0.4349E+01  0.4344E+01
  0.4340E+01  0.4336E+01  0.4331E+01  0.4327E+01  0.4323E+01  0.4319E+01
  0.4315E+01  0.4312E+01  0.4309E+01  0.4307E+01  0.4305E+01  0.4304E+01
  0.4304E+01  0.4305E+01  0.4307E+01  0.4311E+01  0.4316E+01  0.4324E+01
  0.4334E+01  0.4347E+01  0.4367E+01  0.4408E+01  0.4496E+01  0.4629E+01
  0.4746E+01  0.4790E+01  0.4734E+01  0.4680E+01  0.2183E+01  0.4440E+01
  0.4439E+01  0.4439E+01  0.4438E+01  0.4437E+01  0.4437E+01  0.4436E+01
  0.4435E+01  0.4434E+01  0.4433E+01  0.4432E+01  0.4431E+01  0.4429E+01
  0.4428E+01  0.4427E+01  0.4425E+01  0.4423E+01  0.4422E+01  0.4420E+01
  0.4418E+01  0.4416E+01  0.4414E+01  0.4412E+01  0.4409E+01  0.4407E+01
  0.4404E+01  0.4402E+01  0.4399E+01  0.4396E+01  0.4392E+01  0.4389E+01
  0.4386E+01  0.4382E+01  0.4378E+01  0.4374E+01  0.4370E+01  0.4366E+01
  0.4362E+01  0.4358E+01  0.4353E+01  0.4349E+01  0.4344E+01  0.4340E+01
  0.4336E+01  0.4331E+01  0.4327E+01  0.4323E+01  0.4319E+01  0.4315E+01
  0.4312E+01  0.4309E+01  0.4307E+01  0.4305E+01  0.4304E+01  0.4304E+01
  0.4305E+01  0.4307E+01  0.4311E+01  0.4316E+01  0.4324E+01  0.4334E+01
  0.4347E+01  0.4367E+01  0.4408E+01  0.4496E+01  0.4629E+01  0.4746E+01
  0.4790E+01  0.4734E+01  0.4680E+01  0.2183E+01  0.4440E+01  0.4439E+01
  0.4439E+01  0.4438E+01  0.4437E+01  0.4437E+01  0.4436E+01  0.4435E+01
  0.4434E+01  0.4433E+01  0.4432E+01  0.4431E+01  0.4429E+01  0.4428E+01
  0.4427E+01  0.4425E+01  0.4423E+01  0.4422E+01  0.4420E+01  0.4418E+01
  0.4416E+01  0.4414E+01  0.4412E+01  0.4409E+01  0.4407E+01  0.4404E+01
  0.4402E+01  0.4399E+01  0.4396E+01  0.4392E+01  0.4389E+01  0.4386E+01
  0.4382E+01  0.4378E+01  0.4374E+01  0.4370E+01  0.4366E+01  0.4362E+01
  0.4358E+01  0.4353E+01  0.4349E+01  0.4344E+01  0.4340E+01  0.4336E+01
  0.4331E+01  0.4327E+01  0.4323E+01  0.4319E+01  0.4315E+01  0.4312E+01
  0.4309E+01  0.4307E+01  0.4305E+01  0.4304E+01  0.4304E+01  0.4305E+01
  0.4307E+01  0.4311E+01  0.4316E+01  0.4324E+01  0.4334E+01  0.4347E+01
  0.4367E+01  0.4408E+01  0.4496E+01  0.4629E+01  0.4746E+01  0.4790E+01
  0.4734E+01  0.4680E+01  0.2183E+01  0.4440E+01  0.4439E+01  0.4439E+01
  0.4438E+01  0.4437E+01  0.4437E+01  0.4436E+01  0.4435E+01  0.4434E+01
  0.4433E+01  0.4432E+01  0.4431E+01  0.4429E+01  0.4428E+01  0.4427E+01
  0.4425E+01  0.4423E+01  0.4422E+01  0.4420E+01  0.4418E+01  0.4416E+01
  0.4414E+01  0.4412E+01  0.4409E+01  0.4407E+01  0.4404E+01  0.4402E+01
  0.4399E+01  0.4396E+01  0.4392E+01  0.4389E+01  0.4386E+01  0.4382E+01
  0.4378E+01  0.4374E+01  0.4370E+01  0.4366E+01  0.4362E+01  0.4358E+01
  0.4353E+01  0.4349E+01  0.4344E+01  0.4340E+01  0.4336E+01  0.4331E+01
  0.4327E+01  0.4323E+01  0.4319E+01  0.4315E+01  0.4312E+01  0.4309E+01
  0.4307E+01  0.4305E+01  0.4304E+01  0.4304E+01  0.4305E+01  0.4307E+01
  0.4311E+01  0.4316E+01  0.4324E+01  0.4334E+01  0.4347E+01  0.4367E+01
  0.4408E+01  0.4496E+01  0.4629E+01  0.4746E+01  0.4790E+01  0.4734E+01
  0.4680E+01  0.2183E+01  0.4440E+01  0.4439E+01  0.4439E+01  0.4438E+01
  0.4437E+01  0.4437E+01  0.4436E+01  0.4435E+01  0.4434E+01  0.4433E+01
  0.4432E+01  0.4431E+01  0.4429E+01  0.4428E+01  0.4427E+01  0.4425E+01
  0.4423E+01  0.4422E+01  0.4420E+01  0.4418E+01  0.4416E+01  0.4414E+01
  0.4412E+01  0.4409E+01  0.4407E+01  0.4404E+01  0.4402E+01  0.4399E+01
  0.4396E+01  0.4392E+01  0.4389E+01  0.4386E+01  0.4382E+01  0.4378E+01
  0.4374E+01  0.4370E+01  0.4366E+01  0.4362E+01  0.4358E+01  0.4353E+01
  0.4349E+01  0.4344E+01  0.4340E+01  0.4336E+01  0.4331E+01  0.4327E+01
  0.4323E+01  0.4319E+01  0.4315E+01  0.4312E+01  0.4309E+01  0.4307E+01
  0.4305E+01  0.4304E+01  0.4304E+01  0.4305E+01  0.4307E+01  0.4311E+01
  0.4316E+01  0.4324E+01  0.4334E+01  0.4347E+01  0.4367E+01  0.4408E+01
  0.4496E+01  0.4629E+01  0.4746E+01  0.4790E+01  0.4734E+01  0.4680E+01
  0.2183E+01  0.4440E+01  0.4439E+01  0.4439E+01  0.4438E+01  0.4437E+01
  0.4437E+01  0.4436E+01  0.4435E+01  0.4434E+01  0.4433E+01  0.4432E+01
  0.4431E+01  0.4429E+01  0.4428E+01  0.4427E+01  0.4425E+01  0.4423E+01
  0.4422E+01  0.4420E+01  0.4418E+01  0.4416E+01  0.4414E+01  0.4412E+01
  0.4409E+01  0.4407E+01  0.4404E+01  0.4402E+01  0.4399E+01  0.4396E+01
  0.4392E+01  0.4389E+01  0.4386E+01  0.4382E+01  0.4378E+01  0.4374E+01
  0.4370E+01  0.4366E+01  0.4362E+01  0.4358E+01  0.4353E+01  0.4349E+01
  0.4344E+01  0.4340E+01  0.4336E+01  0.4331E+01  0.4327E+01  0.4323E+01
  0.4319E+01  0.4315E+01  0.4312E+01  0.4309E+01  0.4307E+01  0.4305E+01
  0.4304E+01  0.4304E+01  0.4305E+01  0.4307E+01  0.4311E+01  0.4316E+01
  0.4324E+01  0.4334E+01  0.4347E+01  0.4367E+01  0.4408E+01  0.4496E+01
  0.4629E+01  0.4746E+01  0.4790E+01  0.4734E+01  0.4680E+01  0.2183E+01
  0.4440E+01  0.4439E+01  0.4439E+01  0.4438E+01  0.4437E+01  0.4437E+01
  0.4436E+01  0.4435E+01  0.4434E+01  0.4433E+01  0.4432E+01  0.4431E+01
  0.4429E+01  0.4428E+01  0.4427E+01  0.4425E+01  0.4423E+01  0.4422E+01
  0.4420E+01  0.4418E+01  0.4416E+01  0.4414E+01  0.4412E+01  0.4409E+01
  0.4407E+01  0.4404E+01  0.4402E+01  0.4399E+01  0.4396E+01  0.4392E+01
  0.4389E+01  0.4386E+01  0.4382E+01  0.4378E+01  0.4374E+01  0.4370E+01
  0.4366E+01  0.4362E+01  0.4358E+01  0.4353E+01  0.4349E+01  0.4344E+01
  0.4340E+01  0.4336E+01  0.4331E+01  0.4327E+01  0.4323E+01  0.4319E+01
  0.4315E+01  0.4312E+01  0.4309E+01  0.4307E+01  0.4305E+01  0.4304E+01
  0.4304E+01  0.4305E+01  0.4307E+01  0.4311E+01  0.4316E+01  0.4324E+01
  0.4334E+01  0.4347E+01  0.4367E+01  0.4408E+01  0.4496E+01  0.4629E+01
  0.4746E+01  0.4790E+01  0.4734E+01  0.4680E+01  0.2183E+01  0.4440E+01
  0.4439E+01  0.4439E+01  0.4438E+01  0.4437E+01  0.4437E+01  0.4436E+01
  0.4435E+01  0.4434E+01  0.4433E+01  0.4432E+01  0.4431E+01  0.4429E+01
  0.4428E+01  0.4427E+01  0.4425E+01  0.4423E+01  0.4422E+01  0.4420E+01
  0.4418E+01  0.4416E+01  0.4414E+01  0.4412E+01  0.4409E+01  0.4407E+01
  0.4404E+01  0.4402E+01  0.4399E+01  0.4396E+01  0.4392E+01  0.4389E+01
  0.4386E+01  0.4382E+01  0.4378E+01  0.4374E+01  0.4370E+01  0.4366E+01
  0.4362E+01  0.4358E+01  0.4353E+01  0.4349E+01  0.4344E+01  0.4340E+01
  0.4336E+01  0.4331E+01  0.4327E+01  0.4323E+01  0.4319E+01  0.4315E+01
  0.4312E+01  0.4309E+01  0.4307E+01  0.4305E+01  0.4304E+01  0.4304E+01
  0.4305E+01  0.4307E+01  0.4311E+01  0.4316E+01  0.4324E+01  0.4334E+01
  0.4347E+01  0.4367E+01  0.4408E+01  0.4496E+01  0.4629E+01  0.4746E+01
  0.4790E+01  0.4734E+01  0.4680E+01  0.2183E+01  0.4440E+01  0.4439E+01
  0.4439E+01  0.4438E+01  0.4437E+01  0.4437E+01  0.4436E+01  0.4435E+01
  0.4434E+01  0.4433E+01  0.4432E+01  0.4431E+01  0.4429E+01  0.4428E+01
  0.4427E+01  0.4425E+01  0.4423E+01  0.4422E+01  0.4420E+01  0.4418E+01
  0.4416E+01  0.4414E+01  0.4412E+01  0.4409E+01  0.4407E+01  0.4404E+01
  0.4402E+01  0.4399E+01  0.4396E+01  0.4392E+01  0.4389E+01  0.4386E+01
  0.4382E+01  0.4378E+01  0.4374E+01  0.4370E+01  0.4366E+01  0.4362E+01
  0.4358E+01  0.4353E+01  0.4349E+01  0.4344E+01  0.4340E+01  0.4336E+01
  0.4331E+01  0.4327E+01  0.4323E+01  0.4319E+01  0.4315E+01  0.4312E+01
  0.4309E+01  0.4307E+01  0.4305E+01  0.4304E+01  0.4304E+01  0.4305E+01
  0.4307E+01  0.4311E+01  0.4316E+01  0.4324E+01  0.4334E+01  0.4347E+01
  0.4367E+01  0.4408E+01  0.4496E+01  0.4629E+01  0.4746E+01  0.4790E+01
  0.4734E+01  0.4680E+01  0.2183E+01  0.4440E+01  0.4439E+01  0.4439E+01
  0.4438E+01  0.4437E+01  0.4437E+01  0.4436E+01  0.4435E+01  0.4434E+01
  0.4433E+01  0.4432E+01  0.4431E+01  0.4429E+01  0.4428E+01  0.4427E+01
  0.4425E+01  0.4423E+01  0.4422E+01  0.4420E+01  0.4418E+01  0.4416E+01
  0.4414E+01  0.4412E+01  0.4409E+01  0.4407E+01  0.4404E+01  0.4402E+01
  0.4399E+01  0.4396E+01  0.4392E+01  0.4389E+01  0.4386E+01  0.4382E+01
  0.4378E+01  0.4374E+01  0.4370E+01  0.4366E+01  0.4362E+01  0.4358E+01
  0.4353E+01  0.4349E+01  0.4344E+01  0.4340E+01  0.4336E+01  0.4331E+01
  0.4327E+01  0.4323E+01  0.4319E+01  0.4315E+01  0.4312E+01  0.4309E+01
  0.4307E+01  0.4305E+01  0.4304E+01  0.4304E+01  0.4305E+01  0.4307E+01
  0.4311E+01  0.4316E+01  0.4324E+01  0.4334E+01  0.4347E+01  0.4367E+01
  0.4408E+01  0.4496E+01  0.4629E+01  0.4746E+01  0.4790E+01  0.4734E+01
  0.4680E+01  0.2183E+01  0.4440E+01  0.4439E+01  0.4439E+01  0.4438E+01
  0.4437E+01  0.4437E+01  0.4436E+01  0.4435E+01  0.4434E+01  0.4433E+01
  0.4432E+01  0.4431E+01  0.4429E+01  0.4428E+01  0.4427E+01  0.4425E+01
  0.4423E+01  0.4422E+01  0.4420E+01  0.4418E+01  0.4416E+01  0.4414E+01
  0.4412E+01  0.4409E+01  0.4407E+01  0.4404E+01  0.4402E+01  0.4399E+01
  0.4396E+01  0.4392E+01  0.4389E+01  0.4386E+01  0.4382E+01  0.4378E+01
  0.4374E+01  0.4370E+01  0.4366E+01  0.4362E+01  0.4358E+01  0.4353E+01
  0.4349E+01  0.4344E+01  0.4340E+01  0.4336E+01  0.4331E+01  0.4327E+01
  0.4323E+01  0.4319E+01  0.4315E+01  0.4312E+01  0.4309E+01  0.4307E+01
  0.4305E+01  0.4304E+01  0.4304E+01  0.4305E+01  0.4307E+01  0.4311E+01
  0.4316E+01  0.4324E+01  0.4334E+01  0.4347E+01  0.4367E+01  0.4408E+01
  0.4496E+01  0.4629E+01  0.4746E+01  0.4790E+01  0.4734E+01  0.4680E+01
  0.2183E+01  0.4440E+01  0.4439E+01  0.4439E+01  0.4438E+01  0.4437E+01
  0.4437E+01  0.4436E+01  0.4435E+01  0.4434E+01  0.4433E+01  0.4432E+01
  0.4431E+01  0.4429E+01  0.4428E+01  0.4427E+01  0.4425E+01  0.4423E+01
  0.4422E+01  0.4420E+01  0.4418E+01  0.4416E+01  0.4414E+01  0.4412E+01
  0.4409E+01  0.4407E+01  0.4404E+01  0.4402E+01  0.4399E+01  0.4396E+01
  0.4392E+01  0.4389E+01  0.4386E+01  0.4382E+01  0.4378E+01  0.4374E+01
  0.4370E+01  0.4366E+01  0.4362E+01  0.4358E+01  0.4353E+01  0.4349E+01
  0.4344E+01  0.4340E+01  0.4336E+01  0.4331E+01  0.4327E+01  0.4323E+01
  0.4319E+01  0.4315E+01  0.4312E+01  0.4309E+01  0.4307E+01  0.4305E+01
  0.4304E+01  0.4304E+01  0.4305E+01  0.4307E+01  0.4311E+01  0.4316E+01
  0.4324E+01  0.4334E+01  0.4347E+01  0.4367E+01  0.4408E+01  0.4496E+01
  0.4629E+01  0.4746E+01  0.4790E+01  0.4734E+01  0.4680E+01  0.2183E+01
  0.4440E+01  0.4439E+01  0.4439E+01  0.4438E+01  0.4437E+01  0.4437E+01
  0.4436E+01  0.4435E+01  0.4434E+01  0.4433E+01  0.4432E+01  0.4431E+01
  0.4429E+01  0.4428E+01  0.4427E+01  0.4425E+01  0.4423E+01  0.4422E+01
  0.4420E+01  0.4418E+01  0.4416E+01  0.4414E+01  0.4412E+01  0.4409E+01
  0.4407E+01  0.4404E+01  0.4402E+01  0.4399E+01  0.4396E+01  0.4392E+01
  0.4389E+01  0.4386E+01  0.4382E+01  0.4378E+01  0.4374E+01  0.4370E+01
  0.4366E+01  0.4362E+01  0.4358E+01  0.4353E+01  0.4349E+01  0.4344E+01
  0.4340E+01  0.4336E+01  0.4331E+01  0.4327E+01  0.4323E+01  0.4319E+01
  0.4315E+01  0.4312E+01  0.4309E+01  0.4307E+01  0.4305E+01  0.4304E+01
  0.4304E+01  0.4305E+01  0.4307E+01  0.4311E+01  0.4316E+01  0.4324E+01
  0.4334E+01  0.4347E+01  0.4367E+01  0.4408E+01  0.4496E+01  0.4629E+01
  0.4746E+01  0.4790E+01  0.4734E+01  0.4680E+01  0.2183E+01  0.4440E+01
  0.4439E+01  0.4439E+01  0.4438E+01  0.4437E+01  0.4437E+01  0.4436E+01
  0.4435E+01  0.4434E+01  0.4433E+01  0.4432E+01  0.4431E+01  0.4429E+01
  0.4428E+01  0.4427E+01  0.4425E+01  0.4423E+01  0.4422E+01  0.4420E+01
  0.4418E+01  0.4416E+01  0.4414E+01  0.4412E+01  0.4409E+01  0.4407E+01
  0.4404E+01  0.4402E+01  0.4399E+01  0.4396E+01  0.4392E+01  0.4389E+01
  0.4386E+01  0.4382E+01  0.4378E+01  0.4374E+01  0.4370E+01  0.4366E+01
  0.4362E+01  0.4358E+01  0.4353E+01  0.4349E+01  0.4344E+01  0.4340E+01
  0.4336E+01  0.4331E+01  0.4327E+01  0.4323E+01  0.4319E+01  0.4315E+01
  0.4312E+01  0.4309E+01  0.4307E+01  0.4305E+01  0.4304E+01  0.4304E+01
  0.4305E+01  0.4307E+01  0.4311E+01  0.4316E+01  0.4324E+01  0.4334E+01
  0.4347E+01  0.4367E+01  0.4408E+01  0.4496E+01  0.4629E+01  0.4746E+01
  0.4790E+01  0.4734E+01  0.4680E+01  0.2183E+01  0.4440E+01  0.4439E+01
  0.4439E+01  0.4438E+01  0.4437E+01  0.4437E+01  0.4436E+01  0.4435E+01
  0.4434E+01  0.4433E+01  0.4432E+01  0.4431E+01  0.4429E+01  0.4428E+01
  0.4427E+01  0.4425E+01  0.4423E+01  0.4422E+01  0.4420E+01  0.4418E+01
  0.4416E+01  0.4414E+01  0.4412E+01  0.4409E+01  0.4407E+01  0.4404E+01
  0.4402E+01  0.4399E+01  0.4396E+01  0.4392E+01  0.4389E+01  0.4386E+01
  0.4382E+01  0.4378E+01  0.4374E+01  0.4370E+01  0.4366E+01  0.4362E+01
  0.4358E+01  0.4353E+01  0.4349E+01  0.4344E+01  0.4340E+01  0.4336E+01
  0.4331E+01  0.4327E+01  0.4323E+01  0.4319E+01  0.4315E+01  0.4312E+01
  0.4309E+01  0.4307E+01  0.4305E+01  0.4304E+01  0.4304E+01  0.4305E+01
  0.4307E+01  0.4311E+01  0.4316E+01  0.4324E+01  0.4334E+01  0.4347E+01
  0.4367E+01  0.4408E+01  0.4496E+01  0.4629E+01  0.4746E+01  0.4790E+01
  0.4734E+01  0.4680E+01  0.2183E+01  0.4440E+01  0.4439E+01  0.4439E+01
  0.4438E+01  0.4437E+01  0.4437E+01  0.4436E+01  0.4435E+01  0.4434E+01
  0.4433E+01  0.4432E+01  0.4431E+01  0.4429E+01  0.4428E+01  0.4427E+01
  0.4425E+01  0.4423E+01  0.4422E+01  0.4420E+01  0.4418E+01  0.4416E+01
  0.4414E+01  0.4412E+01  0.4409E+01  0.4407E+01  0.4404E+01  0.4402E+01
  0.4399E+01  0.4396E+01  0.4392E+01  0.4389E+01  0.4386E+01  0.4382E+01
  0.4378E+01  0.4374E+01  0.4370E+01  0.4366E+01  0.4362E+01  0.4358E+01
  0.4353E+01  0.4349E+01  0.4344E+01  0.4340E+01  0.4336E+01  0.4331E+01
  0.4327E+01  0.4323E+01  0.4319E+01  0.4315E+01  0.4312E+01  0.4309E+01
  0.4307E+01  0.4305E+01  0.4304E+01  0.4304E+01  0.4305E+01  0.4307E+01
  0.4311E+01  0.4316E+01  0.4324E+01  0.4334E+01  0.4347E+01  0.4367E+01
  0.4408E+01  0.4496E+01  0.4629E+01  0.4746E+01  0.4790E+01  0.4734E+01
  0.4680E+01  0.2183E+01  0.4440E+01  0.4439E+01  0.4439E+01  0.4438E+01
  0.4437E+01  0.4437E+01  0.4436E+01  0.4435E+01  0.4434E+01  0.4433E+01
  0.4432E+01  0.4431E+01  0.4429E+01  0.4428E+01  0.4427E+01  0.4425E+01
  0.4423E+01  0.4422E+01  0.4420E+01  0.4418E+01  0.4416E+01  0.4414E+01
  0.4412E+01  0.4409E+01  0.4407E+01  0.4404E+01  0.4402E+01  0.4399E+01
  0.4396E+01  0.4392E+01  0.4389E+01  0.4386E+01  0.4382E+01  0.4378E+01
  0.4374E+01  0.4370E+01  0.4366E+01  0.4362E+01  0.4358E+01  0.4353E+01
  0.4349E+01  0.4344E+01  0.4340E+01  0.4336E+01  0.4331E+01  0.4327E+01
  0.4323E+01  0.4319E+01  0.4315E+01  0.4312E+01  0.4309E+01  0.4307E+01
  0.4305E+01  0.4304E+01  0.4304E+01  0.4305E+01  0.4307E+01  0.4311E+01
  0.4316E+01  0.4324E+01  0.4334E+01  0.4347E+01  0.4367E+01  0.4408E+01
  0.4496E+01  0.4629E+01  0.4746E+01  0.4790E+01  0.4734E+01  0.4680E+01
  0.2183E+01  0.4440E+01  0.4439E+01  0.4439E+01  0.4438E+01  0.4437E+01
  0.4437E+01  0.4436E+01  0.4435E+01  0.4434E+01  0.4433E+01  0.4432E+01
  0.4431E+01  0.4429E+01  0.4428E+01  0.4427E+01  0.4425E+01  0.4423E+01
  0.4422E+01  0.4420E+01  0.4418E+01  0.4416E+01  0.4414E+01  0.4412E+01
  0.4409E+01  0.4407E+01  0.4404E+01  0.4402E+01  0.4399E+01  0.4396E+01
  0.4392E+01  0.4389E+01  0.4386E+01  0.4382E+01  0.4378E+01  0.4374E+01
  0.4370E+01  0.4366E+01  0.4362E+01  0.4358E+01  0.4353E+01  0.4349E+01
  0.4344E+01  0.4340E+01  0.4336E+01  0.4331E+01  0.4327E+01  0.4323E+01
  0.4319E+01  0.4315E+01  0.4312E+01  0.4309E+01  0.4307E+01  0.4305E+01
  0.4304E+01  0.4304E+01  0.4305E+01  0.4307E+01  0.4311E+01  0.4316E+01
  0.4324E+01  0.4334E+01  0.4347E+01  0.4367E+01  0.4408E+01  0.4496E+01
  0.4629E+01  0.4746E+01  0.4790E+01  0.4734E+01  0.4680E+01  0.2183E+01
  0.4440E+01  0.4439E+01  0.4439E+01  0.4438E+01  0.4437E+01  0.4437E+01
  0.4436E+01  0.4435E+01  0.4434E+01  0.4433E+01  0.4432E+01  0.4431E+01
  0.4429E+01  0.4428E+01  0.4427E+01  0.4425E+01  0.4423E+01  0.4422E+01
  0.4420E+01  0.4418E+01  0.4416E+01  0.4414E+01  0.4412E+01  0.4409E+01
  0.4407E+01  0.4404E+01  0.4402E+01  0.4399E+01  0.4396E+01  0.4392E+01
  0.4389E+01  0.4386E+01  0.4382E+01  0.4378E+01  0.4374E+01  0.4370E+01
  0.4366E+01  0.4362E+01  0.4358E+01  0.4353E+01  0.4349E+01  0.4344E+01
  0.4340E+01  0.4336E+01  0.4331E+01  0.4327E+01  0.4323E+01  0.4319E+01
  0.4315E+01  0.4312E+01  0.4309E+01  0.4307E+01  0.4305E+01  0.4304E+01
  0.4304E+01  0.4305E+01  0.4307E+01  0.4311E+01  0.4316E+01  0.4324E+01
  0.4334E+01  0.4347E+01  0.4367E+01  0.4408E+01  0.4496E+01  0.4629E+01
  0.4746E+01  0.4790E+01  0.4734E+01  0.4680E+01  0.2183E+01  0.4440E+01
  0.4439E+01  0.4439E+01  0.4438E+01  0.4437E+01  0.4437E+01  0.4436E+01
  0.4435E+01  0.4434E+01  0.4433E+01  0.4432E+01  0.4431E+01  0.4429E+01
  0.4428E+01  0.4427E+01  0.4425E+01  0.4423E+01  0.4422E+01  0.4420E+01
  0.4418E+01  0.4416E+01  0.4414E+01  0.4412E+01  0.4409E+01  0.4407E+01
  0.4404E+01  0.4402E+01  0.4399E+01  0.4396E+01  0.4392E+01  0.4389E+01
  0.4386E+01  0.4382E+01  0.4378E+01  0.4374E+01  0.4370E+01  0.4366E+01
  0.4362E+01  0.4358E+01  0.4353E+01  0.4349E+01  0.4344E+01  0.4340E+01
  0.4336E+01  0.4331E+01  0.4327E+01  0.4323E+01  0.4319E+01  0.4315E+01
  0.4312E+01  0.4309E+01  0.4307E+01  0.4305E+01  0.4304E+01  0.4304E+01
  0.4305E+01  0.4307E+01  0.4311E+01  0.4316E+01  0.4324E+01  0.4334E+01
  0.4347E+01  0.4367E+01  0.4408E+01  0.4496E+01  0.4629E+01  0.4746E+01
  0.4790E+01  0.4734E+01  0.4680E+01  0.2183E+01  0.4440E+01  0.4439E+01
  0.4439E+01  0.4438E+01  0.4437E+01  0.4437E+01  0.4436E+01  0.4435E+01
  0.4434E+01  0.4433E+01  0.4432E+01  0.4431E+01  0.4429E+01  0.4428E+01
  0.4427E+01  0.4425E+01  0.4423E+01  0.4422E+01  0.4420E+01  0.4418E+01
  0.4416E+01  0.4414E+01  0.4412E+01  0.4409E+01  0.4407E+01  0.4404E+01
  0.4402E+01  0.4399E+01  0.4396E+01  0.4392E+01  0.4389E+01  0.4386E+01
  0.4382E+01  0.4378E+01  0.4374E+01  0.4370E+01  0.4366E+01  0.4362E+01
  0.4358E+01  0.4353E+01  0.4349E+01  0.4344E+01  0.4340E+01  0.4336E+01
  0.4331E+01  0.4327E+01  0.4323E+01  0.4319E+01  0.4315E+01  0.4312E+01
  0.4309E+01  0.4307E+01  0.4305E+01  0.4304E+01  0.4304E+01  0.4305E+01
  0.4307E+01  0.4311E+01  0.4316E+01  0.4324E+01  0.4334E+01  0.4347E+01
  0.4367E+01  0.4408E+01  0.4496E+01  0.4629E+01  0.4746E+01  0.4790E+01
  0.4734E+01  0.4680E+01  0.2183E+01  0.4440E+01  0.4439E+01  0.4439E+01
  0.4438E+01  0.4437E+01  0.4437E+01  0.4436E+01  0.4435E+01  0.4434E+01
  0.4433E+01  0.4432E+01  0.4431E+01  0.4429E+01  0.4428E+01  0.4427E+01
  0.4425E+01  0.4423E+01  0.4422E+01  0.4420E+01  0.4418E+01  0.4416E+01
  0.4414E+01  0.4412E+01  0.4409E+01  0.4407E+01  0.4404E+01  0.4402E+01
  0.4399E+01  0.4396E+01  0.4392E+01  0.4389E+01  0.4386E+01  0.4382E+01
  0.4378E+01  0.4374E+01  0.4370E+01  0.4366E+01  0.4362E+01  0.4358E+01
  0.4353E+01  0.4349E+01  0.4344E+01  0.4340E+01  0.4336E+01  0.4331E+01
  0.4327E+01  0.4323E+01  0.4319E+01  0.4315E+01  0.4312E+01  0.4309E+01
  0.4307E+01  0.4305E+01  0.4304E+01  0.4304E+01  0.4305E+01  0.4307E+01
  0.4311E+01  0.4316E+01  0.4324E+01  0.4334E+01  0.4347E+01  0.4367E+01
  0.4408E+01  0.4496E+01  0.4629E+01  0.4746E+01  0.4790E+01  0.4734E+01
  0.4680E+01  0.2183E+01  0.4440E+01  0.4439E+01  0.4439E+01  0.4438E+01
  0.4437E+01  0.4437E+01  0.4436E+01  0.4435E+01  0.4434E+01  0.4433E+01
  0.4432E+01  0.4431E+01  0.4429E+01  0.4428E+01  0.4427E+01  0.4425E+01
  0.4423E+01  0.4422E+01  0.4420E+01  0.4418E+01  0.4416E+01  0.4414E+01
  0.4412E+01  0.4409E+01  0.4407E+01  0.4404E+01  0.4402E+01  0.4399E+01
  0.4396E+01  0.4392E+01  0.4389E+01  0.4386E+01  0.4382E+01  0.4378E+01
  0.4374E+01  0.4370E+01  0.4366E+01  0.4362E+01  0.4358E+01  0.4353E+01
  0.4349E+01  0.4344E+01  0.4340E+01  0.4336E+01  0.4331E+01  0.4327E+01
  0.4323E+01  0.4319E+01  0.4315E+01  0.4312E+01  0.4309E+01  0.4307E+01
  0.4305E+01  0.4304E+01  0.4304E+01  0.4305E+01  0.4307E+01  0.4311E+01
  0.4316E+01  0.4324E+01  0.4334E+01  0.4347E+01  0.4367E+01  0.4408E+01
  0.4496E+01  0.4629E+01  0.4746E+01  0.4790E+01  0.4734E+01  0.4680E+01
  0.2183E+01  0.4440E+01  0.4439E+01  0.4439E+01  0.4438E+01  0.4437E+01
  0.4437E+01  0.4436E+01  0.4435E+01  0.4434E+01  0.4433E+01  0.4432E+01
  0.4431E+01  0.4429E+01  0.4428E+01  0.4427E+01  0.4425E+01  0.4423E+01
  0.4422E+01  0.4420E+01  0.4418E+01  0.4416E+01  0.4414E+01  0.4412E+01
  0.4409E+01  0.4407E+01  0.4404E+01  0.4402E+01  0.4399E+01  0.4396E+01
  0.4392E+01  0.4389E+01  0.4386E+01  0.4382E+01  0.4378E+01  0.4374E+01
  0.4370E+01  0.4366E+01  0.4362E+01  0.4358E+01  0.4353E+01  0.4349E+01
  0.4344E+01  0.4340E+01  0.4336E+01  0.4331E+01  0.4327E+01  0.4323E+01
  0.4319E+01  0.4315E+01  0.4312E+01  0.4309E+01  0.4307E+01  0.4305E+01
  0.4304E+01  0.4304E+01  0.4305E+01  0.4307E+01  0.4311E+01  0.4316E+01
  0.4324E+01  0.4334E+01  0.4347E+01  0.4367E+01  0.4408E+01  0.4496E+01
  0.4629E+01  0.4746E+01  0.4790E+01  0.4734E+01  0.4680E+01  0.2183E+01
  0.4440E+01  0.4439E+01  0.4439E+01  0.4438E+01  0.4437E+01  0.4437E+01
  0.4436E+01  0.4435E+01  0.4434E+01  0.4433E+01  0.4432E+01  0.4431E+01
  0.4429E+01  0.4428E+01  0.4427E+01  0.4425E+01  0.4423E+01  0.4422E+01
  0.4420E+01  0.4418E+01  0.4416E+01  0.4414E+01  0.4412E+01  0.4409E+01
  0.4407E+01  0.4404E+01  0.4402E+01  0.4399E+01  0.4396E+01  0.4392E+01
  0.4389E+01  0.4386E+01  0.4382E+01  0.4378E+01  0.4374E+01  0.4370E+01
  0.4366E+01  0.4362E+01  0.4358E+01  0.4353E+01  0.4349E+01  0.4344E+01
  0.4340E+01  0.4336E+01  0.4331E+01  0.4327E+01  0.4323E+01  0.4319E+01
  0.4315E+01  0.4312E+01  0.4309E+01  0.4307E+01  0.4305E+01  0.4304E+01
  0.4304E+01  0.4305E+01  0.4307E+01  0.4311E+01  0.4316E+01  0.4324E+01
  0.4334E+01  0.4347E+01  0.4367E+01  0.4408E+01  0.4496E+01  0.4629E+01
  0.4746E+01  0.4790E+01  0.4734E+01  0.4680E+01  0.2183E+01  0.4440E+01
  0.4439E+01  0.4439E+01  0.4438E+01  0.4437E+01  0.4437E+01  0.4436E+01
  0.4435E+01  0.4434E+01  0.4433E+01  0.4432E+01  0.4431E+01  0.4429E+01
  0.4428E+01  0.4427E+01  0.4425E+01  0.4423E+01  0.4422E+01  0.4420E+01
  0.4418E+01  0.4416E+01  0.4414E+01  0.4412E+01  0.4409E+01  0.4407E+01
  0.4404E+01  0.4402E+01  0.4399E+01  0.4396E+01  0.4392E+01  0.4389E+01
  0.4386E+01  0.4382E+01  0.4378E+01  0.4374E+01  0.4370E+01  0.4366E+01
  0.4362E+01  0.4358E+01  0.4353E+01  0.4349E+01  0.4344E+01  0.4340E+01
  0.4336E+01  0.4331E+01  0.4327E+01  0.4323E+01  0.4319E+01  0.4315E+01
  0.4312E+01  0.4309E+01  0.4307E+01  0.4305E+01  0.4304E+01  0.4304E+01
  0.4305E+01  0.4307E+01  0.4311E+01  0.4316E+01  0.4324E+01  0.4334E+01
  0.4347E+01  0.4367E+01  0.4408E+01  0.4496E+01  0.4629E+01  0.4746E+01
  0.4790E+01  0.4734E+01  0.4680E+01  0.2183E+01  0.4440E+01  0.4439E+01
  0.4439E+01  0.4438E+01  0.4437E+01  0.4437E+01  0.4436E+01  0.4435E+01
  0.4434E+01  0.4433E+01  0.4432E+01  0.4431E+01  0.4429E+01  0.4428E+01
  0.4427E+01  0.4425E+01  0.4423E+01  0.4422E+01  0.4420E+01  0.4418E+01
  0.4416E+01  0.4414E+01  0.4412E+01  0.4409E+01  0.4407E+01  0.4404E+01
  0.4402E+01  0.4399E+01  0.4396E+01  0.4392E+01  0.4389E+01  0.4386E+01
  0.4382E+01  0.4378E+01  0.4374E+01  0.4370E+01  0.4366E+01  0.4362E+01
  0.4358E+01  0.4353E+01  0.4349E+01  0.4344E+01  0.4340E+01  0.4336E+01
  0.4331E+01  0.4327E+01  0.4323E+01  0.4319E+01  0.4315E+01  0.4312E+01
  0.4309E+01  0.4307E+01  0.4305E+01  0.4304E+01  0.4304E+01  0.4305E+01
  0.4307E+01  0.4311E+01  0.4316E+01  0.4324E+01  0.4334E+01  0.4347E+01
  0.4367E+01  0.4408E+01  0.4496E+01  0.4629E+01  0.4746E+01  0.4790E+01
  0.4734E+01  0.4680E+01  0.2183E+01  0.4440E+01  0.4439E+01  0.4439E+01
  0.4438E+01  0.4437E+01  0.4437E+01  0.4436E+01  0.4435E+01  0.4434E+01
  0.4433E+01  0.4432E+01  0.4431E+01  0.4429E+01  0.4428E+01  0.4427E+01
  0.4425E+01  0.4423E+01  0.4422E+01  0.4420E+01  0.4418E+01  0.4416E+01
  0.4414E+01  0.4412E+01  0.4409E+01  0.4407E+01  0.4404E+01  0.4402E+01
  0.4399E+01  0.4396E+01  0.4392E+01  0.4389E+01  0.4386E+01  0.4382E+01
  0.4378E+01  0.4374E+01  0.4370E+01  0.4366E+01  0.4362E+01  0.4358E+01
  0.4353E+01  0.4349E+01  0.4344E+01  0.4340E+01  0.4336E+01  0.4331E+01
  0.4327E+01  0.4323E+01  0.4319E+01  0.4315E+01  0.4312E+01  0.4309E+01
  0.4307E+01  0.4305E+01  0.4304E+01  0.4304E+01  0.4305E+01  0.4307E+01
  0.4311E+01  0.4316E+01  0.4324E+01  0.4334E+01  0.4347E+01  0.4367E+01
  0.4408E+01  0.4496E+01  0.4629E+01  0.4746E+01  0.4790E+01  0.4734E+01
  0.4680E+01  0.2183E+01  0.4440E+01  0.4439E+01  0.4439E+01  0.4438E+01
  0.4437E+01  0.4437E+01  0.4436E+01  0.4435E+01  0.4434E+01  0.4433E+01
  0.4432E+01  0.4431E+01  0.4429E+01  0.4428E+01  0.4427E+01  0.4425E+01
  0.4423E+01  0.4422E+01  0.4420E+01  0.4418E+01  0.4416E+01  0.4414E+01
  0.4412E+01  0.4409E+01  0.4407E+01  0.4404E+01  0.4402E+01  0.4399E+01
  0.4396E+01  0.4392E+01  0.4389E+01  0.4386E+01  0.4382E+01  0.4378E+01
  0.4374E+01  0.4370E+01  0.4366E+01  0.4362E+01  0.4358E+01  0.4353E+01
  0.4349E+01  0.4344E+01  0.4340E+01  0.4336E+01  0.4331E+01  0.4327E+01
  0.4323E+01  0.4319E+01  0.4315E+01  0.4312E+01  0.4309E+01  0.4307E+01
  0.4305E+01  0.4304E+01  0.4304E+01  0.4305E+01  0.4307E+01  0.4311E+01
  0.4316E+01  0.4324E+01  0.4334E+01  0.4347E+01  0.4367E+01  0.4408E+01
  0.4496E+01  0.4629E+01  0.4746E+01  0.4790E+01  0.4734E+01  0.4680E+01
  0.2183E+01  0.4440E+01  0.4439E+01  0.4439E+01  0.4438E+01  0.4437E+01
  0.4437E+01  0.4436E+01  0.4435E+01  0.4434E+01  0.4433E+01  0.4432E+01
  0.4431E+01  0.4429E+01  0.4428E+01  0.4427E+01  0.4425E+01  0.4423E+01
  0.4422E+01  0.4420E+01  0.4418E+01  0.4416E+01  0.4414E+01  0.4412E+01
  0.4409E+01  0.4407E+01  0.4404E+01  0.4402E+01  0.4399E+01  0.4396E+01
  0.4392E+01  0.4389E+01  0.4386E+01  0.4382E+01  0.4378E+01  0.4374E+01
  0.4370E+01  0.4366E+01  0.4362E+01  0.4358E+01  0.4353E+01  0.4349E+01
  0.4344E+01  0.4340E+01  0.4336E+01  0.4331E+01  0.4327E+01  0.4323E+01
  0.4319E+01  0.4315E+01  0.4312E+01  0.4309E+01  0.4307E+01  0.4305E+01
  0.4304E+01  0.4304E+01  0.4305E+01  0.4307E+01  0.4311E+01  0.4316E+01
  0.4324E+01  0.4334E+01  0.4347E+01  0.4367E+01  0.4408E+01  0.4496E+01
  0.4629E+01  0.4746E+01  0.4790E+01  0.4734E+01  0.4680E+01  0.2183E+01
  0.4440E+01  0.4439E+01  0.4439E+01  0.4438E+01  0.4437E+01  0.4437E+01
  0.4436E+01  0.4435E+01  0.4434E+01  0.4433E+01  0.4432E+01  0.4431E+01
  0.4429E+01  0.4428E+01  0.4427E+01  0.4425E+01  0.4423E+01  0.4422E+01
  0.4420E+01  0.4418E+01  0.4416E+01  0.4414E+01  0.4412E+01  0.4409E+01
  0.4407E+01  0.4404E+01  0.4402E+01  0.4399E+01  0.4396E+01  0.4392E+01
  0.4389E+01  0.4386E+01  0.4382E+01  0.4378E+01  0.4374E+01  0.4370E+01
  0.4366E+01  0.4362E+01  0.4358E+01  0.4353E+01  0.4349E+01  0.4344E+01
  0.4340E+01  0.4336E+01  0.4331E+01  0.4327E+01  0.4323E+01  0.4319E+01
  0.4315E+01  0.4312E+01  0.4309E+01  0.4307E+01  0.4305E+01  0.4304E+01
  0.4304E+01  0.4305E+01  0.4307E+01  0.4311E+01  0.4316E+01  0.4324E+01
  0.4334E+01  0.4347E+01  0.4367E+01  0.4408E+01  0.4496E+01  0.4629E+01
  0.4746E+01  0.4790E+01  0.4734E+01  0.4680E+01  0.2183E+01  0.4440E+01
  0.4439E+01  0.4439E+01  0.4438E+01  0.4437E+01  0.4437E+01  0.4436E+01
  0.4435E+01  0.4434E+01  0.4433E+01  0.4432E+01  0.4431E+01  0.4429E+01
  0.4428E+01  0.4427E+01  0.4425E+01  0.4423E+01  0.4422E+01  0.4420E+01
  0.4418E+01  0.4416E+01  0.4414E+01  0.4412E+01  0.4409E+01  0.4407E+01
  0.4404E+01  0.4402E+01  0.4399E+01  0.4396E+01  0.4392E+01  0.4389E+01
  0.4386E+01  0.4382E+01  0.4378E+01  0.4374E+01  0.4370E+01  0.4366E+01
  0.4362E+01  0.4358E+01  0.4353E+01  0.4349E+01  0.4344E+01  0.4340E+01
  0.4336E+01  0.4331E+01  0.4327E+01  0.4323E+01  0.4319E+01  0.4315E+01
  0.4312E+01  0.4309E+01  0.4307E+01  0.4305E+01  0.4304E+01  0.4304E+01
  0.4305E+01  0.4307E+01  0.4311E+01  0.4316E+01  0.4324E+01  0.4334E+01
  0.4347E+01  0.4367E+01  0.4408E+01  0.4496E+01  0.4629E+01  0.4746E+01
  0.4790E+01  0.4734E+01  0.4680E+01  0.2183E+01  0.4440E+01  0.4439E+01
  0.4439E+01  0.4438E+01  0.4437E+01  0.4437E+01  0.4436E+01  0.4435E+01
  0.4434E+01  0.4433E+01  0.4432E+01  0.4431E+01  0.4429E+01  0.4428E+01
  0.4427E+01  0.4425E+01  0.4423E+01  0.4422E+01  0.4420E+01  0.4418E+01
  0.4416E+01  0.4414E+01  0.4412E+01  0.4409E+01  0.4407E+01  0.4404E+01
  0.4402E+01  0.4399E+01  0.4396E+01  0.4392E+01  0.4389E+01  0.4386E+01
  0.4382E+01  0.4378E+01  0.4374E+01  0.4370E+01  0.4366E+01  0.4362E+01
  0.4358E+01  0.4353E+01  0.4349E+01  0.4344E+01  0.4340E+01  0.4336E+01
  0.4331E+01  0.4327E+01  0.4323E+01  0.4319E+01  0.4315E+01  0.4312E+01
  0.4309E+01  0.4307E+01  0.4305E+01  0.4304E+01  0.4304E+01  0.4305E+01
  0.4307E+01  0.4311E+01  0.4316E+01  0.4324E+01  0.4334E+01  0.4347E+01
  0.4367E+01  0.4408E+01  0.4496E+01  0.4629E+01  0.4746E+01  0.4790E+01
  0.4734E+01  0.4680E+01  0.2183E+01  0.4440E+01  0.4439E+01  0.4439E+01
  0.4438E+01  0.4437E+01  0.4437E+01  0.4436E+01  0.4435E+01  0.4434E+01
  0.4433E+01  0.4432E+01  0.4431E+01  0.4429E+01  0.4428E+01  0.4427E+01
  0.4425E+01  0.4423E+01  0.4422E+01  0.4420E+01  0.4418E+01  0.4416E+01
  0.4414E+01  0.4412E+01  0.4409E+01  0.4407E+01  0.4404E+01  0.4402E+01
  0.4399E+01  0.4396E+01  0.4392E+01  0.4389E+01  0.4386E+01  0.4382E+01
  0.4378E+01  0.4374E+01  0.4370E+01  0.4366E+01  0.4362E+01  0.4358E+01
  0.4353E+01  0.4349E+01  0.4344E+01  0.4340E+01  0.4336E+01  0.4331E+01
  0.4327E+01  0.4323E+01  0.4319E+01  0.4315E+01  0.4312E+01  0.4309E+01
  0.4307E+01  0.4305E+01  0.4304E+01  0.4304E+01  0.4305E+01  0.4307E+01
  0.4311E+01  0.4316E+01  0.4324E+01  0.4334E+01  0.4347E+01  0.4367E+01
  0.4408E+01  0.4496E+01  0.4629E+01  0.4746E+01  0.4790E+01  0.4734E+01
  0.4680E+01  0.2183E+01  0.4440E+01  0.4439E+01  0.4439E+01  0.4438E+01
  0.4437E+01  0.4437E+01  0.4436E+01  0.4435E+01  0.4434E+01  0.4433E+01
  0.4432E+01  0.4431E+01  0.4429E+01  0.4428E+01  0.4427E+01  0.4425E+01
  0.4423E+01  0.4422E+01  0.4420E+01  0.4418E+01  0.4416E+01  0.4414E+01
  0.4412E+01  0.4409E+01  0.4407E+01  0.4404E+01  0.4402E+01  0.4399E+01
  0.4396E+01  0.4392E+01  0.4389E+01  0.4386E+01  0.4382E+01  0.4378E+01
  0.4374E+01  0.4370E+01  0.4366E+01  0.4362E+01  0.4358E+01  0.4353E+01
  0.4349E+01  0.4344E+01  0.4340E+01  0.4336E+01  0.4331E+01  0.4327E+01
  0.4323E+01  0.4319E+01  0.4315E+01  0.4312E+01  0.4309E+01  0.4307E+01
  0.4305E+01  0.4304E+01  0.4304E+01  0.4305E+01  0.4307E+01  0.4311E+01
  0.4316E+01  0.4324E+01  0.4334E+01  0.4347E+01  0.4367E+01  0.4408E+01
  0.4496E+01  0.4629E+01  0.4746E+01  0.4790E+01  0.4734E+01  0.4680E+01
  0.2183E+01  0.4440E+01  0.4439E+01  0.4439E+01  0.4438E+01  0.4437E+01
  0.4437E+01  0.4436E+01  0.4435E+01  0.4434E+01  0.4433E+01  0.4432E+01
  0.4431E+01  0.4429E+01  0.4428E+01  0.4427E+01  0.4425E+01  0.4423E+01
  0.4422E+01  0.4420E+01  0.4418E+01  0.4416E+01  0.4414E+01  0.4412E+01
  0.4409E+01  0.4407E+01  0.4404E+01  0.4402E+01  0.4399E+01  0.4396E+01
  0.4392E+01  0.4389E+01  0.4386E+01  0.4382E+01  0.4378E+01  0.4374E+01
  0.4370E+01  0.4366E+01  0.4362E+01  0.4358E+01  0.4353E+01  0.4349E+01
  0.4344E+01  0.4340E+01  0.4336E+01  0.4331E+01  0.4327E+01  0.4323E+01
  0.4319E+01  0.4315E+01  0.4312E+01  0.4309E+01  0.4307E+01  0.4305E+01
  0.4304E+01  0.4304E+01  0.4305E+01  0.4307E+01  0.4311E+01  0.4316E+01
  0.4324E+01  0.4334E+01  0.4347E+01  0.4367E+01  0.4408E+01  0.4496E+01
  0.4629E+01  0.4746E+01  0.4790E+01  0.4734E+01  0.4680E+01  0.2183E+01
  0.4440E+01  0.4439E+01  0.4439E+01  0.4438E+01  0.4437E+01  0.4437E+01
  0.4436E+01  0.4435E+01  0.4434E+01  0.4433E+01  0.4432E+01  0.4431E+01
  0.4429E+01  0.4428E+01  0.4427E+01  0.4425E+01  0.4423E+01  0.4422E+01
  0.4420E+01  0.4418E+01  0.4416E+01  0.4414E+01  0.4412E+01  0.4409E+01
  0.4407E+01  0.4404E+01  0.4402E+01  0.4399E+01  0.4396E+01  0.4392E+01
  0.4389E+01  0.4386E+01  0.4382E+01  0.4378E+01  0.4374E+01  0.4370E+01
  0.4366E+01  0.4362E+01  0.4358E+01  0.4353E+01  0.4349E+01  0.4344E+01
  0.4340E+01  0.4336E+01  0.4331E+01  0.4327E+01  0.4323E+01  0.4319E+01
  0.4315E+01  0.4312E+01  0.4309E+01  0.4307E+01  0.4305E+01  0.4304E+01
  0.4304E+01  0.4305E+01  0.4307E+01  0.4311E+01  0.4316E+01  0.4324E+01
  0.4334E+01  0.4347E+01  0.4367E+01  0.4408E+01  0.4496E+01  0.4629E+01
  0.4746E+01  0.4790E+01  0.4734E+01  0.4680E+01  0.2183E+01  0.4440E+01
  0.4439E+01  0.4439E+01  0.4438E+01  0.4437E+01  0.4437E+01  0.4436E+01
  0.4435E+01  0.4434E+01  0.4433E+01  0.4432E+01  0.4431E+01  0.4429E+01
  0.4428E+01  0.4427E+01  0.4425E+01  0.4423E+01  0.4422E+01  0.4420E+01
  0.4418E+01  0.4416E+01  0.4414E+01  0.4412E+01  0.4409E+01  0.4407E+01
  0.4404E+01  0.4402E+01  0.4399E+01  0.4396E+01  0.4392E+01  0.4389E+01
  0.4386E+01  0.4382E+01  0.4378E+01  0.4374E+01  0.4370E+01  0.4366E+01
  0.4362E+01  0.4358E+01  0.4353E+01  0.4349E+01  0.4344E+01  0.4340E+01
  0.4336E+01  0.4331E+01  0.4327E+01  0.4323E+01  0.4319E+01  0.4315E+01
  0.4312E+01  0.4309E+01  0.4307E+01  0.4305E+01  0.4304E+01  0.4304E+01
  0.4305E+01  0.4307E+01  0.4311E+01  0.4316E+01  0.4324E+01  0.4334E+01
  0.4347E+01  0.4367E+01  0.4408E+01  0.4496E+01  0.4629E+01  0.4746E+01
  0.4790E+01  0.4734E+01  0.4680E+01  0.2183E+01  0.4440E+01  0.4439E+01
  0.4439E+01  0.4438E+01  0.4437E+01  0.4437E+01  0.4436E+01  0.4435E+01
  0.4434E+01  0.4433E+01  0.4432E+01  0.4431E+01  0.4429E+01  0.4428E+01
  0.4427E+01  0.4425E+01  0.4423E+01  0.4422E+01  0.4420E+01  0.4418E+01
  0.4416E+01  0.4414E+01  0.4412E+01  0.4409E+01  0.4407E+01  0.4404E+01
  0.4402E+01  0.4399E+01  0.4396E+01  0.4392E+01  0.4389E+01  0.4386E+01
  0.4382E+01  0.4378E+01  0.4374E+01  0.4370E+01  0.4366E+01  0.4362E+01
  0.4358E+01  0.4353E+01  0.4349E+01  0.4344E+01  0.4340E+01  0.4336E+01
  0.4331E+01  0.4327E+01  0.4323E+01  0.4319E+01  0.4315E+01  0.4312E+01
  0.4309E+01  0.4307E+01  0.4305E+01  0.4304E+01  0.4304E+01  0.4305E+01
  0.4307E+01  0.4311E+01  0.4316E+01  0.4324E+01  0.4334E+01  0.4347E+01
  0.4367E+01  0.4408E+01  0.4496E+01  0.4629E+01  0.4746E+01  0.4790E+01
  0.4734E+01  0.4680E+01  0.2183E+01  0.4440E+01  0.4439E+01  0.4439E+01
  0.4438E+01  0.4437E+01  0.4437E+01  0.4436E+01  0.4435E+01  0.4434E+01
  0.4433E+01  0.4432E+01  0.4431E+01  0.4429E+01  0.4428E+01  0.4427E+01
  0.4425E+01  0.4423E+01  0.4422E+01  0.4420E+01  0.4418E+01  0.4416E+01
  0.4414E+01  0.4412E+01  0.4409E+01  0.4407E+01  0.4404E+01  0.4402E+01
  0.4399E+01  0.4396E+01  0.4392E+01  0.4389E+01  0.4386E+01  0.4382E+01
  0.4378E+01  0.4374E+01  0.4370E+01  0.4366E+01  0.4362E+01  0.4358E+01
  0.4353E+01  0.4349E+01  0.4344E+01  0.4340E+01  0.4336E+01  0.4331E+01
  0.4327E+01  0.4323E+01  0.4319E+01  0.4315E+01  0.4312E+01  0.4309E+01
  0.4307E+01  0.4305E+01  0.4304E+01  0.4304E+01  0.4305E+01  0.4307E+01
  0.4311E+01  0.4316E+01  0.4324E+01  0.4334E+01  0.4347E+01  0.4367E+01
  0.4408E+01  0.4496E+01  0.4629E+01  0.4746E+01  0.4790E+01  0.4734E+01
  0.4680E+01  0.2183E+01  0.4440E+01  0.4439E+01  0.4439E+01  0.4438E+01
  0.4437E+01  0.4437E+01  0.4436E+01  0.4435E+01  0.4434E+01  0.4433E+01
  0.4432E+01  0.4431E+01  0.4429E+01  0.4428E+01  0.4427E+01  0.4425E+01
  0.4423E+01  0.4422E+01  0.4420E+01  0.4418E+01  0.4416E+01  0.4414E+01
  0.4412E+01  0.4409E+01  0.4407E+01  0.4404E+01  0.4402E+01  0.4399E+01
  0.4396E+01  0.4392E+01  0.4389E+01  0.4386E+01  0.4382E+01  0.4378E+01
  0.4374E+01  0.4370E+01  0.4366E+01  0.4362E+01  0.4358E+01  0.4353E+01
  0.4349E+01  0.4344E+01  0.4340E+01  0.4336E+01  0.4331E+01  0.4327E+01
  0.4323E+01  0.4319E+01  0.4315E+01  0.4312E+01  0.4309E+01  0.4307E+01
  0.4305E+01  0.4304E+01  0.4304E+01  0.4305E+01  0.4307E+01  0.4311E+01
  0.4316E+01  0.4324E+01  0.4334E+01  0.4347E+01  0.4367E+01  0.4408E+01
  0.4496E+01  0.4629E+01  0.4746E+01  0.4790E+01  0.4734E+01  0.4680E+01
  0.2183E+01  0.4440E+01  0.4439E+01  0.4439E+01  0.4438E+01  0.4437E+01
  0.4437E+01  0.4436E+01  0.4435E+01  0.4434E+01  0.4433E+01  0.4432E+01
  0.4431E+01  0.4429E+01  0.4428E+01  0.4427E+01  0.4425E+01  0.4423E+01
  0.4422E+01  0.4420E+01  0.4418E+01  0.4416E+01  0.4414E+01  0.4412E+01
  0.4409E+01  0.4407E+01  0.4404E+01  0.4402E+01  0.4399E+01  0.4396E+01
  0.4392E+01  0.4389E+01  0.4386E+01  0.4382E+01  0.4378E+01  0.4374E+01
  0.4370E+01  0.4366E+01  0.4362E+01  0.4358E+01  0.4353E+01  0.4349E+01
  0.4344E+01  0.4340E+01  0.4336E+01  0.4331E+01  0.4327E+01  0.4323E+01
  0.4319E+01  0.4315E+01  0.4312E+01  0.4309E+01  0.4307E+01  0.4305E+01
  0.4304E+01  0.4304E+01  0.4305E+01  0.4307E+01  0.4311E+01  0.4316E+01
  0.4324E+01  0.4334E+01  0.4347E+01  0.4367E+01  0.4408E+01  0.4496E+01
  0.4629E+01  0.4746E+01  0.4790E+01  0.4734E+01  0.4680E+01  0.2183E+01
  0.4440E+01  0.4439E+01  0.4439E+01  0.4438E+01  0.4437E+01  0.4437E+01
  0.4436E+01  0.4435E+01  0.4434E+01  0.4433E+01  0.4432E+01  0.4431E+01
  0.4429E+01  0.4428E+01  0.4427E+01  0.4425E+01  0.4423E+01  0.4422E+01
  0.4420E+01  0.4418E+01  0.4416E+01  0.4414E+01  0.4412E+01  0.4409E+01
  0.4407E+01  0.4404E+01  0.4402E+01  0.4399E+01  0.4396E+01  0.4392E+01
  0.4389E+01  0.4386E+01  0.4382E+01  0.4378E+01  0.4374E+01  0.4370E+01
  0.4366E+01  0.4362E+01  0.4358E+01  0.4353E+01  0.4349E+01  0.4344E+01
  0.4340E+01  0.4336E+01  0.4331E+01  0.4327E+01  0.4323E+01  0.4319E+01
  0.4315E+01  0.4312E+01  0.4309E+01  0.4307E+01  0.4305E+01  0.4304E+01
  0.4304E+01  0.4305E+01  0.4307E+01  0.4311E+01  0.4316E+01  0.4324E+01
  0.4334E+01  0.4347E+01  0.4367E+01  0.4408E+01  0.4496E+01  0.4629E+01
  0.4746E+01  0.4790E+01  0.4734E+01  0.4680E+01  0.2183E+01  0.4440E+01
  0.4439E+01  0.4439E+01  0.4438E+01  0.4437E+01  0.4437E+01  0.4436E+01
  0.4435E+01  0.4434E+01  0.4433E+01  0.4432E+01  0.4431E+01  0.4429E+01
  0.4428E+01  0.4427E+01  0.4425E+01  0.4423E+01  0.4422E+01  0.4420E+01
  0.4418E+01  0.4416E+01  0.4414E+01  0.4412E+01  0.4409E+01  0.4407E+01
  0.4404E+01  0.4402E+01  0.4399E+01  0.4396E+01  0.4392E+01  0.4389E+01
  0.4386E+01  0.4382E+01  0.4378E+01  0.4374E+01  0.4370E+01  0.4366E+01
  0.4362E+01  0.4358E+01  0.4353E+01  0.4349E+01  0.4344E+01  0.4340E+01
  0.4336E+01  0.4331E+01  0.4327E+01  0.4323E+01  0.4319E+01  0.4315E+01
  0.4312E+01  0.4309E+01  0.4307E+01  0.4305E+01  0.4304E+01  0.4304E+01
  0.4305E+01  0.4307E+01  0.4311E+01  0.4316E+01  0.4324E+01  0.4334E+01
  0.4347E+01  0.4367E+01  0.4408E+01  0.4496E+01  0.4629E+01  0.4746E+01
  0.4790E+01  0.4734E+01  0.4680E+01  0.2183E+01  0.4440E+01  0.4439E+01
  0.4439E+01  0.4438E+01  0.4437E+01  0.4437E+01  0.4436E+01  0.4435E+01
  0.4434E+01  0.4433E+01  0.4432E+01  0.4431E+01  0.4429E+01  0.4428E+01
  0.4427E+01  0.4425E+01  0.4423E+01  0.4422E+01  0.4420E+01  0.4418E+01
  0.4416E+01  0.4414E+01  0.4412E+01  0.4409E+01  0.4407E+01  0.4404E+01
  0.4402E+01  0.4399E+01  0.4396E+01  0.4392E+01  0.4389E+01  0.4386E+01
  0.4382E+01  0.4378E+01  0.4374E+01  0.4370E+01  0.4366E+01  0.4362E+01
  0.4358E+01  0.4353E+01  0.4349E+01  0.4344E+01  0.4340E+01  0.4336E+01
  0.4331E+01  0.4327E+01  0.4323E+01  0.4319E+01  0.4315E+01  0.4312E+01
  0.4309E+01  0.4307E+01  0.4305E+01  0.4304E+01  0.4304E+01  0.4305E+01
  0.4307E+01  0.4311E+01  0.4316E+01  0.4324E+01  0.4334E+01  0.4347E+01
  0.4367E+01  0.4408E+01  0.4496E+01  0.4629E+01  0.4746E+01  0.4790E+01
  0.4734E+01  0.4680E+01  0.2183E+01  0.4440E+01  0.4439E+01  0.4439E+01
  0.4438E+01  0.4437E+01  0.4437E+01  0.4436E+01  0.4435E+01  0.4434E+01
  0.4433E+01  0.4432E+01  0.4431E+01  0.4429E+01  0.4428E+01  0.4427E+01
  0.4425E+01  0.4423E+01  0.4422E+01  0.4420E+01  0.4418E+01  0.4416E+01
  0.4414E+01  0.4412E+01  0.4409E+01  0.4407E+01  0.4404E+01  0.4402E+01
  0.4399E+01  0.4396E+01  0.4392E+01  0.4389E+01  0.4386E+01  0.4382E+01
  0.4378E+01  0.4374E+01  0.4370E+01  0.4366E+01  0.4362E+01  0.4358E+01
  0.4353E+01  0.4349E+01  0.4344E+01  0.4340E+01  0.4336E+01  0.4331E+01
  0.4327E+01  0.4323E+01  0.4319E+01  0.4315E+01  0.4312E+01  0.4309E+01
  0.4307E+01  0.4305E+01  0.4304E+01  0.4304E+01  0.4305E+01  0.4307E+01
  0.4311E+01  0.4316E+01  0.4324E+01  0.4334E+01  0.4347E+01  0.4367E+01
  0.4408E+01  0.4496E+01  0.4629E+01  0.4746E+01  0.4790E+01  0.4734E+01
  0.4680E+01  0.2183E+01  0.4440E+01  0.4439E+01  0.4439E+01  0.4438E+01
  0.4437E+01  0.4437E+01  0.4436E+01  0.4435E+01  0.4434E+01  0.4433E+01
  0.4432E+01  0.4431E+01  0.4429E+01  0.4428E+01  0.4427E+01  0.4425E+01
  0.4423E+01  0.4422E+01  0.4420E+01  0.4418E+01  0.4416E+01  0.4414E+01
  0.4412E+01  0.4409E+01  0.4407E+01  0.4404E+01  0.4402E+01  0.4399E+01
  0.4396E+01  0.4392E+01  0.4389E+01  0.4386E+01  0.4382E+01  0.4378E+01
  0.4374E+01  0.4370E+01  0.4366E+01  0.4362E+01  0.4358E+01  0.4353E+01
  0.4349E+01  0.4344E+01  0.4340E+01  0.4336E+01  0.4331E+01  0.4327E+01
  0.4323E+01  0.4319E+01  0.4315E+01  0.4312E+01  0.4309E+01  0.4307E+01
  0.4305E+01  0.4304E+01  0.4304E+01  0.4305E+01  0.4307E+01  0.4311E+01
  0.4316E+01  0.4324E+01  0.4334E+01  0.4347E+01  0.4367E+01  0.4408E+01
  0.4496E+01  0.4629E+01  0.4746E+01  0.4790E+01  0.4734E+01  0.4680E+01
  0.2183E+01  0.4440E+01  0.4439E+01  0.4439E+01  0.4438E+01  0.4437E+01
  0.4437E+01  0.4436E+01  0.4435E+01  0.4434E+01  0.4433E+01  0.4432E+01
  0.4431E+01  0.4429E+01  0.4428E+01  0.4427E+01  0.4425E+01  0.4423E+01
  0.4422E+01  0.4420E+01  0.4418E+01  0.4416E+01  0.4414E+01  0.4412E+01
  0.4409E+01  0.4407E+01  0.4404E+01  0.4402E+01  0.4399E+01  0.4396E+01
  0.4392E+01  0.4389E+01  0.4386E+01  0.4382E+01  0.4378E+01  0.4374E+01
  0.4370E+01  0.4366E+01  0.4362E+01  0.4358E+01  0.4353E+01  0.4349E+01
  0.4344E+01  0.4340E+01  0.4336E+01  0.4331E+01  0.4327E+01  0.4323E+01
  0.4319E+01  0.4315E+01  0.4312E+01  0.4309E+01  0.4307E+01  0.4305E+01
  0.4304E+01  0.4304E+01  0.4305E+01  0.4307E+01  0.4311E+01  0.4316E+01
  0.4324E+01  0.4334E+01  0.4347E+01  0.4367E+01  0.4408E+01  0.4496E+01
  0.4629E+01  0.4746E+01  0.4790E+01  0.4734E+01  0.4680E+01  0.2183E+01
  0.4440E+01  0.4439E+01  0.4439E+01  0.4438E+01  0.4437E+01  0.4437E+01
  0.4436E+01  0.4435E+01  0.4434E+01  0.4433E+01  0.4432E+01  0.4431E+01
  0.4429E+01  0.4428E+01  0.4427E+01  0.4425E+01  0.4423E+01  0.4422E+01
  0.4420E+01  0.4418E+01  0.4416E+01  0.4414E+01  0.4412E+01  0.4409E+01
  0.4407E+01  0.4404E+01  0.4402E+01  0.4399E+01  0.4396E+01  0.4392E+01
  0.4389E+01  0.4386E+01  0.4382E+01  0.4378E+01  0.4374E+01  0.4370E+01
  0.4366E+01  0.4362E+01  0.4358E+01  0.4353E+01  0.4349E+01  0.4344E+01
  0.4340E+01  0.4336E+01  0.4331E+01  0.4327E+01  0.4323E+01  0.4319E+01
  0.4315E+01  0.4312E+01  0.4309E+01  0.4307E+01  0.4305E+01  0.4304E+01
  0.4304E+01  0.4305E+01  0.4307E+01  0.4311E+01  0.4316E+01  0.4324E+01
  0.4334E+01  0.4347E+01  0.4367E+01  0.4408E+01  0.4496E+01  0.4629E+01
  0.4746E+01  0.4790E+01  0.4734E+01  0.4680E+01  0.2183E+01  0.4440E+01
  0.4439E+01  0.4439E+01  0.4438E+01  0.4437E+01  0.4437E+01  0.4436E+01
  0.4435E+01  0.4434E+01  0.4433E+01  0.4432E+01  0.4431E+01  0.4429E+01
  0.4428E+01  0.4427E+01  0.4425E+01  0.4423E+01  0.4422E+01  0.4420E+01
  0.4418E+01  0.4416E+01  0.4414E+01  0.4412E+01  0.4409E+01  0.4407E+01
  0.4404E+01  0.4402E+01  0.4399E+01  0.4396E+01  0.4392E+01  0.4389E+01
  0.4386E+01  0.4382E+01  0.4378E+01  0.4374E+01  0.4370E+01  0.4366E+01
  0.4362E+01  0.4358E+01  0.4353E+01  0.4349E+01  0.4344E+01  0.4340E+01
  0.4336E+01  0.4331E+01  0.4327E+01  0.4323E+01  0.4319E+01  0.4315E+01
  0.4312E+01  0.4309E+01  0.4307E+01  0.4305E+01  0.4304E+01  0.4304E+01
  0.4305E+01  0.4307E+01  0.4311E+01  0.4316E+01  0.4324E+01  0.4334E+01
  0.4347E+01  0.4367E+01  0.4408E+01  0.4496E+01  0.4629E+01  0.4746E+01
  0.4790E+01  0.4734E+01  0.4680E+01  0.2183E+01  0.4440E+01  0.4439E+01
  0.4439E+01  0.4438E+01  0.4437E+01  0.4437E+01  0.4436E+01  0.4435E+01
  0.4434E+01  0.4433E+01  0.4432E+01  0.4431E+01  0.4429E+01  0.4428E+01
  0.4427E+01  0.4425E+01  0.4423E+01  0.4422E+01  0.4420E+01  0.4418E+01
  0.4416E+01  0.4414E+01  0.4412E+01  0.4409E+01  0.4407E+01  0.4404E+01
  0.4402E+01  0.4399E+01  0.4396E+01  0.4392E+01  0.4389E+01  0.4386E+01
  0.4382E+01  0.4378E+01  0.4374E+01  0.4370E+01  0.4366E+01  0.4362E+01
  0.4358E+01  0.4353E+01  0.4349E+01  0.4344E+01  0.4340E+01  0.4336E+01
  0.4331E+01  0.4327E+01  0.4323E+01  0.4319E+01  0.4315E+01  0.4312E+01
  0.4309E+01  0.4307E+01  0.4305E+01  0.4304E+01  0.4304E+01  0.4305E+01
  0.4307E+01  0.4311E+01  0.4316E+01  0.4324E+01  0.4334E+01  0.4347E+01
  0.4367E+01  0.4408E+01  0.4496E+01  0.4629E+01  0.4746E+01  0.4790E+01
  0.4734E+01  0.4680E+01  0.2183E+01  0.4440E+01  0.4439E+01  0.4439E+01
  0.4438E+01  0.4437E+01  0.4437E+01  0.4436E+01  0.4435E+01  0.4434E+01
  0.4433E+01  0.4432E+01  0.4431E+01  0.4429E+01  0.4428E+01  0.4427E+01
  0.4425E+01  0.4423E+01  0.4422E+01  0.4420E+01  0.4418E+01  0.4416E+01
  0.4414E+01  0.4412E+01  0.4409E+01  0.4407E+01  0.4404E+01  0.4402E+01
  0.4399E+01  0.4396E+01  0.4392E+01  0.4389E+01  0.4386E+01  0.4382E+01
  0.4378E+01  0.4374E+01  0.4370E+01  0.4366E+01  0.4362E+01  0.4358E+01
  0.4353E+01  0.4349E+01  0.4344E+01  0.4340E+01  0.4336E+01  0.4331E+01
  0.4327E+01  0.4323E+01  0.4319E+01  0.4315E+01  0.4312E+01  0.4309E+01
  0.4307E+01  0.4305E+01  0.4304E+01  0.4304E+01  0.4305E+01  0.4307E+01
  0.4311E+01  0.4316E+01  0.4324E+01  0.4334E+01  0.4347E+01  0.4367E+01
  0.4408E+01  0.4496E+01  0.4629E+01  0.4746E+01  0.4790E+01  0.4734E+01
  0.4680E+01  0.2183E+01  0.4440E+01  0.4439E+01  0.4439E+01  0.4438E+01
  0.4437E+01  0.4437E+01  0.4436E+01  0.4435E+01  0.4434E+01  0.4433E+01
  0.4432E+01  0.4431E+01  0.4429E+01  0.4428E+01  0.4427E+01  0.4425E+01
  0.4423E+01  0.4422E+01  0.4420E+01  0.4418E+01  0.4416E+01  0.4414E+01
  0.4412E+01  0.4409E+01  0.4407E+01  0.4404E+01  0.4402E+01  0.4399E+01
  0.4396E+01  0.4392E+01  0.4389E+01  0.4386E+01  0.4382E+01  0.4378E+01
  0.4374E+01  0.4370E+01  0.4366E+01  0.4362E+01  0.4358E+01  0.4353E+01
  0.4349E+01  0.4344E+01  0.4340E+01  0.4336E+01  0.4331E+01  0.4327E+01
  0.4323E+01  0.4319E+01  0.4315E+01  0.4312E+01  0.4309E+01  0.4307E+01
  0.4305E+01  0.4304E+01  0.4304E+01  0.4305E+01  0.4307E+01  0.4311E+01
  0.4316E+01  0.4324E+01  0.4334E+01  0.4347E+01  0.4367E+01  0.4408E+01
  0.4496E+01  0.4629E+01  0.4746E+01  0.4790E+01  0.4734E+01  0.4680E+01
  0.2183E+01  0.4440E+01  0.4439E+01  0.4439E+01  0.4438E+01  0.4437E+01
  0.4437E+01  0.4436E+01  0.4435E+01  0.4434E+01  0.4433E+01  0.4432E+01
  0.4431E+01  0.4429E+01  0.4428E+01  0.4427E+01  0.4425E+01  0.4423E+01
  0.4422E+01  0.4420E+01  0.4418E+01  0.4416E+01  0.4414E+01  0.4412E+01
  0.4409E+01  0.4407E+01  0.4404E+01  0.4402E+01  0.4399E+01  0.4396E+01
  0.4392E+01  0.4389E+01  0.4386E+01  0.4382E+01  0.4378E+01  0.4374E+01
  0.4370E+01  0.4366E+01  0.4362E+01  0.4358E+01  0.4353E+01  0.4349E+01
  0.4344E+01  0.4340E+01  0.4336E+01  0.4331E+01  0.4327E+01  0.4323E+01
  0.4319E+01  0.4315E+01  0.4312E+01  0.4309E+01  0.4307E+01  0.4305E+01
  0.4304E+01  0.4304E+01  0.4305E+01  0.4307E+01  0.4311E+01  0.4316E+01
  0.4324E+01  0.4334E+01  0.4347E+01  0.4367E+01  0.4408E+01  0.4496E+01
  0.4629E+01  0.4746E+01  0.4790E+01  0.4734E+01  0.4680E+01  0.2184E+01
  0.4440E+01  0.4439E+01  0.4439E+01  0.4438E+01  0.4437E+01  0.4437E+01
  0.4436E+01  0.4435E+01  0.4434E+01  0.4433E+01  0.4432E+01  0.4431E+01
  0.4429E+01  0.4428E+01  0.4427E+01  0.4425E+01  0.4423E+01  0.4422E+01
  0.4420E+01  0.4418E+01  0.4416E+01  0.4414E+01  0.4412E+01  0.4409E+01
  0.4407E+01  0.4404E+01  0.4402E+01  0.4399E+01  0.4396E+01  0.4392E+01
  0.4389E+01  0.4386E+01  0.4382E+01  0.4378E+01  0.4374E+01  0.4370E+01
  0.4366E+01  0.4362E+01  0.4358E+01  0.4353E+01  0.4349E+01  0.4344E+01
  0.4340E+01  0.4336E+01  0.4331E+01  0.4327E+01  0.4323E+01  0.4319E+01
  0.4315E+01  0.4312E+01  0.4309E+01  0.4307E+01  0.4305E+01  0.4304E+01
  0.4304E+01  0.4305E+01  0.4307E+01  0.4311E+01  0.4316E+01  0.4324E+01
  0.4334E+01  0.4347E+01  0.4367E+01  0.4408E+01  0.4496E+01  0.4629E+01
  0.4746E+01  0.4790E+01  0.4734E+01  0.4680E+01  0.2184E+01  0.4440E+01
  0.4439E+01  0.4439E+01  0.4438E+01  0.4437E+01  0.4437E+01  0.4436E+01
  0.4435E+01  0.4434E+01  0.4433E+01  0.4432E+01  0.4431E+01  0.4429E+01
  0.4428E+01  0.4427E+01  0.4425E+01  0.4423E+01  0.4422E+01  0.4420E+01
  0.4418E+01  0.4416E+01  0.4414E+01  0.4412E+01  0.4409E+01  0.4407E+01
  0.4404E+01  0.4402E+01  0.4399E+01  0.4396E+01  0.4392E+01  0.4389E+01
  0.4386E+01  0.4382E+01  0.4378E+01  0.4374E+01  0.4370E+01  0.4366E+01
  0.4362E+01  0.4358E+01  0.4353E+01  0.4349E+01  0.4344E+01  0.4340E+01
  0.4336E+01  0.4331E+01  0.4327E+01  0.4323E+01  0.4319E+01  0.4315E+01
  0.4312E+01  0.4309E+01  0.4307E+01  0.4305E+01  0.4304E+01  0.4304E+01
  0.4305E+01  0.4307E+01  0.4311E+01  0.4316E+01  0.4324E+01  0.4334E+01
  0.4347E+01  0.4367E+01  0.4408E+01  0.4496E+01  0.4628E+01  0.4746E+01
  0.4789E+01  0.4734E+01  0.4680E+01  0.2184E+01  0.4440E+01  0.4439E+01
  0.4439E+01  0.4438E+01  0.4437E+01  0.4437E+01  0.4436E+01  0.4435E+01
  0.4434E+01  0.4433E+01  0.4432E+01  0.4431E+01  0.4429E+01  0.4428E+01
  0.4427E+01  0.4425E+01  0.4423E+01  0.4422E+01  0.4420E+01  0.4418E+01
  0.4416E+01  0.4414E+01  0.4412E+01  0.4409E+01  0.4407E+01  0.4404E+01
  0.4402E+01  0.4399E+01  0.4396E+01  0.4392E+01  0.4389E+01  0.4386E+01
  0.4382E+01  0.4378E+01  0.4374E+01  0.4370E+01  0.4366E+01  0.4362E+01
  0.4358E+01  0.4353E+01  0.4349E+01  0.4344E+01  0.4340E+01  0.4336E+01
  0.4331E+01  0.4327E+01  0.4323E+01  0.4319E+01  0.4315E+01  0.4312E+01
  0.4309E+01  0.4307E+01  0.4305E+01  0.4304E+01  0.4304E+01  0.4305E+01
  0.4307E+01  0.4311E+01  0.4316E+01  0.4324E+01  0.4334E+01  0.4347E+01
  0.4367E+01  0.4408E+01  0.4496E+01  0.4628E+01  0.4746E+01  0.4789E+01
  0.4734E+01  0.4680E+01  0.2183E+01  0.4440E+01  0.4439E+01  0.4439E+01
  0.4438E+01  0.4437E+01  0.4437E+01  0.4436E+01  0.4435E+01  0.4434E+01
  0.4433E+01  0.4432E+01  0.4431E+01  0.4429E+01  0.4428E+01  0.4427E+01
  0.4425E+01  0.4423E+01  0.4422E+01  0.4420E+01  0.4418E+01  0.4416E+01
  0.4414E+01  0.4412E+01  0.4409E+01  0.4407E+01  0.4404E+01  0.4402E+01
  0.4399E+01  0.4396E+01  0.4392E+01  0.4389E+01  0.4386E+01  0.4382E+01
  0.4378E+01  0.4374E+01  0.4370E+01  0.4366E+01  0.4362E+01  0.4358E+01
  0.4353E+01  0.4349E+01  0.4344E+01  0.4340E+01  0.4336E+01  0.4331E+01
  0.4327E+01  0.4323E+01  0.4319E+01  0.4315E+01  0.4312E+01  0.4309E+01
  0.4307E+01  0.4305E+01  0.4304E+01  0.4304E+01  0.4305E+01  0.4307E+01
  0.4311E+01  0.4316E+01  0.4324E+01  0.4333E+01  0.4347E+01  0.4367E+01
  0.4407E+01  0.4496E+01  0.4628E+01  0.4746E+01  0.4789E+01  0.4734E+01
  0.4680E+01  0.2182E+01  0.4440E+01  0.4439E+01  0.4439E+01  0.4438E+01
  0.4437E+01  0.4437E+01  0.4436E+01  0.4435E+01  0.4434E+01  0.4433E+01
  0.4432E+01  0.4431E+01  0.4429E+01  0.4428E+01  0.4427E+01  0.4425E+01
  0.4423E+01  0.4422E+01  0.4420E+01  0.4418E+01  0.4416E+01  0.4414E+01
  0.4412E+01  0.4409E+01  0.4407E+01  0.4404E+01  0.4402E+01  0.4399E+01
  0.4396E+01  0.4392E+01  0.4389E+01  0.4386E+01  0.4382E+01  0.4378E+01
  0.4374E+01  0.4370E+01  0.4366E+01  0.4362E+01  0.4358E+01  0.4353E+01
  0.4349E+01  0.4344E+01  0.4340E+01  0.4336E+01  0.4331E+01  0.4327E+01
  0.4323E+01  0.4319E+01  0.4315E+01  0.4312E+01  0.4309E+01  0.4307E+01
  0.4305E+01  0.4304E+01  0.4304E+01  0.4305E+01  0.4307E+01  0.4311E+01
  0.4316E+01  0.4324E+01  0.4333E+01  0.4347E+01  0.4367E+01  0.4408E+01
  0.4496E+01  0.4629E+01  0.4746E+01  0.4789E+01  0.4734E+01  0.4680E+01
  0.2181E+01  0.4440E+01  0.4439E+01  0.4439E+01  0.4438E+01  0.4437E+01
  0.4437E+01  0.4436E+01  0.4435E+01  0.4434E+01  0.4433E+01  0.4432E+01
  0.4431E+01  0.4429E+01  0.4428E+01  0.4427E+01  0.4425E+01  0.4423E+01
  0.4422E+01  0.4420E+01  0.4418E+01  0.4416E+01  0.4414E+01  0.4412E+01
  0.4409E+01  0.4407E+01  0.4404E+01  0.4402E+01  0.4399E+01  0.4396E+01
  0.4392E+01  0.4389E+01  0.4386E+01  0.4382E+01  0.4378E+01  0.4374E+01
  0.4370E+01  0.4366E+01  0.4362E+01  0.4358E+01  0.4353E+01  0.4349E+01
  0.4344E+01  0.4340E+01  0.4336E+01  0.4331E+01  0.4327E+01  0.4323E+01
  0.4319E+01  0.4315E+01  0.4312E+01  0.4309E+01  0.4307E+01  0.4305E+01
  0.4304E+01  0.4304E+01  0.4305E+01  0.4307E+01  0.4311E+01  0.4316E+01
  0.4324E+01  0.4333E+01  0.4347E+01  0.4367E+01  0.4408E+01  0.4497E+01
  0.4629E+01  0.4746E+01  0.4790E+01  0.4734E+01  0.4680E+01  0.2181E+01
  0.4440E+01  0.4439E+01  0.4439E+01  0.4438E+01  0.4437E+01  0.4437E+01
  0.4436E+01  0.4435E+01  0.4434E+01  0.4433E+01  0.4432E+01  0.4431E+01
  0.4429E+01  0.4428E+01  0.4427E+01  0.4425E+01  0.4423E+01  0.4422E+01
  0.4420E+01  0.4418E+01  0.4416E+01  0.4414E+01  0.4412E+01  0.4409E+01
  0.4407E+01  0.4404E+01  0.4402E+01  0.4399E+01  0.4396E+01  0.4392E+01
  0.4389E+01  0.4386E+01  0.4382E+01  0.4378E+01  0.4374E+01  0.4370E+01
  0.4366E+01  0.4362E+01  0.4358E+01  0.4353E+01  0.4349E+01  0.4344E+01
  0.4340E+01  0.4336E+01  0.4331E+01  0.4327E+01  0.4323E+01  0.4319E+01
  0.4315E+01  0.4312E+01  0.4309E+01  0.4307E+01  0.4305E+01  0.4304E+01
  0.4304E+01  0.4305E+01  0.4307E+01  0.4311E+01  0.4316E+01  0.4324E+01
  0.4334E+01  0.4347E+01  0.4367E+01  0.4408E+01  0.4497E+01  0.4629E+01
  0.4746E+01  0.4790E+01  0.4734E+01  0.4680E+01  0.2185E+01  0.4440E+01
  0.4439E+01  0.4439E+01  0.4438E+01  0.4437E+01  0.4437E+01  0.4436E+01
  0.4435E+01  0.4434E+01  0.4433E+01  0.4432E+01  0.4431E+01  0.4429E+01
  0.4428E+01  0.4427E+01  0.4425E+01  0.4423E+01  0.4422E+01  0.4420E+01
  0.4418E+01  0.4416E+01  0.4414E+01  0.4412E+01  0.4409E+01  0.4407E+01
  0.4404E+01  0.4402E+01  0.4399E+01  0.4396E+01  0.4392E+01  0.4389E+01
  0.4386E+01  0.4382E+01  0.4378E+01  0.4374E+01  0.4370E+01  0.4366E+01
  0.4362E+01  0.4358E+01  0.4353E+01  0.4349E+01  0.4344E+01  0.4340E+01
  0.4335E+01  0.4331E+01  0.4327E+01  0.4323E+01  0.4319E+01  0.4315E+01
  0.4312E+01  0.4309E+01  0.4307E+01  0.4305E+01  0.4304E+01  0.4304E+01
  0.4305E+01  0.4307E+01  0.4311E+01  0.4316E+01  0.4324E+01  0.4334E+01
  0.4347E+01  0.4367E+01  0.4408E+01  0.4497E+01  0.4630E+01  0.4747E+01
  0.4790E+01  0.4734E+01  0.4681E+01  0.2195E+01  0.4440E+01  0.4439E+01
  0.4439E+01  0.4438E+01  0.4437E+01  0.4437E+01  0.4436E+01  0.4435E+01
  0.4434E+01  0.4433E+01  0.4432E+01  0.4431E+01  0.4429E+01  0.4428E+01
  0.4427E+01  0.4425E+01  0.4423E+01  0.4422E+01  0.4420E+01  0.4418E+01
  0.4416E+01  0.4414E+01  0.4412E+01  0.4409E+01  0.4407E+01  0.4404E+01
  0.4402E+01  0.4399E+01  0.4396E+01  0.4392E+01  0.4389E+01  0.4386E+01
  0.4382E+01  0.4378E+01  0.4374E+01  0.4370E+01  0.4366E+01  0.4362E+01
  0.4358E+01  0.4353E+01  0.4349E+01  0.4344E+01  0.4340E+01  0.4335E+01
  0.4331E+01  0.4327E+01  0.4323E+01  0.4319E+01  0.4315E+01  0.4312E+01
  0.4309E+01  0.4307E+01  0.4305E+01  0.4304E+01  0.4304E+01  0.4305E+01
  0.4308E+01  0.4311E+01  0.4317E+01  0.4324E+01  0.4334E+01  0.4347E+01
  0.4368E+01  0.4409E+01  0.4498E+01  0.4631E+01  0.4748E+01  0.4791E+01
  0.4735E+01  0.4682E+01  0.2207E+01  0.4440E+01  0.4439E+01  0.4439E+01
  0.4438E+01  0.4437E+01  0.4437E+01  0.4436E+01  0.4435E+01  0.4434E+01
  0.4433E+01  0.4432E+01  0.4431E+01  0.4429E+01  0.4428E+01  0.4427E+01
  0.4425E+01  0.4423E+01  0.4422E+01  0.4420E+01  0.4418E+01  0.4416E+01
  0.4414E+01  0.4412E+01  0.4409E+01  0.4407E+01  0.4404E+01  0.4402E+01
  0.4399E+01  0.4396E+01  0.4392E+01  0.4389E+01  0.4386E+01  0.4382E+01
  0.4378E+01  0.4374E+01  0.4370E+01  0.4366E+01  0.4362E+01  0.4358E+01
  0.4353E+01  0.4349E+01  0.4344E+01  0.4340E+01  0.4336E+01  0.4331E+01
  0.4327E+01  0.4323E+01  0.4319E+01  0.4316E+01  0.4312E+01  0.4310E+01
  0.4307E+01  0.4306E+01  0.4305E+01  0.4305E+01  0.4306E+01  0.4308E+01
  0.4312E+01  0.4318E+01  0.4325E+01  0.4335E+01  0.4349E+01  0.4370E+01
  0.4411E+01  0.4500E+01  0.4633E+01  0.4750E+01  0.4794E+01  0.4738E+01
  0.4684E+01  0.2208E+01  0.4440E+01  0.4439E+01  0.4439E+01  0.4438E+01
  0.4437E+01  0.4437E+01  0.4436E+01  0.4435E+01  0.4434E+01  0.4433E+01
  0.4432E+01  0.4431E+01  0.4429E+01  0.4428E+01  0.4427E+01  0.4425E+01
  0.4423E+01  0.4422E+01  0.4420E+01  0.4418E+01  0.4416E+01  0.4414E+01
  0.4412E+01  0.4409E+01  0.4407E+01  0.4404E+01  0.4401E+01  0.4399E+01
  0.4396E+01  0.4392E+01  0.4389E+01  0.4386E+01  0.4382E+01  0.4378E+01
  0.4374E+01  0.4370E+01  0.4366E+01  0.4362E+01  0.4358E+01  0.4353E+01
  0.4349E+01  0.4345E+01  0.4340E+01  0.4336E+01  0.4332E+01  0.4327E+01
  0.4323E+01  0.4320E+01  0.4316E+01  0.4313E+01  0.4310E+01  0.4308E+01
  0.4307E+01  0.4306E+01  0.4306E+01  0.4308E+01  0.4310E+01  0.4314E+01
  0.4320E+01  0.4328E+01  0.4338E+01  0.4352E+01  0.4373E+01  0.4413E+01
  0.4500E+01  0.4632E+01  0.4751E+01  0.4797E+01  0.4743E+01  0.4689E+01
  0.2172E+01  0.4440E+01  0.4439E+01  0.4439E+01  0.4438E+01  0.4437E+01
  0.4437E+01  0.4436E+01  0.4435E+01  0.4434E+01  0.4433E+01  0.4432E+01
  0.4431E+01  0.4429E+01  0.4428E+01  0.4427E+01  0.4425E+01  0.4423E+01
  0.4422E+01  0.4420E+01  0.4418E+01  0.4416E+01  0.4414E+01  0.4412E+01
  0.4409E+01  0.4407E+01  0.4404E+01  0.4402E+01  0.4399E+01  0.4396E+01
  0.4392E+01  0.4389E+01  0.4386E+01  0.4382E+01  0.4378E+01  0.4375E+01
  0.4371E+01  0.4367E+01  0.4362E+01  0.4358E+01  0.4354E+01  0.4350E+01
  0.4345E+01  0.4341E+01  0.4337E+01  0.4332E+01  0.4328E+01  0.4324E+01
  0.4321E+01  0.4317E+01  0.4314E+01  0.4312E+01  0.4310E+01  0.4309E+01
  0.4308E+01  0.4308E+01  0.4310E+01  0.4313E+01  0.4317E+01  0.4323E+01
  0.4331E+01  0.4342E+01  0.4356E+01  0.4376E+01  0.4414E+01  0.4498E+01
  0.4628E+01  0.4750E+01  0.4800E+01  0.4749E+01  0.4693E+01  0.2099E+01
  0.4440E+01  0.4439E+01  0.4439E+01  0.4438E+01  0.4437E+01  0.4437E+01
  0.4436E+01  0.4435E+01  0.4434E+01  0.4433E+01  0.4432E+01  0.4431E+01
  0.4429E+01  0.4428E+01  0.4427E+01  0.4425E+01  0.4423E+01  0.4422E+01
  0.4420E+01  0.4418E+01  0.4416E+01  0.4414E+01  0.4412E+01  0.4409E+01
  0.4407E+01  0.4404E+01  0.4402E+01  0.4399E+01  0.4396E+01  0.4393E+01
  0.4389E+01  0.4386E+01  0.4382E+01  0.4379E+01  0.4375E+01  0.4371E+01
  0.4367E+01  0.4363E+01  0.4359E+01  0.4355E+01  0.4350E+01  0.4346E+01
  0.4342E+01  0.4338E+01  0.4334E+01  0.4330E+01  0.4326E+01  0.4322E+01
  0.4319E+01  0.4316E+01  0.4314E+01  0.4312E+01  0.4311E+01  0.4310E+01
  0.4311E+01  0.4312E+01  0.4315E+01  0.4319E+01  0.4326E+01  0.4334E+01
  0.4345E+01  0.4359E+01  0.4378E+01  0.4414E+01  0.4492E+01  0.4620E+01
  0.4746E+01  0.4802E+01  0.4754E+01  0.4699E+01  0.2095E+01  0.4440E+01
  0.4439E+01  0.4439E+01  0.4438E+01  0.4437E+01  0.4437E+01  0.4436E+01
  0.4435E+01  0.4434E+01  0.4433E+01  0.4432E+01  0.4431E+01  0.4429E+01
  0.4428E+01  0.4427E+01  0.4425E+01  0.4424E+01  0.4422E+01  0.4420E+01
  0.4418E+01  0.4416E+01  0.4414E+01  0.4412E+01  0.4410E+01  0.4407E+01
  0.4405E+01  0.4402E+01  0.4399E+01  0.4396E+01  0.4393E+01  0.4390E+01
  0.4387E+01  0.4383E+01  0.4379E+01  0.4376E+01  0.4372E+01  0.4368E+01
  0.4364E+01  0.4360E+01  0.4355E+01  0.4351E+01  0.4347E+01  0.4343E+01
  0.4339E+01  0.4335E+01  0.4331E+01  0.4327E+01  0.4323E+01  0.4320E+01
  0.4317E+01  0.4315E+01  0.4313E+01  0.4312E+01  0.4312E+01  0.4312E+01
  0.4314E+01  0.4317E+01  0.4321E+01  0.4327E+01  0.4336E+01  0.4347E+01
  0.4361E+01  0.4380E+01  0.4411E+01  0.4480E+01  0.4604E+01  0.4736E+01
  0.4805E+01  0.4767E+01  0.4711E+01  0.2306E+01  0.4440E+01  0.4439E+01
  0.4439E+01  0.4438E+01  0.4437E+01  0.4437E+01  0.4436E+01  0.4435E+01
  0.4434E+01  0.4433E+01  0.4432E+01  0.4431E+01  0.4429E+01  0.4428E+01
  0.4427E+01  0.4425E+01  0.4424E+01  0.4422E+01  0.4420E+01  0.4418E+01
  0.4417E+01  0.4414E+01  0.4412E+01  0.4410E+01  0.4408E+01  0.4405E+01
  0.4402E+01  0.4400E+01  0.4397E+01  0.4394E+01  0.4390E+01  0.4387E+01
  0.4383E+01  0.4380E+01  0.4376E+01  0.4372E+01  0.4368E+01  0.4364E+01
  0.4360E+01  0.4356E+01  0.4352E+01  0.4348E+01  0.4343E+01  0.4339E+01
  0.4335E+01  0.4331E+01  0.4328E+01  0.4324E+01  0.4321E+01  0.4318E+01
  0.4316E+01  0.4314E+01  0.4313E+01  0.4313E+01  0.4313E+01  0.4315E+01
  0.4318E+01  0.4323E+01  0.4329E+01  0.4338E+01  0.4349E+01  0.4363E+01
  0.4382E+01  0.4410E+01  0.4463E+01  0.4573E+01  0.4714E+01  0.4808E+01
  0.4793E+01  0.4741E+01  0.2202E+01  0.4440E+01  0.4439E+01  0.4439E+01
  0.4438E+01  0.4437E+01  0.4437E+01  0.4436E+01  0.4435E+01  0.4434E+01
  0.4433E+01  0.4432E+01  0.4431E+01  0.4429E+01  0.4428E+01  0.4427E+01
  0.4425E+01  0.4424E+01  0.4422E+01  0.4420E+01  0.4419E+01  0.4417E+01
  0.4414E+01  0.4412E+01  0.4410E+01  0.4408E+01  0.4405E+01  0.4402E+01
  0.4399E+01  0.4396E+01  0.4393E+01  0.4390E+01  0.4387E+01  0.4383E+01
  0.4379E+01  0.4376E+01  0.4372E+01  0.4368E+01  0.4364E+01  0.4359E+01
  0.4355E+01  0.4351E+01  0.4347E+01  0.4342E+01  0.4338E+01  0.4334E+01
  0.4330E+01  0.4326E+01  0.4322E+01  0.4319E+01  0.4316E+01  0.4313E+01
  0.4311E+01  0.4310E+01  0.4309E+01  0.4310E+01  0.4311E+01  0.4314E+01
  0.4318E+01  0.4324E+01  0.4332E+01  0.4343E+01  0.4357E+01  0.4375E+01
  0.4399E+01  0.4438E+01  0.4520E+01  0.4657E+01  0.4780E+01  0.4808E+01
  0.4798E+01  0.4953E+01  0.4440E+01  0.4439E+01  0.4439E+01  0.4438E+01
  0.4437E+01  0.4436E+01  0.4436E+01  0.4435E+01  0.4434E+01  0.4433E+01
  0.4431E+01  0.4430E+01  0.4429E+01  0.4428E+01  0.4426E+01  0.4425E+01
  0.4423E+01  0.4421E+01  0.4419E+01  0.4417E+01  0.4415E+01  0.4413E+01
  0.4411E+01  0.4408E+01  0.4406E+01  0.4403E+01  0.4400E+01  0.4397E+01
  0.4394E+01  0.4390E+01  0.4387E+01  0.4383E+01  0.4379E+01  0.4375E+01
  0.4371E+01  0.4367E+01  0.4362E+01  0.4357E+01  0.4353E+01  0.4348E+01
  0.4343E+01  0.4338E+01  0.4333E+01  0.4328E+01  0.4323E+01  0.4318E+01
  0.4313E+01  0.4308E+01  0.4303E+01  0.4299E+01  0.4295E+01  0.4291E+01
  0.4288E+01  0.4285E+01  0.4283E+01  0.4282E+01  0.4281E+01  0.4282E+01
  0.4285E+01  0.4289E+01  0.4295E+01  0.4304E+01  0.4316E+01  0.4333E+01
  0.4359E+01  0.4406E+01  0.4514E+01  0.4665E+01  0.4758E+01  0.4771E+01
  0.2223E+01
