  0.1281E-15  0.2991E-02  0.3376E-02  0.3812E-02  0.4307E-02  0.4869E-02
  0.5508E-02  0.6078E-02  0.6633E-02  0.7244E-02  0.7917E-02  0.8659E-02
  0.9478E-02  0.1038E-01  0.1138E-01  0.1248E-01  0.1371E-01  0.1506E-01
  0.1655E-01  0.1821E-01  0.2005E-01  0.2209E-01  0.2436E-01  0.2687E-01
  0.2967E-01  0.3278E-01  0.3624E-01  0.4009E-01  0.4438E-01  0.4917E-01
  0.5450E-01  0.6046E-01  0.6711E-01  0.7454E-01  0.8286E-01  0.9217E-01
  0.1026E+00  0.1143E+00  0.1274E+00  0.1422E+00  0.1589E+00  0.1776E+00
  0.1988E+00  0.2228E+00  0.2500E+00  0.2810E+00  0.3163E+00  0.3567E+00
  0.4031E+00  0.4566E+00  0.5186E+00  0.5907E+00  0.6752E+00  0.7747E+00
  0.8928E+00  0.1034E+01  0.1205E+01  0.1413E+01  0.1673E+01  0.2014E+01
  0.2552E+01  0.3774E+01  0.7173E+01  0.1476E+02  0.2518E+02  0.3273E+02
  0.3327E+02  0.2721E+02  0.1740E+02  0.7216E+01  0.2466E-01  0.1361E-15
  0.7230E-02  0.7745E-02  0.8305E-02  0.8917E-02  0.9585E-02  0.1031E-01
  0.1111E-01  0.1199E-01  0.1294E-01  0.1399E-01  0.1514E-01  0.1640E-01
  0.1778E-01  0.1930E-01  0.2097E-01  0.2281E-01  0.2483E-01  0.2706E-01
  0.2952E-01  0.3223E-01  0.3523E-01  0.3854E-01  0.4219E-01  0.4624E-01
  0.5072E-01  0.5568E-01  0.6117E-01  0.6727E-01  0.7404E-01  0.8156E-01
  0.8991E-01  0.9921E-01  0.1096E+00  0.1211E+00  0.1340E+00  0.1484E+00
  0.1644E+00  0.1824E+00  0.2026E+00  0.2253E+00  0.2508E+00  0.2795E+00
  0.3120E+00  0.3488E+00  0.3906E+00  0.4382E+00  0.4926E+00  0.5551E+00
  0.6271E+00  0.7105E+00  0.8076E+00  0.9214E+00  0.1056E+01  0.1215E+01
  0.1407E+01  0.1640E+01  0.1934E+01  0.2340E+01  0.3057E+01  0.4749E+01
  0.8985E+01  0.1735E+02  0.2841E+02  0.3734E+02  0.4026E+02  0.3680E+02
  0.2884E+02  0.1879E+02  0.8670E+01  0.1724E+01  0.1411E-15  0.7354E-02
  0.8042E-02  0.8803E-02  0.9633E-02  0.1054E-01  0.1152E-01  0.1259E-01
  0.1375E-01  0.1503E-01  0.1642E-01  0.1794E-01  0.1960E-01  0.2143E-01
  0.2343E-01  0.2563E-01  0.2805E-01  0.3071E-01  0.3364E-01  0.3687E-01
  0.4043E-01  0.4436E-01  0.4870E-01  0.5350E-01  0.5880E-01  0.6468E-01
  0.7118E-01  0.7839E-01  0.8638E-01  0.9525E-01  0.1051E+00  0.1161E+00
  0.1282E+00  0.1418E+00  0.1569E+00  0.1738E+00  0.1926E+00  0.2137E+00
  0.2372E+00  0.2636E+00  0.2933E+00  0.3266E+00  0.3642E+00  0.4066E+00
  0.4547E+00  0.5092E+00  0.5714E+00  0.6424E+00  0.7239E+00  0.8178E+00
  0.9265E+00  0.1053E+01  0.1201E+01  0.1377E+01  0.1586E+01  0.1840E+01
  0.2170E+01  0.2661E+01  0.3598E+01  0.5762E+01  0.1068E+02  0.1965E+02
  0.3133E+02  0.4148E+02  0.4618E+02  0.4435E+02  0.3764E+02  0.2850E+02
  0.1837E+02  0.8695E+01  0.3636E+00  0.1448E-15  0.7360E-02  0.8026E-02
  0.8765E-02  0.9583E-02  0.1049E-01  0.1149E-01  0.1259E-01  0.1381E-01
  0.1515E-01  0.1663E-01  0.1827E-01  0.2007E-01  0.2205E-01  0.2424E-01
  0.2666E-01  0.2933E-01  0.3228E-01  0.3554E-01  0.3914E-01  0.4312E-01
  0.4753E-01  0.5242E-01  0.5783E-01  0.6383E-01  0.7048E-01  0.7787E-01
  0.8607E-01  0.9519E-01  0.1053E+00  0.1166E+00  0.1292E+00  0.1432E+00
  0.1588E+00  0.1762E+00  0.1957E+00  0.2175E+00  0.2418E+00  0.2692E+00
  0.2999E+00  0.3344E+00  0.3732E+00  0.4171E+00  0.4667E+00  0.5229E+00
  0.5868E+00  0.6597E+00  0.7431E+00  0.8390E+00  0.9495E+00  0.1078E+01
  0.1227E+01  0.1403E+01  0.1611E+01  0.1864E+01  0.2190E+01  0.2673E+01
  0.3563E+01  0.5518E+01  0.9840E+01  0.1793E+02  0.2934E+02  0.4078E+02
  0.4826E+02  0.4971E+02  0.4565E+02  0.3814E+02  0.2876E+02  0.1840E+02
  0.8700E+01  0.1328E+00  0.1477E-15  0.7360E-02  0.8022E-02  0.8749E-02
  0.9552E-02  0.1044E-01  0.1141E-01  0.1250E-01  0.1369E-01  0.1501E-01
  0.1648E-01  0.1810E-01  0.1990E-01  0.2189E-01  0.2410E-01  0.2654E-01
  0.2925E-01  0.3226E-01  0.3559E-01  0.3930E-01  0.4340E-01  0.4796E-01
  0.5303E-01  0.5866E-01  0.6492E-01  0.7187E-01  0.7961E-01  0.8823E-01
  0.9782E-01  0.1085E+00  0.1204E+00  0.1337E+00  0.1486E+00  0.1651E+00
  0.1837E+00  0.2044E+00  0.2276E+00  0.2536E+00  0.2828E+00  0.3157E+00
  0.3526E+00  0.3943E+00  0.4413E+00  0.4946E+00  0.5550E+00  0.6238E+00
  0.7023E+00  0.7922E+00  0.8956E+00  0.1015E+01  0.1153E+01  0.1315E+01
  0.1505E+01  0.1733E+01  0.2015E+01  0.2400E+01  0.3026E+01  0.4279E+01
  0.7057E+01  0.1279E+02  0.2240E+02  0.3438E+02  0.4504E+02  0.5096E+02
  0.5096E+02  0.4611E+02  0.3833E+02  0.2878E+02  0.1833E+02  0.8680E+01
  0.7407E-01  0.1502E-15  0.7360E-02  0.8021E-02  0.8748E-02  0.9548E-02
  0.1043E-01  0.1140E-01  0.1247E-01  0.1365E-01  0.1496E-01  0.1640E-01
  0.1800E-01  0.1978E-01  0.2174E-01  0.2392E-01  0.2634E-01  0.2903E-01
  0.3201E-01  0.3533E-01  0.3902E-01  0.4312E-01  0.4769E-01  0.5277E-01
  0.5843E-01  0.6474E-01  0.7177E-01  0.7960E-01  0.8835E-01  0.9810E-01
  0.1090E+00  0.1212E+00  0.1348E+00  0.1500E+00  0.1670E+00  0.1860E+00
  0.2074E+00  0.2313E+00  0.2582E+00  0.2884E+00  0.3224E+00  0.3607E+00
  0.4039E+00  0.4528E+00  0.5082E+00  0.5711E+00  0.6427E+00  0.7245E+00
  0.8182E+00  0.9260E+00  0.1051E+01  0.1195E+01  0.1364E+01  0.1563E+01
  0.1803E+01  0.2105E+01  0.2534E+01  0.3270E+01  0.4794E+01  0.8131E+01
  0.1471E+02  0.2506E+02  0.3714E+02  0.4721E+02  0.5226E+02  0.5154E+02
  0.4633E+02  0.3842E+02  0.2877E+02  0.1828E+02  0.8668E+01  0.5919E-01
  0.1524E-15  0.7360E-02  0.8022E-02  0.8749E-02  0.9549E-02  0.1043E-01
  0.1140E-01  0.1247E-01  0.1365E-01  0.1495E-01  0.1639E-01  0.1798E-01
  0.1974E-01  0.2170E-01  0.2386E-01  0.2626E-01  0.2892E-01  0.3188E-01
  0.3516E-01  0.3882E-01  0.4288E-01  0.4741E-01  0.5246E-01  0.5808E-01
  0.6435E-01  0.7134E-01  0.7915E-01  0.8787E-01  0.9762E-01  0.1085E+00
  0.1207E+00  0.1343E+00  0.1496E+00  0.1667E+00  0.1859E+00  0.2075E+00
  0.2317E+00  0.2589E+00  0.2895E+00  0.3240E+00  0.3630E+00  0.4070E+00
  0.4568E+00  0.5134E+00  0.5777E+00  0.6510E+00  0.7348E+00  0.8310E+00
  0.9416E+00  0.1070E+01  0.1218E+01  0.1392E+01  0.1598E+01  0.1846E+01
  0.2165E+01  0.2629E+01  0.3455E+01  0.5194E+01  0.8962E+01  0.1616E+02
  0.2699E+02  0.3912E+02  0.4876E+02  0.5322E+02  0.5203E+02  0.4656E+02
  0.3852E+02  0.2878E+02  0.1826E+02  0.8664E+01  0.5413E-01  0.1545E-15
  0.7360E-02  0.8022E-02  0.8749E-02  0.9549E-02  0.1043E-01  0.1140E-01
  0.1247E-01  0.1365E-01  0.1496E-01  0.1639E-01  0.1799E-01  0.1975E-01
  0.2170E-01  0.2385E-01  0.2625E-01  0.2890E-01  0.3185E-01  0.3512E-01
  0.3876E-01  0.4280E-01  0.4730E-01  0.5231E-01  0.5790E-01  0.6413E-01
  0.7108E-01  0.7883E-01  0.8749E-01  0.9717E-01  0.1080E+00  0.1201E+00
  0.1337E+00  0.1489E+00  0.1659E+00  0.1851E+00  0.2065E+00  0.2307E+00
  0.2579E+00  0.2885E+00  0.3230E+00  0.3620E+00  0.4061E+00  0.4561E+00
  0.5129E+00  0.5776E+00  0.6514E+00  0.7358E+00  0.8328E+00  0.9445E+00
  0.1074E+01  0.1224E+01  0.1400E+01  0.1609E+01  0.1862E+01  0.2188E+01
  0.2670E+01  0.3542E+01  0.5393E+01  0.9388E+01  0.1691E+02  0.2801E+02
  0.4017E+02  0.4962E+02  0.5379E+02  0.5236E+02  0.4675E+02  0.3862E+02
  0.2880E+02  0.1825E+02  0.8664E+01  0.4977E-01  0.1565E-15  0.7360E-02
  0.8022E-02  0.8749E-02  0.9549E-02  0.1043E-01  0.1140E-01  0.1247E-01
  0.1365E-01  0.1496E-01  0.1640E-01  0.1799E-01  0.1975E-01  0.2170E-01
  0.2386E-01  0.2625E-01  0.2891E-01  0.3185E-01  0.3512E-01  0.3876E-01
  0.4280E-01  0.4729E-01  0.5229E-01  0.5786E-01  0.6407E-01  0.7100E-01
  0.7873E-01  0.8736E-01  0.9700E-01  0.1078E+00  0.1198E+00  0.1333E+00
  0.1485E+00  0.1654E+00  0.1845E+00  0.2058E+00  0.2299E+00  0.2569E+00
  0.2874E+00  0.3218E+00  0.3606E+00  0.4045E+00  0.4544E+00  0.5110E+00
  0.5754E+00  0.6490E+00  0.7333E+00  0.8301E+00  0.9417E+00  0.1071E+01
  0.1221E+01  0.1398E+01  0.1606E+01  0.1859E+01  0.2186E+01  0.2669E+01
  0.3544E+01  0.5409E+01  0.9439E+01  0.1703E+02  0.2820E+02  0.4039E+02
  0.4982E+02  0.5393E+02  0.5245E+02  0.4681E+02  0.3866E+02  0.2882E+02
  0.1825E+02  0.8665E+01  0.4822E-01  0.1584E-15  0.7360E-02  0.8022E-02
  0.8749E-02  0.9549E-02  0.1043E-01  0.1140E-01  0.1247E-01  0.1365E-01
  0.1496E-01  0.1640E-01  0.1799E-01  0.1975E-01  0.2170E-01  0.2386E-01
  0.2626E-01  0.2891E-01  0.3186E-01  0.3513E-01  0.3877E-01  0.4281E-01
  0.4730E-01  0.5230E-01  0.5787E-01  0.6408E-01  0.7100E-01  0.7873E-01
  0.8735E-01  0.9698E-01  0.1077E+00  0.1198E+00  0.1333E+00  0.1484E+00
  0.1653E+00  0.1843E+00  0.2056E+00  0.2295E+00  0.2565E+00  0.2869E+00
  0.3212E+00  0.3599E+00  0.4037E+00  0.4533E+00  0.5097E+00  0.5740E+00
  0.6473E+00  0.7313E+00  0.8278E+00  0.9390E+00  0.1068E+01  0.1218E+01
  0.1393E+01  0.1601E+01  0.1854E+01  0.2179E+01  0.2658E+01  0.3523E+01
  0.5367E+01  0.9363E+01  0.1691E+02  0.2808E+02  0.4029E+02  0.4976E+02
  0.5391E+02  0.5243E+02  0.4680E+02  0.3865E+02  0.2881E+02  0.1825E+02
  0.8664E+01  0.4827E-01  0.1602E-15  0.7360E-02  0.8022E-02  0.8749E-02
  0.9549E-02  0.1043E-01  0.1140E-01  0.1247E-01  0.1365E-01  0.1496E-01
  0.1640E-01  0.1799E-01  0.1975E-01  0.2170E-01  0.2386E-01  0.2626E-01
  0.2891E-01  0.3186E-01  0.3513E-01  0.3877E-01  0.4281E-01  0.4731E-01
  0.5231E-01  0.5789E-01  0.6410E-01  0.7102E-01  0.7874E-01  0.8736E-01
  0.9699E-01  0.1078E+00  0.1198E+00  0.1333E+00  0.1484E+00  0.1653E+00
  0.1842E+00  0.2055E+00  0.2295E+00  0.2564E+00  0.2868E+00  0.3210E+00
  0.3596E+00  0.4034E+00  0.4529E+00  0.5093E+00  0.5734E+00  0.6466E+00
  0.7304E+00  0.8267E+00  0.9378E+00  0.1066E+01  0.1216E+01  0.1391E+01
  0.1599E+01  0.1850E+01  0.2174E+01  0.2651E+01  0.3510E+01  0.5338E+01
  0.9306E+01  0.1682E+02  0.2796E+02  0.4020E+02  0.4970E+02  0.5389E+02
  0.5243E+02  0.4680E+02  0.3864E+02  0.2881E+02  0.1825E+02  0.8663E+01
  0.4854E-01  0.1620E-15  0.7360E-02  0.8022E-02  0.8749E-02  0.9549E-02
  0.1043E-01  0.1140E-01  0.1247E-01  0.1365E-01  0.1496E-01  0.1640E-01
  0.1799E-01  0.1975E-01  0.2170E-01  0.2386E-01  0.2626E-01  0.2891E-01
  0.3186E-01  0.3513E-01  0.3877E-01  0.4281E-01  0.4731E-01  0.5232E-01
  0.5789E-01  0.6410E-01  0.7103E-01  0.7875E-01  0.8738E-01  0.9701E-01
  0.1078E+00  0.1198E+00  0.1333E+00  0.1484E+00  0.1653E+00  0.1843E+00
  0.2056E+00  0.2295E+00  0.2564E+00  0.2867E+00  0.3210E+00  0.3596E+00
  0.4033E+00  0.4528E+00  0.5091E+00  0.5732E+00  0.6463E+00  0.7301E+00
  0.8263E+00  0.9372E+00  0.1066E+01  0.1215E+01  0.1390E+01  0.1598E+01
  0.1849E+01  0.2172E+01  0.2647E+01  0.3503E+01  0.5323E+01  0.9276E+01
  0.1677E+02  0.2790E+02  0.4014E+02  0.4966E+02  0.5387E+02  0.5243E+02
  0.4680E+02  0.3865E+02  0.2881E+02  0.1825E+02  0.8663E+01  0.4872E-01
  0.1637E-15  0.7360E-02  0.8022E-02  0.8749E-02  0.9549E-02  0.1043E-01
  0.1140E-01  0.1247E-01  0.1365E-01  0.1496E-01  0.1640E-01  0.1799E-01
  0.1975E-01  0.2170E-01  0.2386E-01  0.2626E-01  0.2891E-01  0.3186E-01
  0.3513E-01  0.3877E-01  0.4281E-01  0.4731E-01  0.5232E-01  0.5789E-01
  0.6410E-01  0.7103E-01  0.7875E-01  0.8738E-01  0.9701E-01  0.1078E+00
  0.1198E+00  0.1333E+00  0.1484E+00  0.1653E+00  0.1843E+00  0.2056E+00
  0.2295E+00  0.2565E+00  0.2868E+00  0.3210E+00  0.3596E+00  0.4033E+00
  0.4528E+00  0.5091E+00  0.5732E+00  0.6463E+00  0.7300E+00  0.8262E+00
  0.9370E+00  0.1065E+01  0.1215E+01  0.1390E+01  0.1597E+01  0.1848E+01
  0.2171E+01  0.2645E+01  0.3499E+01  0.5314E+01  0.9255E+01  0.1673E+02
  0.2785E+02  0.4009E+02  0.4963E+02  0.5385E+02  0.5242E+02  0.4680E+02
  0.3865E+02  0.2881E+02  0.1825E+02  0.8664E+01  0.4899E-01  0.1653E-15
  0.7360E-02  0.8022E-02  0.8749E-02  0.9549E-02  0.1043E-01  0.1140E-01
  0.1247E-01  0.1365E-01  0.1496E-01  0.1640E-01  0.1799E-01  0.1975E-01
  0.2170E-01  0.2386E-01  0.2626E-01  0.2891E-01  0.3186E-01  0.3513E-01
  0.3877E-01  0.4281E-01  0.4731E-01  0.5231E-01  0.5789E-01  0.6410E-01
  0.7103E-01  0.7875E-01  0.8738E-01  0.9701E-01  0.1078E+00  0.1198E+00
  0.1333E+00  0.1484E+00  0.1653E+00  0.1843E+00  0.2056E+00  0.2295E+00
  0.2565E+00  0.2868E+00  0.3210E+00  0.3596E+00  0.4034E+00  0.4529E+00
  0.5092E+00  0.5732E+00  0.6463E+00  0.7300E+00  0.8262E+00  0.9370E+00
  0.1065E+01  0.1215E+01  0.1390E+01  0.1597E+01  0.1848E+01  0.2171E+01
  0.2644E+01  0.3496E+01  0.5308E+01  0.9242E+01  0.1671E+02  0.2782E+02
  0.4005E+02  0.4959E+02  0.5382E+02  0.5241E+02  0.4679E+02  0.3865E+02
  0.2881E+02  0.1825E+02  0.8664E+01  0.4928E-01  0.1670E-15  0.7360E-02
  0.8022E-02  0.8749E-02  0.9549E-02  0.1043E-01  0.1140E-01  0.1247E-01
  0.1365E-01  0.1496E-01  0.1640E-01  0.1799E-01  0.1975E-01  0.2170E-01
  0.2386E-01  0.2626E-01  0.2891E-01  0.3186E-01  0.3513E-01  0.3877E-01
  0.4281E-01  0.4731E-01  0.5231E-01  0.5789E-01  0.6410E-01  0.7103E-01
  0.7875E-01  0.8738E-01  0.9701E-01  0.1078E+00  0.1198E+00  0.1333E+00
  0.1484E+00  0.1653E+00  0.1843E+00  0.2056E+00  0.2295E+00  0.2565E+00
  0.2868E+00  0.3210E+00  0.3597E+00  0.4034E+00  0.4529E+00  0.5092E+00
  0.5733E+00  0.6464E+00  0.7301E+00  0.8263E+00  0.9371E+00  0.1065E+01
  0.1215E+01  0.1390E+01  0.1597E+01  0.1848E+01  0.2171E+01  0.2644E+01
  0.3496E+01  0.5307E+01  0.9239E+01  0.1670E+02  0.2781E+02  0.4003E+02
  0.4957E+02  0.5381E+02  0.5239E+02  0.4678E+02  0.3864E+02  0.2881E+02
  0.1825E+02  0.8663E+01  0.4942E-01  0.1685E-15  0.7360E-02  0.8022E-02
  0.8749E-02  0.9549E-02  0.1043E-01  0.1140E-01  0.1247E-01  0.1365E-01
  0.1496E-01  0.1640E-01  0.1799E-01  0.1975E-01  0.2170E-01  0.2386E-01
  0.2626E-01  0.2891E-01  0.3186E-01  0.3513E-01  0.3877E-01  0.4281E-01
  0.4731E-01  0.5231E-01  0.5789E-01  0.6410E-01  0.7103E-01  0.7875E-01
  0.8738E-01  0.9701E-01  0.1078E+00  0.1198E+00  0.1333E+00  0.1484E+00
  0.1653E+00  0.1843E+00  0.2056E+00  0.2295E+00  0.2565E+00  0.2868E+00
  0.3210E+00  0.3597E+00  0.4034E+00  0.4529E+00  0.5092E+00  0.5733E+00
  0.6464E+00  0.7301E+00  0.8263E+00  0.9372E+00  0.1066E+01  0.1215E+01
  0.1390E+01  0.1597E+01  0.1848E+01  0.2171E+01  0.2645E+01  0.3497E+01
  0.5308E+01  0.9241E+01  0.1671E+02  0.2781E+02  0.4004E+02  0.4957E+02
  0.5380E+02  0.5239E+02  0.4678E+02  0.3864E+02  0.2881E+02  0.1825E+02
  0.8663E+01  0.4944E-01  0.1701E-15  0.7360E-02  0.8022E-02  0.8749E-02
  0.9549E-02  0.1043E-01  0.1140E-01  0.1247E-01  0.1365E-01  0.1496E-01
  0.1640E-01  0.1799E-01  0.1975E-01  0.2170E-01  0.2386E-01  0.2626E-01
  0.2891E-01  0.3186E-01  0.3513E-01  0.3877E-01  0.4281E-01  0.4731E-01
  0.5231E-01  0.5789E-01  0.6410E-01  0.7103E-01  0.7875E-01  0.8738E-01
  0.9701E-01  0.1078E+00  0.1198E+00  0.1333E+00  0.1484E+00  0.1653E+00
  0.1843E+00  0.2056E+00  0.2295E+00  0.2565E+00  0.2868E+00  0.3210E+00
  0.3597E+00  0.4034E+00  0.4529E+00  0.5092E+00  0.5733E+00  0.6464E+00
  0.7301E+00  0.8263E+00  0.9372E+00  0.1066E+01  0.1215E+01  0.1390E+01
  0.1597E+01  0.1848E+01  0.2171E+01  0.2645E+01  0.3497E+01  0.5309E+01
  0.9244E+01  0.1671E+02  0.2782E+02  0.4004E+02  0.4958E+02  0.5381E+02
  0.5239E+02  0.4678E+02  0.3864E+02  0.2881E+02  0.1825E+02  0.8663E+01
  0.4939E-01  0.1715E-15  0.7360E-02  0.8022E-02  0.8749E-02  0.9549E-02
  0.1043E-01  0.1140E-01  0.1247E-01  0.1365E-01  0.1496E-01  0.1640E-01
  0.1799E-01  0.1975E-01  0.2170E-01  0.2386E-01  0.2626E-01  0.2891E-01
  0.3186E-01  0.3513E-01  0.3877E-01  0.4281E-01  0.4731E-01  0.5231E-01
  0.5789E-01  0.6410E-01  0.7103E-01  0.7875E-01  0.8738E-01  0.9701E-01
  0.1078E+00  0.1198E+00  0.1333E+00  0.1484E+00  0.1653E+00  0.1843E+00
  0.2056E+00  0.2295E+00  0.2565E+00  0.2868E+00  0.3210E+00  0.3597E+00
  0.4034E+00  0.4529E+00  0.5092E+00  0.5733E+00  0.6464E+00  0.7301E+00
  0.8263E+00  0.9372E+00  0.1066E+01  0.1215E+01  0.1390E+01  0.1597E+01
  0.1848E+01  0.2171E+01  0.2645E+01  0.3497E+01  0.5310E+01  0.9245E+01
  0.1671E+02  0.2782E+02  0.4005E+02  0.4958E+02  0.5381E+02  0.5240E+02
  0.4678E+02  0.3864E+02  0.2881E+02  0.1825E+02  0.8663E+01  0.4936E-01
  0.1730E-15  0.7360E-02  0.8022E-02  0.8749E-02  0.9549E-02  0.1043E-01
  0.1140E-01  0.1247E-01  0.1365E-01  0.1496E-01  0.1640E-01  0.1799E-01
  0.1975E-01  0.2170E-01  0.2386E-01  0.2626E-01  0.2891E-01  0.3186E-01
  0.3513E-01  0.3877E-01  0.4281E-01  0.4731E-01  0.5231E-01  0.5789E-01
  0.6410E-01  0.7103E-01  0.7875E-01  0.8738E-01  0.9701E-01  0.1078E+00
  0.1198E+00  0.1333E+00  0.1484E+00  0.1653E+00  0.1843E+00  0.2056E+00
  0.2295E+00  0.2565E+00  0.2868E+00  0.3210E+00  0.3597E+00  0.4034E+00
  0.4529E+00  0.5092E+00  0.5733E+00  0.6464E+00  0.7301E+00  0.8263E+00
  0.9372E+00  0.1066E+01  0.1215E+01  0.1390E+01  0.1597E+01  0.1848E+01
  0.2171E+01  0.2645E+01  0.3497E+01  0.5310E+01  0.9245E+01  0.1671E+02
  0.2782E+02  0.4005E+02  0.4958E+02  0.5381E+02  0.5240E+02  0.4678E+02
  0.3864E+02  0.2881E+02  0.1825E+02  0.8663E+01  0.4934E-01  0.1744E-15
  0.7360E-02  0.8022E-02  0.8749E-02  0.9549E-02  0.1043E-01  0.1140E-01
  0.1247E-01  0.1365E-01  0.1496E-01  0.1640E-01  0.1799E-01  0.1975E-01
  0.2170E-01  0.2386E-01  0.2626E-01  0.2891E-01  0.3186E-01  0.3513E-01
  0.3877E-01  0.4281E-01  0.4731E-01  0.5231E-01  0.5789E-01  0.6410E-01
  0.7103E-01  0.7875E-01  0.8738E-01  0.9701E-01  0.1078E+00  0.1198E+00
  0.1333E+00  0.1484E+00  0.1653E+00  0.1843E+00  0.2056E+00  0.2295E+00
  0.2565E+00  0.2868E+00  0.3210E+00  0.3597E+00  0.4034E+00  0.4529E+00
  0.5092E+00  0.5733E+00  0.6464E+00  0.7301E+00  0.8263E+00  0.9372E+00
  0.1066E+01  0.1215E+01  0.1390E+01  0.1597E+01  0.1848E+01  0.2171E+01
  0.2645E+01  0.3497E+01  0.5310E+01  0.9245E+01  0.1671E+02  0.2782E+02
  0.4005E+02  0.4958E+02  0.5381E+02  0.5240E+02  0.4678E+02  0.3864E+02
  0.2881E+02  0.1825E+02  0.8663E+01  0.4934E-01  0.1757E-15  0.7360E-02
  0.8022E-02  0.8749E-02  0.9549E-02  0.1043E-01  0.1140E-01  0.1247E-01
  0.1365E-01  0.1496E-01  0.1640E-01  0.1799E-01  0.1975E-01  0.2170E-01
  0.2386E-01  0.2626E-01  0.2891E-01  0.3186E-01  0.3513E-01  0.3877E-01
  0.4281E-01  0.4731E-01  0.5231E-01  0.5789E-01  0.6410E-01  0.7103E-01
  0.7875E-01  0.8738E-01  0.9701E-01  0.1078E+00  0.1198E+00  0.1333E+00
  0.1484E+00  0.1653E+00  0.1843E+00  0.2056E+00  0.2295E+00  0.2565E+00
  0.2868E+00  0.3210E+00  0.3597E+00  0.4034E+00  0.4529E+00  0.5092E+00
  0.5733E+00  0.6464E+00  0.7301E+00  0.8263E+00  0.9372E+00  0.1066E+01
  0.1215E+01  0.1390E+01  0.1597E+01  0.1848E+01  0.2171E+01  0.2645E+01
  0.3497E+01  0.5310E+01  0.9245E+01  0.1671E+02  0.2782E+02  0.4005E+02
  0.4958E+02  0.5381E+02  0.5240E+02  0.4678E+02  0.3864E+02  0.2881E+02
  0.1825E+02  0.8663E+01  0.4935E-01  0.1771E-15  0.7360E-02  0.8022E-02
  0.8749E-02  0.9549E-02  0.1043E-01  0.1140E-01  0.1247E-01  0.1365E-01
  0.1496E-01  0.1640E-01  0.1799E-01  0.1975E-01  0.2170E-01  0.2386E-01
  0.2626E-01  0.2891E-01  0.3186E-01  0.3513E-01  0.3877E-01  0.4281E-01
  0.4731E-01  0.5231E-01  0.5789E-01  0.6410E-01  0.7103E-01  0.7875E-01
  0.8738E-01  0.9701E-01  0.1078E+00  0.1198E+00  0.1333E+00  0.1484E+00
  0.1653E+00  0.1843E+00  0.2056E+00  0.2295E+00  0.2565E+00  0.2868E+00
  0.3210E+00  0.3597E+00  0.4034E+00  0.4529E+00  0.5092E+00  0.5733E+00
  0.6464E+00  0.7301E+00  0.8263E+00  0.9372E+00  0.1066E+01  0.1215E+01
  0.1390E+01  0.1597E+01  0.1848E+01  0.2171E+01  0.2645E+01  0.3497E+01
  0.5310E+01  0.9245E+01  0.1671E+02  0.2782E+02  0.4005E+02  0.4958E+02
  0.5381E+02  0.5240E+02  0.4678E+02  0.3864E+02  0.2881E+02  0.1825E+02
  0.8663E+01  0.4935E-01  0.1783E-15  0.7360E-02  0.8022E-02  0.8749E-02
  0.9549E-02  0.1043E-01  0.1140E-01  0.1247E-01  0.1365E-01  0.1496E-01
  0.1640E-01  0.1799E-01  0.1975E-01  0.2170E-01  0.2386E-01  0.2626E-01
  0.2891E-01  0.3186E-01  0.3513E-01  0.3877E-01  0.4281E-01  0.4731E-01
  0.5231E-01  0.5789E-01  0.6410E-01  0.7103E-01  0.7875E-01  0.8738E-01
  0.9701E-01  0.1078E+00  0.1198E+00  0.1333E+00  0.1484E+00  0.1653E+00
  0.1843E+00  0.2056E+00  0.2295E+00  0.2565E+00  0.2868E+00  0.3210E+00
  0.3597E+00  0.4034E+00  0.4529E+00  0.5092E+00  0.5733E+00  0.6464E+00
  0.7301E+00  0.8263E+00  0.9372E+00  0.1066E+01  0.1215E+01  0.1390E+01
  0.1597E+01  0.1848E+01  0.2171E+01  0.2645E+01  0.3497E+01  0.5310E+01
  0.9245E+01  0.1671E+02  0.2782E+02  0.4005E+02  0.4958E+02  0.5381E+02
  0.5240E+02  0.4678E+02  0.3864E+02  0.2881E+02  0.1825E+02  0.8663E+01
  0.4935E-01  0.1796E-15  0.7360E-02  0.8022E-02  0.8749E-02  0.9549E-02
  0.1043E-01  0.1140E-01  0.1247E-01  0.1365E-01  0.1496E-01  0.1640E-01
  0.1799E-01  0.1975E-01  0.2170E-01  0.2386E-01  0.2626E-01  0.2891E-01
  0.3186E-01  0.3513E-01  0.3877E-01  0.4281E-01  0.4731E-01  0.5231E-01
  0.5789E-01  0.6410E-01  0.7103E-01  0.7875E-01  0.8738E-01  0.9701E-01
  0.1078E+00  0.1198E+00  0.1333E+00  0.1484E+00  0.1653E+00  0.1843E+00
  0.2056E+00  0.2295E+00  0.2565E+00  0.2868E+00  0.3210E+00  0.3597E+00
  0.4034E+00  0.4529E+00  0.5092E+00  0.5733E+00  0.6464E+00  0.7301E+00
  0.8263E+00  0.9372E+00  0.1066E+01  0.1215E+01  0.1390E+01  0.1597E+01
  0.1848E+01  0.2171E+01  0.2645E+01  0.3497E+01  0.5310E+01  0.9245E+01
  0.1671E+02  0.2782E+02  0.4005E+02  0.4958E+02  0.5381E+02  0.5240E+02
  0.4678E+02  0.3864E+02  0.2881E+02  0.1825E+02  0.8663E+01  0.4935E-01
  0.1808E-15  0.7360E-02  0.8022E-02  0.8749E-02  0.9549E-02  0.1043E-01
  0.1140E-01  0.1247E-01  0.1365E-01  0.1496E-01  0.1640E-01  0.1799E-01
  0.1975E-01  0.2170E-01  0.2386E-01  0.2626E-01  0.2891E-01  0.3186E-01
  0.3513E-01  0.3877E-01  0.4281E-01  0.4731E-01  0.5231E-01  0.5789E-01
  0.6410E-01  0.7103E-01  0.7875E-01  0.8738E-01  0.9701E-01  0.1078E+00
  0.1198E+00  0.1333E+00  0.1484E+00  0.1653E+00  0.1843E+00  0.2056E+00
  0.2295E+00  0.2565E+00  0.2868E+00  0.3210E+00  0.3597E+00  0.4034E+00
  0.4529E+00  0.5092E+00  0.5733E+00  0.6464E+00  0.7301E+00  0.8263E+00
  0.9372E+00  0.1066E+01  0.1215E+01  0.1390E+01  0.1597E+01  0.1848E+01
  0.2171E+01  0.2645E+01  0.3497E+01  0.5310E+01  0.9245E+01  0.1671E+02
  0.2782E+02  0.4005E+02  0.4958E+02  0.5381E+02  0.5240E+02  0.4678E+02
  0.3864E+02  0.2881E+02  0.1825E+02  0.8663E+01  0.4935E-01  0.1819E-15
  0.7360E-02  0.8022E-02  0.8749E-02  0.9549E-02  0.1043E-01  0.1140E-01
  0.1247E-01  0.1365E-01  0.1496E-01  0.1640E-01  0.1799E-01  0.1975E-01
  0.2170E-01  0.2386E-01  0.2626E-01  0.2891E-01  0.3186E-01  0.3513E-01
  0.3877E-01  0.4281E-01  0.4731E-01  0.5231E-01  0.5789E-01  0.6410E-01
  0.7103E-01  0.7875E-01  0.8738E-01  0.9701E-01  0.1078E+00  0.1198E+00
  0.1333E+00  0.1484E+00  0.1653E+00  0.1843E+00  0.2056E+00  0.2295E+00
  0.2565E+00  0.2868E+00  0.3210E+00  0.3597E+00  0.4034E+00  0.4529E+00
  0.5092E+00  0.5733E+00  0.6464E+00  0.7301E+00  0.8263E+00  0.9372E+00
  0.1066E+01  0.1215E+01  0.1390E+01  0.1597E+01  0.1848E+01  0.2171E+01
  0.2645E+01  0.3497E+01  0.5310E+01  0.9245E+01  0.1671E+02  0.2782E+02
  0.4005E+02  0.4958E+02  0.5381E+02  0.5240E+02  0.4678E+02  0.3864E+02
  0.2881E+02  0.1825E+02  0.8663E+01  0.4935E-01  0.1830E-15  0.7360E-02
  0.8022E-02  0.8749E-02  0.9549E-02  0.1043E-01  0.1140E-01  0.1247E-01
  0.1365E-01  0.1496E-01  0.1640E-01  0.1799E-01  0.1975E-01  0.2170E-01
  0.2386E-01  0.2626E-01  0.2891E-01  0.3186E-01  0.3513E-01  0.3877E-01
  0.4281E-01  0.4731E-01  0.5231E-01  0.5789E-01  0.6410E-01  0.7103E-01
  0.7875E-01  0.8738E-01  0.9701E-01  0.1078E+00  0.1198E+00  0.1333E+00
  0.1484E+00  0.1653E+00  0.1843E+00  0.2056E+00  0.2295E+00  0.2565E+00
  0.2868E+00  0.3210E+00  0.3597E+00  0.4034E+00  0.4529E+00  0.5092E+00
  0.5733E+00  0.6464E+00  0.7301E+00  0.8263E+00  0.9372E+00  0.1066E+01
  0.1215E+01  0.1390E+01  0.1597E+01  0.1848E+01  0.2171E+01  0.2645E+01
  0.3497E+01  0.5310E+01  0.9245E+01  0.1671E+02  0.2782E+02  0.4005E+02
  0.4958E+02  0.5381E+02  0.5240E+02  0.4678E+02  0.3864E+02  0.2881E+02
  0.1825E+02  0.8663E+01  0.4935E-01  0.1841E-15  0.7360E-02  0.8022E-02
  0.8749E-02  0.9549E-02  0.1043E-01  0.1140E-01  0.1247E-01  0.1365E-01
  0.1496E-01  0.1640E-01  0.1799E-01  0.1975E-01  0.2170E-01  0.2386E-01
  0.2626E-01  0.2891E-01  0.3186E-01  0.3513E-01  0.3877E-01  0.4281E-01
  0.4731E-01  0.5231E-01  0.5789E-01  0.6410E-01  0.7103E-01  0.7875E-01
  0.8738E-01  0.9701E-01  0.1078E+00  0.1198E+00  0.1333E+00  0.1484E+00
  0.1653E+00  0.1843E+00  0.2056E+00  0.2295E+00  0.2565E+00  0.2868E+00
  0.3210E+00  0.3597E+00  0.4034E+00  0.4529E+00  0.5092E+00  0.5733E+00
  0.6464E+00  0.7301E+00  0.8263E+00  0.9372E+00  0.1066E+01  0.1215E+01
  0.1390E+01  0.1597E+01  0.1848E+01  0.2171E+01  0.2645E+01  0.3497E+01
  0.5310E+01  0.9245E+01  0.1671E+02  0.2782E+02  0.4005E+02  0.4958E+02
  0.5381E+02  0.5240E+02  0.4678E+02  0.3864E+02  0.2881E+02  0.1825E+02
  0.8663E+01  0.4935E-01  0.1851E-15  0.7360E-02  0.8022E-02  0.8749E-02
  0.9549E-02  0.1043E-01  0.1140E-01  0.1247E-01  0.1365E-01  0.1496E-01
  0.1640E-01  0.1799E-01  0.1975E-01  0.2170E-01  0.2386E-01  0.2626E-01
  0.2891E-01  0.3186E-01  0.3513E-01  0.3877E-01  0.4281E-01  0.4731E-01
  0.5231E-01  0.5789E-01  0.6410E-01  0.7103E-01  0.7875E-01  0.8738E-01
  0.9701E-01  0.1078E+00  0.1198E+00  0.1333E+00  0.1484E+00  0.1653E+00
  0.1843E+00  0.2056E+00  0.2295E+00  0.2565E+00  0.2868E+00  0.3210E+00
  0.3597E+00  0.4034E+00  0.4529E+00  0.5092E+00  0.5733E+00  0.6464E+00
  0.7301E+00  0.8263E+00  0.9372E+00  0.1066E+01  0.1215E+01  0.1390E+01
  0.1597E+01  0.1848E+01  0.2171E+01  0.2645E+01  0.3497E+01  0.5310E+01
  0.9245E+01  0.1671E+02  0.2782E+02  0.4005E+02  0.4958E+02  0.5381E+02
  0.5240E+02  0.4678E+02  0.3864E+02  0.2881E+02  0.1825E+02  0.8663E+01
  0.4935E-01  0.1861E-15  0.7360E-02  0.8022E-02  0.8749E-02  0.9549E-02
  0.1043E-01  0.1140E-01  0.1247E-01  0.1365E-01  0.1496E-01  0.1640E-01
  0.1799E-01  0.1975E-01  0.2170E-01  0.2386E-01  0.2626E-01  0.2891E-01
  0.3186E-01  0.3513E-01  0.3877E-01  0.4281E-01  0.4731E-01  0.5231E-01
  0.5789E-01  0.6410E-01  0.7103E-01  0.7875E-01  0.8738E-01  0.9701E-01
  0.1078E+00  0.1198E+00  0.1333E+00  0.1484E+00  0.1653E+00  0.1843E+00
  0.2056E+00  0.2295E+00  0.2565E+00  0.2868E+00  0.3210E+00  0.3597E+00
  0.4034E+00  0.4529E+00  0.5092E+00  0.5733E+00  0.6464E+00  0.7301E+00
  0.8263E+00  0.9372E+00  0.1066E+01  0.1215E+01  0.1390E+01  0.1597E+01
  0.1848E+01  0.2171E+01  0.2645E+01  0.3497E+01  0.5310E+01  0.9245E+01
  0.1671E+02  0.2782E+02  0.4005E+02  0.4958E+02  0.5381E+02  0.5240E+02
  0.4678E+02  0.3864E+02  0.2881E+02  0.1825E+02  0.8663E+01  0.4935E-01
  0.1870E-15  0.7360E-02  0.8022E-02  0.8749E-02  0.9549E-02  0.1043E-01
  0.1140E-01  0.1247E-01  0.1365E-01  0.1496E-01  0.1640E-01  0.1799E-01
  0.1975E-01  0.2170E-01  0.2386E-01  0.2626E-01  0.2891E-01  0.3186E-01
  0.3513E-01  0.3877E-01  0.4281E-01  0.4731E-01  0.5231E-01  0.5789E-01
  0.6410E-01  0.7103E-01  0.7875E-01  0.8738E-01  0.9701E-01  0.1078E+00
  0.1198E+00  0.1333E+00  0.1484E+00  0.1653E+00  0.1843E+00  0.2056E+00
  0.2295E+00  0.2565E+00  0.2868E+00  0.3210E+00  0.3597E+00  0.4034E+00
  0.4529E+00  0.5092E+00  0.5733E+00  0.6464E+00  0.7301E+00  0.8263E+00
  0.9372E+00  0.1066E+01  0.1215E+01  0.1390E+01  0.1597E+01  0.1848E+01
  0.2171E+01  0.2645E+01  0.3497E+01  0.5310E+01  0.9245E+01  0.1671E+02
  0.2782E+02  0.4005E+02  0.4958E+02  0.5381E+02  0.5240E+02  0.4678E+02
  0.3864E+02  0.2881E+02  0.1825E+02  0.8663E+01  0.4935E-01  0.1879E-15
  0.7360E-02  0.8022E-02  0.8749E-02  0.9549E-02  0.1043E-01  0.1140E-01
  0.1247E-01  0.1365E-01  0.1496E-01  0.1640E-01  0.1799E-01  0.1975E-01
  0.2170E-01  0.2386E-01  0.2626E-01  0.2891E-01  0.3186E-01  0.3513E-01
  0.3877E-01  0.4281E-01  0.4731E-01  0.5231E-01  0.5789E-01  0.6410E-01
  0.7103E-01  0.7875E-01  0.8738E-01  0.9701E-01  0.1078E+00  0.1198E+00
  0.1333E+00  0.1484E+00  0.1653E+00  0.1843E+00  0.2056E+00  0.2295E+00
  0.2565E+00  0.2868E+00  0.3210E+00  0.3597E+00  0.4034E+00  0.4529E+00
  0.5092E+00  0.5733E+00  0.6464E+00  0.7301E+00  0.8263E+00  0.9372E+00
  0.1066E+01  0.1215E+01  0.1390E+01  0.1597E+01  0.1848E+01  0.2171E+01
  0.2645E+01  0.3497E+01  0.5310E+01  0.9245E+01  0.1671E+02  0.2782E+02
  0.4005E+02  0.4958E+02  0.5381E+02  0.5240E+02  0.4678E+02  0.3864E+02
  0.2881E+02  0.1825E+02  0.8663E+01  0.4935E-01  0.1887E-15  0.7360E-02
  0.8022E-02  0.8749E-02  0.9549E-02  0.1043E-01  0.1140E-01  0.1247E-01
  0.1365E-01  0.1496E-01  0.1640E-01  0.1799E-01  0.1975E-01  0.2170E-01
  0.2386E-01  0.2626E-01  0.2891E-01  0.3186E-01  0.3513E-01  0.3877E-01
  0.4281E-01  0.4731E-01  0.5231E-01  0.5789E-01  0.6410E-01  0.7103E-01
  0.7875E-01  0.8738E-01  0.9701E-01  0.1078E+00  0.1198E+00  0.1333E+00
  0.1484E+00  0.1653E+00  0.1843E+00  0.2056E+00  0.2295E+00  0.2565E+00
  0.2868E+00  0.3210E+00  0.3597E+00  0.4034E+00  0.4529E+00  0.5092E+00
  0.5733E+00  0.6464E+00  0.7301E+00  0.8263E+00  0.9372E+00  0.1066E+01
  0.1215E+01  0.1390E+01  0.1597E+01  0.1848E+01  0.2171E+01  0.2645E+01
  0.3497E+01  0.5310E+01  0.9245E+01  0.1671E+02  0.2782E+02  0.4005E+02
  0.4958E+02  0.5381E+02  0.5240E+02  0.4678E+02  0.3864E+02  0.2881E+02
  0.1825E+02  0.8663E+01  0.4935E-01  0.1895E-15  0.7360E-02  0.8022E-02
  0.8749E-02  0.9549E-02  0.1043E-01  0.1140E-01  0.1247E-01  0.1365E-01
  0.1496E-01  0.1640E-01  0.1799E-01  0.1975E-01  0.2170E-01  0.2386E-01
  0.2626E-01  0.2891E-01  0.3186E-01  0.3513E-01  0.3877E-01  0.4281E-01
  0.4731E-01  0.5231E-01  0.5789E-01  0.6410E-01  0.7103E-01  0.7875E-01
  0.8738E-01  0.9701E-01  0.1078E+00  0.1198E+00  0.1333E+00  0.1484E+00
  0.1653E+00  0.1843E+00  0.2056E+00  0.2295E+00  0.2565E+00  0.2868E+00
  0.3210E+00  0.3597E+00  0.4034E+00  0.4529E+00  0.5092E+00  0.5733E+00
  0.6464E+00  0.7301E+00  0.8263E+00  0.9372E+00  0.1066E+01  0.1215E+01
  0.1390E+01  0.1597E+01  0.1848E+01  0.2171E+01  0.2645E+01  0.3497E+01
  0.5310E+01  0.9245E+01  0.1671E+02  0.2782E+02  0.4005E+02  0.4958E+02
  0.5381E+02  0.5240E+02  0.4678E+02  0.3864E+02  0.2881E+02  0.1825E+02
  0.8663E+01  0.4935E-01  0.1903E-15  0.7360E-02  0.8022E-02  0.8749E-02
  0.9549E-02  0.1043E-01  0.1140E-01  0.1247E-01  0.1365E-01  0.1496E-01
  0.1640E-01  0.1799E-01  0.1975E-01  0.2170E-01  0.2386E-01  0.2626E-01
  0.2891E-01  0.3186E-01  0.3513E-01  0.3877E-01  0.4281E-01  0.4731E-01
  0.5231E-01  0.5789E-01  0.6410E-01  0.7103E-01  0.7875E-01  0.8738E-01
  0.9701E-01  0.1078E+00  0.1198E+00  0.1333E+00  0.1484E+00  0.1653E+00
  0.1843E+00  0.2056E+00  0.2295E+00  0.2565E+00  0.2868E+00  0.3210E+00
  0.3597E+00  0.4034E+00  0.4529E+00  0.5092E+00  0.5733E+00  0.6464E+00
  0.7301E+00  0.8263E+00  0.9372E+00  0.1066E+01  0.1215E+01  0.1390E+01
  0.1597E+01  0.1848E+01  0.2171E+01  0.2645E+01  0.3497E+01  0.5310E+01
  0.9245E+01  0.1671E+02  0.2782E+02  0.4005E+02  0.4958E+02  0.5381E+02
  0.5240E+02  0.4678E+02  0.3864E+02  0.2881E+02  0.1825E+02  0.8663E+01
  0.4935E-01  0.1909E-15  0.7360E-02  0.8022E-02  0.8749E-02  0.9549E-02
  0.1043E-01  0.1140E-01  0.1247E-01  0.1365E-01  0.1496E-01  0.1640E-01
  0.1799E-01  0.1975E-01  0.2170E-01  0.2386E-01  0.2626E-01  0.2891E-01
  0.3186E-01  0.3513E-01  0.3877E-01  0.4281E-01  0.4731E-01  0.5231E-01
  0.5789E-01  0.6410E-01  0.7103E-01  0.7875E-01  0.8738E-01  0.9701E-01
  0.1078E+00  0.1198E+00  0.1333E+00  0.1484E+00  0.1653E+00  0.1843E+00
  0.2056E+00  0.2295E+00  0.2565E+00  0.2868E+00  0.3210E+00  0.3597E+00
  0.4034E+00  0.4529E+00  0.5092E+00  0.5733E+00  0.6464E+00  0.7301E+00
  0.8263E+00  0.9372E+00  0.1066E+01  0.1215E+01  0.1390E+01  0.1597E+01
  0.1848E+01  0.2171E+01  0.2645E+01  0.3497E+01  0.5310E+01  0.9245E+01
  0.1671E+02  0.2782E+02  0.4005E+02  0.4958E+02  0.5381E+02  0.5240E+02
  0.4678E+02  0.3864E+02  0.2881E+02  0.1825E+02  0.8663E+01  0.4935E-01
  0.1916E-15  0.7360E-02  0.8022E-02  0.8749E-02  0.9549E-02  0.1043E-01
  0.1140E-01  0.1247E-01  0.1365E-01  0.1496E-01  0.1640E-01  0.1799E-01
  0.1975E-01  0.2170E-01  0.2386E-01  0.2626E-01  0.2891E-01  0.3186E-01
  0.3513E-01  0.3877E-01  0.4281E-01  0.4731E-01  0.5231E-01  0.5789E-01
  0.6410E-01  0.7103E-01  0.7875E-01  0.8738E-01  0.9701E-01  0.1078E+00
  0.1198E+00  0.1333E+00  0.1484E+00  0.1653E+00  0.1843E+00  0.2056E+00
  0.2295E+00  0.2565E+00  0.2868E+00  0.3210E+00  0.3597E+00  0.4034E+00
  0.4529E+00  0.5092E+00  0.5733E+00  0.6464E+00  0.7301E+00  0.8263E+00
  0.9372E+00  0.1066E+01  0.1215E+01  0.1390E+01  0.1597E+01  0.1848E+01
  0.2171E+01  0.2645E+01  0.3497E+01  0.5310E+01  0.9245E+01  0.1671E+02
  0.2782E+02  0.4005E+02  0.4958E+02  0.5381E+02  0.5240E+02  0.4678E+02
  0.3864E+02  0.2881E+02  0.1825E+02  0.8663E+01  0.4935E-01  0.1922E-15
  0.7360E-02  0.8022E-02  0.8749E-02  0.9549E-02  0.1043E-01  0.1140E-01
  0.1247E-01  0.1365E-01  0.1496E-01  0.1640E-01  0.1799E-01  0.1975E-01
  0.2170E-01  0.2386E-01  0.2626E-01  0.2891E-01  0.3186E-01  0.3513E-01
  0.3877E-01  0.4281E-01  0.4731E-01  0.5231E-01  0.5789E-01  0.6410E-01
  0.7103E-01  0.7875E-01  0.8738E-01  0.9701E-01  0.1078E+00  0.1198E+00
  0.1333E+00  0.1484E+00  0.1653E+00  0.1843E+00  0.2056E+00  0.2295E+00
  0.2565E+00  0.2868E+00  0.3210E+00  0.3597E+00  0.4034E+00  0.4529E+00
  0.5092E+00  0.5733E+00  0.6464E+00  0.7301E+00  0.8263E+00  0.9372E+00
  0.1066E+01  0.1215E+01  0.1390E+01  0.1597E+01  0.1848E+01  0.2171E+01
  0.2645E+01  0.3497E+01  0.5310E+01  0.9245E+01  0.1671E+02  0.2782E+02
  0.4005E+02  0.4958E+02  0.5381E+02  0.5240E+02  0.4678E+02  0.3864E+02
  0.2881E+02  0.1825E+02  0.8663E+01  0.4935E-01  0.1928E-15  0.7360E-02
  0.8022E-02  0.8749E-02  0.9549E-02  0.1043E-01  0.1140E-01  0.1247E-01
  0.1365E-01  0.1496E-01  0.1640E-01  0.1799E-01  0.1975E-01  0.2170E-01
  0.2386E-01  0.2626E-01  0.2891E-01  0.3186E-01  0.3513E-01  0.3877E-01
  0.4281E-01  0.4731E-01  0.5231E-01  0.5789E-01  0.6410E-01  0.7103E-01
  0.7875E-01  0.8738E-01  0.9701E-01  0.1078E+00  0.1198E+00  0.1333E+00
  0.1484E+00  0.1653E+00  0.1843E+00  0.2056E+00  0.2295E+00  0.2565E+00
  0.2868E+00  0.3210E+00  0.3597E+00  0.4034E+00  0.4529E+00  0.5092E+00
  0.5733E+00  0.6464E+00  0.7301E+00  0.8263E+00  0.9372E+00  0.1066E+01
  0.1215E+01  0.1390E+01  0.1597E+01  0.1848E+01  0.2171E+01  0.2645E+01
  0.3497E+01  0.5310E+01  0.9245E+01  0.1671E+02  0.2782E+02  0.4005E+02
  0.4958E+02  0.5381E+02  0.5240E+02  0.4678E+02  0.3864E+02  0.2881E+02
  0.1825E+02  0.8663E+01  0.4935E-01  0.1933E-15  0.7360E-02  0.8022E-02
  0.8749E-02  0.9549E-02  0.1043E-01  0.1140E-01  0.1247E-01  0.1365E-01
  0.1496E-01  0.1640E-01  0.1799E-01  0.1975E-01  0.2170E-01  0.2386E-01
  0.2626E-01  0.2891E-01  0.3186E-01  0.3513E-01  0.3877E-01  0.4281E-01
  0.4731E-01  0.5231E-01  0.5789E-01  0.6410E-01  0.7103E-01  0.7875E-01
  0.8738E-01  0.9701E-01  0.1078E+00  0.1198E+00  0.1333E+00  0.1484E+00
  0.1653E+00  0.1843E+00  0.2056E+00  0.2295E+00  0.2565E+00  0.2868E+00
  0.3210E+00  0.3597E+00  0.4034E+00  0.4529E+00  0.5092E+00  0.5733E+00
  0.6464E+00  0.7301E+00  0.8263E+00  0.9372E+00  0.1066E+01  0.1215E+01
  0.1390E+01  0.1597E+01  0.1848E+01  0.2171E+01  0.2645E+01  0.3497E+01
  0.5310E+01  0.9245E+01  0.1671E+02  0.2782E+02  0.4005E+02  0.4958E+02
  0.5381E+02  0.5240E+02  0.4678E+02  0.3864E+02  0.2881E+02  0.1825E+02
  0.8663E+01  0.4935E-01  0.1937E-15  0.7360E-02  0.8022E-02  0.8749E-02
  0.9549E-02  0.1043E-01  0.1140E-01  0.1247E-01  0.1365E-01  0.1496E-01
  0.1640E-01  0.1799E-01  0.1975E-01  0.2170E-01  0.2386E-01  0.2626E-01
  0.2891E-01  0.3186E-01  0.3513E-01  0.3877E-01  0.4281E-01  0.4731E-01
  0.5231E-01  0.5789E-01  0.6410E-01  0.7103E-01  0.7875E-01  0.8738E-01
  0.9701E-01  0.1078E+00  0.1198E+00  0.1333E+00  0.1484E+00  0.1653E+00
  0.1843E+00  0.2056E+00  0.2295E+00  0.2565E+00  0.2868E+00  0.3210E+00
  0.3597E+00  0.4034E+00  0.4529E+00  0.5092E+00  0.5733E+00  0.6464E+00
  0.7301E+00  0.8263E+00  0.9372E+00  0.1066E+01  0.1215E+01  0.1390E+01
  0.1597E+01  0.1848E+01  0.2171E+01  0.2645E+01  0.3497E+01  0.5310E+01
  0.9245E+01  0.1671E+02  0.2782E+02  0.4005E+02  0.4958E+02  0.5381E+02
  0.5240E+02  0.4678E+02  0.3864E+02  0.2881E+02  0.1825E+02  0.8663E+01
  0.4935E-01  0.1942E-15  0.7360E-02  0.8022E-02  0.8749E-02  0.9549E-02
  0.1043E-01  0.1140E-01  0.1247E-01  0.1365E-01  0.1496E-01  0.1640E-01
  0.1799E-01  0.1975E-01  0.2170E-01  0.2386E-01  0.2626E-01  0.2891E-01
  0.3186E-01  0.3513E-01  0.3877E-01  0.4281E-01  0.4731E-01  0.5231E-01
  0.5789E-01  0.6410E-01  0.7103E-01  0.7875E-01  0.8738E-01  0.9701E-01
  0.1078E+00  0.1198E+00  0.1333E+00  0.1484E+00  0.1653E+00  0.1843E+00
  0.2056E+00  0.2295E+00  0.2565E+00  0.2868E+00  0.3210E+00  0.3597E+00
  0.4034E+00  0.4529E+00  0.5092E+00  0.5733E+00  0.6464E+00  0.7301E+00
  0.8263E+00  0.9372E+00  0.1066E+01  0.1215E+01  0.1390E+01  0.1597E+01
  0.1848E+01  0.2171E+01  0.2645E+01  0.3497E+01  0.5310E+01  0.9245E+01
  0.1671E+02  0.2782E+02  0.4005E+02  0.4958E+02  0.5381E+02  0.5240E+02
  0.4678E+02  0.3864E+02  0.2881E+02  0.1825E+02  0.8663E+01  0.4935E-01
  0.1945E-15  0.7360E-02  0.8022E-02  0.8749E-02  0.9549E-02  0.1043E-01
  0.1140E-01  0.1247E-01  0.1365E-01  0.1496E-01  0.1640E-01  0.1799E-01
  0.1975E-01  0.2170E-01  0.2386E-01  0.2626E-01  0.2891E-01  0.3186E-01
  0.3513E-01  0.3877E-01  0.4281E-01  0.4731E-01  0.5231E-01  0.5789E-01
  0.6410E-01  0.7103E-01  0.7875E-01  0.8738E-01  0.9701E-01  0.1078E+00
  0.1198E+00  0.1333E+00  0.1484E+00  0.1653E+00  0.1843E+00  0.2056E+00
  0.2295E+00  0.2565E+00  0.2868E+00  0.3210E+00  0.3597E+00  0.4034E+00
  0.4529E+00  0.5092E+00  0.5733E+00  0.6464E+00  0.7301E+00  0.8263E+00
  0.9372E+00  0.1066E+01  0.1215E+01  0.1390E+01  0.1597E+01  0.1848E+01
  0.2171E+01  0.2645E+01  0.3497E+01  0.5310E+01  0.9245E+01  0.1671E+02
  0.2782E+02  0.4005E+02  0.4958E+02  0.5381E+02  0.5240E+02  0.4678E+02
  0.3864E+02  0.2881E+02  0.1825E+02  0.8663E+01  0.4935E-01  0.1949E-15
  0.7360E-02  0.8022E-02  0.8749E-02  0.9549E-02  0.1043E-01  0.1140E-01
  0.1247E-01  0.1365E-01  0.1496E-01  0.1640E-01  0.1799E-01  0.1975E-01
  0.2170E-01  0.2386E-01  0.2626E-01  0.2891E-01  0.3186E-01  0.3513E-01
  0.3877E-01  0.4281E-01  0.4731E-01  0.5231E-01  0.5789E-01  0.6410E-01
  0.7103E-01  0.7875E-01  0.8738E-01  0.9701E-01  0.1078E+00  0.1198E+00
  0.1333E+00  0.1484E+00  0.1653E+00  0.1843E+00  0.2056E+00  0.2295E+00
  0.2565E+00  0.2868E+00  0.3210E+00  0.3597E+00  0.4034E+00  0.4529E+00
  0.5092E+00  0.5733E+00  0.6464E+00  0.7301E+00  0.8263E+00  0.9372E+00
  0.1066E+01  0.1215E+01  0.1390E+01  0.1597E+01  0.1848E+01  0.2171E+01
  0.2645E+01  0.3497E+01  0.5310E+01  0.9245E+01  0.1671E+02  0.2782E+02
  0.4005E+02  0.4958E+02  0.5381E+02  0.5240E+02  0.4678E+02  0.3864E+02
  0.2881E+02  0.1825E+02  0.8663E+01  0.4935E-01  0.1952E-15  0.7360E-02
  0.8022E-02  0.8749E-02  0.9549E-02  0.1043E-01  0.1140E-01  0.1247E-01
  0.1365E-01  0.1496E-01  0.1640E-01  0.1799E-01  0.1975E-01  0.2170E-01
  0.2386E-01  0.2626E-01  0.2891E-01  0.3186E-01  0.3513E-01  0.3877E-01
  0.4281E-01  0.4731E-01  0.5231E-01  0.5789E-01  0.6410E-01  0.7103E-01
  0.7875E-01  0.8738E-01  0.9701E-01  0.1078E+00  0.1198E+00  0.1333E+00
  0.1484E+00  0.1653E+00  0.1843E+00  0.2056E+00  0.2295E+00  0.2565E+00
  0.2868E+00  0.3210E+00  0.3597E+00  0.4034E+00  0.4529E+00  0.5092E+00
  0.5733E+00  0.6464E+00  0.7301E+00  0.8263E+00  0.9372E+00  0.1066E+01
  0.1215E+01  0.1390E+01  0.1597E+01  0.1848E+01  0.2171E+01  0.2645E+01
  0.3497E+01  0.5310E+01  0.9245E+01  0.1671E+02  0.2782E+02  0.4005E+02
  0.4958E+02  0.5381E+02  0.5240E+02  0.4678E+02  0.3864E+02  0.2881E+02
  0.1825E+02  0.8663E+01  0.4935E-01  0.1954E-15  0.7360E-02  0.8022E-02
  0.8749E-02  0.9549E-02  0.1043E-01  0.1140E-01  0.1247E-01  0.1365E-01
  0.1496E-01  0.1640E-01  0.1799E-01  0.1975E-01  0.2170E-01  0.2386E-01
  0.2626E-01  0.2891E-01  0.3186E-01  0.3513E-01  0.3877E-01  0.4281E-01
  0.4731E-01  0.5231E-01  0.5789E-01  0.6410E-01  0.7103E-01  0.7875E-01
  0.8738E-01  0.9701E-01  0.1078E+00  0.1198E+00  0.1333E+00  0.1484E+00
  0.1653E+00  0.1843E+00  0.2056E+00  0.2295E+00  0.2565E+00  0.2868E+00
  0.3210E+00  0.3597E+00  0.4034E+00  0.4529E+00  0.5092E+00  0.5733E+00
  0.6464E+00  0.7301E+00  0.8263E+00  0.9372E+00  0.1066E+01  0.1215E+01
  0.1390E+01  0.1597E+01  0.1848E+01  0.2171E+01  0.2645E+01  0.3497E+01
  0.5310E+01  0.9245E+01  0.1671E+02  0.2782E+02  0.4005E+02  0.4958E+02
  0.5381E+02  0.5240E+02  0.4678E+02  0.3864E+02  0.2881E+02  0.1825E+02
  0.8663E+01  0.4935E-01  0.1956E-15  0.7360E-02  0.8022E-02  0.8749E-02
  0.9549E-02  0.1043E-01  0.1140E-01  0.1247E-01  0.1365E-01  0.1496E-01
  0.1640E-01  0.1799E-01  0.1975E-01  0.2170E-01  0.2386E-01  0.2626E-01
  0.2891E-01  0.3186E-01  0.3513E-01  0.3877E-01  0.4281E-01  0.4731E-01
  0.5231E-01  0.5789E-01  0.6410E-01  0.7103E-01  0.7875E-01  0.8738E-01
  0.9701E-01  0.1078E+00  0.1198E+00  0.1333E+00  0.1484E+00  0.1653E+00
  0.1843E+00  0.2056E+00  0.2295E+00  0.2565E+00  0.2868E+00  0.3210E+00
  0.3597E+00  0.4034E+00  0.4529E+00  0.5092E+00  0.5733E+00  0.6464E+00
  0.7301E+00  0.8263E+00  0.9372E+00  0.1066E+01  0.1215E+01  0.1390E+01
  0.1597E+01  0.1848E+01  0.2171E+01  0.2645E+01  0.3497E+01  0.5310E+01
  0.9245E+01  0.1671E+02  0.2782E+02  0.4005E+02  0.4958E+02  0.5381E+02
  0.5240E+02  0.4678E+02  0.3864E+02  0.2881E+02  0.1825E+02  0.8663E+01
  0.4935E-01  0.1957E-15  0.7360E-02  0.8022E-02  0.8749E-02  0.9549E-02
  0.1043E-01  0.1140E-01  0.1247E-01  0.1365E-01  0.1496E-01  0.1640E-01
  0.1799E-01  0.1975E-01  0.2170E-01  0.2386E-01  0.2626E-01  0.2891E-01
  0.3186E-01  0.3513E-01  0.3877E-01  0.4281E-01  0.4731E-01  0.5231E-01
  0.5789E-01  0.6410E-01  0.7103E-01  0.7875E-01  0.8738E-01  0.9701E-01
  0.1078E+00  0.1198E+00  0.1333E+00  0.1484E+00  0.1653E+00  0.1843E+00
  0.2056E+00  0.2295E+00  0.2565E+00  0.2868E+00  0.3210E+00  0.3597E+00
  0.4034E+00  0.4529E+00  0.5092E+00  0.5733E+00  0.6464E+00  0.7301E+00
  0.8263E+00  0.9372E+00  0.1066E+01  0.1215E+01  0.1390E+01  0.1597E+01
  0.1848E+01  0.2171E+01  0.2645E+01  0.3497E+01  0.5310E+01  0.9245E+01
  0.1671E+02  0.2782E+02  0.4005E+02  0.4958E+02  0.5381E+02  0.5240E+02
  0.4678E+02  0.3864E+02  0.2881E+02  0.1825E+02  0.8663E+01  0.4935E-01
  0.1959E-15  0.7360E-02  0.8022E-02  0.8749E-02  0.9549E-02  0.1043E-01
  0.1140E-01  0.1247E-01  0.1365E-01  0.1496E-01  0.1640E-01  0.1799E-01
  0.1975E-01  0.2170E-01  0.2386E-01  0.2626E-01  0.2891E-01  0.3186E-01
  0.3513E-01  0.3877E-01  0.4281E-01  0.4731E-01  0.5231E-01  0.5789E-01
  0.6410E-01  0.7103E-01  0.7875E-01  0.8738E-01  0.9701E-01  0.1078E+00
  0.1198E+00  0.1333E+00  0.1484E+00  0.1653E+00  0.1843E+00  0.2056E+00
  0.2295E+00  0.2565E+00  0.2868E+00  0.3210E+00  0.3597E+00  0.4034E+00
  0.4529E+00  0.5092E+00  0.5733E+00  0.6464E+00  0.7301E+00  0.8263E+00
  0.9372E+00  0.1066E+01  0.1215E+01  0.1390E+01  0.1597E+01  0.1848E+01
  0.2171E+01  0.2645E+01  0.3497E+01  0.5310E+01  0.9245E+01  0.1671E+02
  0.2782E+02  0.4005E+02  0.4958E+02  0.5381E+02  0.5240E+02  0.4678E+02
  0.3864E+02  0.2881E+02  0.1825E+02  0.8663E+01  0.4935E-01  0.1959E-15
  0.7360E-02  0.8022E-02  0.8749E-02  0.9549E-02  0.1043E-01  0.1140E-01
  0.1247E-01  0.1365E-01  0.1496E-01  0.1640E-01  0.1799E-01  0.1975E-01
  0.2170E-01  0.2386E-01  0.2626E-01  0.2891E-01  0.3186E-01  0.3513E-01
  0.3877E-01  0.4281E-01  0.4731E-01  0.5231E-01  0.5789E-01  0.6410E-01
  0.7103E-01  0.7875E-01  0.8738E-01  0.9701E-01  0.1078E+00  0.1198E+00
  0.1333E+00  0.1484E+00  0.1653E+00  0.1843E+00  0.2056E+00  0.2295E+00
  0.2565E+00  0.2868E+00  0.3210E+00  0.3597E+00  0.4034E+00  0.4529E+00
  0.5092E+00  0.5733E+00  0.6464E+00  0.7301E+00  0.8263E+00  0.9372E+00
  0.1066E+01  0.1215E+01  0.1390E+01  0.1597E+01  0.1848E+01  0.2171E+01
  0.2645E+01  0.3497E+01  0.5310E+01  0.9245E+01  0.1671E+02  0.2782E+02
  0.4005E+02  0.4958E+02  0.5381E+02  0.5240E+02  0.4678E+02  0.3864E+02
  0.2881E+02  0.1825E+02  0.8663E+01  0.4935E-01  0.1959E-15  0.7360E-02
  0.8022E-02  0.8749E-02  0.9549E-02  0.1043E-01  0.1140E-01  0.1247E-01
  0.1365E-01  0.1496E-01  0.1640E-01  0.1799E-01  0.1975E-01  0.2170E-01
  0.2386E-01  0.2626E-01  0.2891E-01  0.3186E-01  0.3513E-01  0.3877E-01
  0.4281E-01  0.4731E-01  0.5231E-01  0.5789E-01  0.6410E-01  0.7103E-01
  0.7875E-01  0.8738E-01  0.9701E-01  0.1078E+00  0.1198E+00  0.1333E+00
  0.1484E+00  0.1653E+00  0.1843E+00  0.2056E+00  0.2295E+00  0.2565E+00
  0.2868E+00  0.3210E+00  0.3597E+00  0.4034E+00  0.4529E+00  0.5092E+00
  0.5733E+00  0.6464E+00  0.7301E+00  0.8263E+00  0.9372E+00  0.1066E+01
  0.1215E+01  0.1390E+01  0.1597E+01  0.1848E+01  0.2171E+01  0.2645E+01
  0.3497E+01  0.5310E+01  0.9245E+01  0.1671E+02  0.2782E+02  0.4005E+02
  0.4958E+02  0.5381E+02  0.5240E+02  0.4678E+02  0.3864E+02  0.2881E+02
  0.1825E+02  0.8663E+01  0.4935E-01  0.1959E-15  0.7360E-02  0.8022E-02
  0.8749E-02  0.9549E-02  0.1043E-01  0.1140E-01  0.1247E-01  0.1365E-01
  0.1496E-01  0.1640E-01  0.1799E-01  0.1975E-01  0.2170E-01  0.2386E-01
  0.2626E-01  0.2891E-01  0.3186E-01  0.3513E-01  0.3877E-01  0.4281E-01
  0.4731E-01  0.5231E-01  0.5789E-01  0.6410E-01  0.7103E-01  0.7875E-01
  0.8738E-01  0.9701E-01  0.1078E+00  0.1198E+00  0.1333E+00  0.1484E+00
  0.1653E+00  0.1843E+00  0.2056E+00  0.2295E+00  0.2565E+00  0.2868E+00
  0.3210E+00  0.3597E+00  0.4034E+00  0.4529E+00  0.5092E+00  0.5733E+00
  0.6464E+00  0.7301E+00  0.8263E+00  0.9372E+00  0.1066E+01  0.1215E+01
  0.1390E+01  0.1597E+01  0.1848E+01  0.2171E+01  0.2645E+01  0.3497E+01
  0.5310E+01  0.9245E+01  0.1671E+02  0.2782E+02  0.4005E+02  0.4958E+02
  0.5381E+02  0.5240E+02  0.4678E+02  0.3864E+02  0.2881E+02  0.1825E+02
  0.8663E+01  0.4935E-01  0.1959E-15  0.7360E-02  0.8022E-02  0.8749E-02
  0.9549E-02  0.1043E-01  0.1140E-01  0.1247E-01  0.1365E-01  0.1496E-01
  0.1640E-01  0.1799E-01  0.1975E-01  0.2170E-01  0.2386E-01  0.2626E-01
  0.2891E-01  0.3186E-01  0.3513E-01  0.3877E-01  0.4281E-01  0.4731E-01
  0.5231E-01  0.5789E-01  0.6410E-01  0.7103E-01  0.7875E-01  0.8738E-01
  0.9701E-01  0.1078E+00  0.1198E+00  0.1333E+00  0.1484E+00  0.1653E+00
  0.1843E+00  0.2056E+00  0.2295E+00  0.2565E+00  0.2868E+00  0.3210E+00
  0.3597E+00  0.4034E+00  0.4529E+00  0.5092E+00  0.5733E+00  0.6464E+00
  0.7301E+00  0.8263E+00  0.9372E+00  0.1066E+01  0.1215E+01  0.1390E+01
  0.1597E+01  0.1848E+01  0.2171E+01  0.2645E+01  0.3497E+01  0.5310E+01
  0.9245E+01  0.1671E+02  0.2782E+02  0.4005E+02  0.4958E+02  0.5381E+02
  0.5240E+02  0.4678E+02  0.3864E+02  0.2881E+02  0.1825E+02  0.8663E+01
  0.4935E-01  0.1957E-15  0.7360E-02  0.8022E-02  0.8749E-02  0.9549E-02
  0.1043E-01  0.1140E-01  0.1247E-01  0.1365E-01  0.1496E-01  0.1640E-01
  0.1799E-01  0.1975E-01  0.2170E-01  0.2386E-01  0.2626E-01  0.2891E-01
  0.3186E-01  0.3513E-01  0.3877E-01  0.4281E-01  0.4731E-01  0.5231E-01
  0.5789E-01  0.6410E-01  0.7103E-01  0.7875E-01  0.8738E-01  0.9701E-01
  0.1078E+00  0.1198E+00  0.1333E+00  0.1484E+00  0.1653E+00  0.1843E+00
  0.2056E+00  0.2295E+00  0.2565E+00  0.2868E+00  0.3210E+00  0.3597E+00
  0.4034E+00  0.4529E+00  0.5092E+00  0.5733E+00  0.6464E+00  0.7301E+00
  0.8263E+00  0.9372E+00  0.1066E+01  0.1215E+01  0.1390E+01  0.1597E+01
  0.1848E+01  0.2171E+01  0.2645E+01  0.3497E+01  0.5310E+01  0.9245E+01
  0.1671E+02  0.2782E+02  0.4005E+02  0.4958E+02  0.5381E+02  0.5240E+02
  0.4678E+02  0.3864E+02  0.2881E+02  0.1825E+02  0.8663E+01  0.4935E-01
  0.1956E-15  0.7360E-02  0.8022E-02  0.8749E-02  0.9549E-02  0.1043E-01
  0.1140E-01  0.1247E-01  0.1365E-01  0.1496E-01  0.1640E-01  0.1799E-01
  0.1975E-01  0.2170E-01  0.2386E-01  0.2626E-01  0.2891E-01  0.3186E-01
  0.3513E-01  0.3877E-01  0.4281E-01  0.4731E-01  0.5231E-01  0.5789E-01
  0.6410E-01  0.7103E-01  0.7875E-01  0.8738E-01  0.9701E-01  0.1078E+00
  0.1198E+00  0.1333E+00  0.1484E+00  0.1653E+00  0.1843E+00  0.2056E+00
  0.2295E+00  0.2565E+00  0.2868E+00  0.3210E+00  0.3597E+00  0.4034E+00
  0.4529E+00  0.5092E+00  0.5733E+00  0.6464E+00  0.7301E+00  0.8263E+00
  0.9372E+00  0.1066E+01  0.1215E+01  0.1390E+01  0.1597E+01  0.1848E+01
  0.2171E+01  0.2645E+01  0.3497E+01  0.5310E+01  0.9245E+01  0.1671E+02
  0.2782E+02  0.4005E+02  0.4958E+02  0.5381E+02  0.5240E+02  0.4678E+02
  0.3864E+02  0.2881E+02  0.1825E+02  0.8663E+01  0.4935E-01  0.1954E-15
  0.7360E-02  0.8022E-02  0.8749E-02  0.9549E-02  0.1043E-01  0.1140E-01
  0.1247E-01  0.1365E-01  0.1496E-01  0.1640E-01  0.1799E-01  0.1975E-01
  0.2170E-01  0.2386E-01  0.2626E-01  0.2891E-01  0.3186E-01  0.3513E-01
  0.3877E-01  0.4281E-01  0.4731E-01  0.5231E-01  0.5789E-01  0.6410E-01
  0.7103E-01  0.7875E-01  0.8738E-01  0.9701E-01  0.1078E+00  0.1198E+00
  0.1333E+00  0.1484E+00  0.1653E+00  0.1843E+00  0.2056E+00  0.2295E+00
  0.2565E+00  0.2868E+00  0.3210E+00  0.3597E+00  0.4034E+00  0.4529E+00
  0.5092E+00  0.5733E+00  0.6464E+00  0.7301E+00  0.8263E+00  0.9372E+00
  0.1066E+01  0.1215E+01  0.1390E+01  0.1597E+01  0.1848E+01  0.2171E+01
  0.2645E+01  0.3497E+01  0.5310E+01  0.9245E+01  0.1671E+02  0.2782E+02
  0.4005E+02  0.4958E+02  0.5381E+02  0.5240E+02  0.4678E+02  0.3864E+02
  0.2881E+02  0.1825E+02  0.8663E+01  0.4935E-01  0.1952E-15  0.7360E-02
  0.8022E-02  0.8749E-02  0.9549E-02  0.1043E-01  0.1140E-01  0.1247E-01
  0.1365E-01  0.1496E-01  0.1640E-01  0.1799E-01  0.1975E-01  0.2170E-01
  0.2386E-01  0.2626E-01  0.2891E-01  0.3186E-01  0.3513E-01  0.3877E-01
  0.4281E-01  0.4731E-01  0.5231E-01  0.5789E-01  0.6410E-01  0.7103E-01
  0.7875E-01  0.8738E-01  0.9701E-01  0.1078E+00  0.1198E+00  0.1333E+00
  0.1484E+00  0.1653E+00  0.1843E+00  0.2056E+00  0.2295E+00  0.2565E+00
  0.2868E+00  0.3210E+00  0.3597E+00  0.4034E+00  0.4529E+00  0.5092E+00
  0.5733E+00  0.6464E+00  0.7301E+00  0.8263E+00  0.9372E+00  0.1066E+01
  0.1215E+01  0.1390E+01  0.1597E+01  0.1848E+01  0.2171E+01  0.2645E+01
  0.3497E+01  0.5310E+01  0.9245E+01  0.1671E+02  0.2782E+02  0.4005E+02
  0.4958E+02  0.5381E+02  0.5240E+02  0.4678E+02  0.3864E+02  0.2881E+02
  0.1825E+02  0.8663E+01  0.4935E-01  0.1949E-15  0.7360E-02  0.8022E-02
  0.8749E-02  0.9549E-02  0.1043E-01  0.1140E-01  0.1247E-01  0.1365E-01
  0.1496E-01  0.1640E-01  0.1799E-01  0.1975E-01  0.2170E-01  0.2386E-01
  0.2626E-01  0.2891E-01  0.3186E-01  0.3513E-01  0.3877E-01  0.4281E-01
  0.4731E-01  0.5231E-01  0.5789E-01  0.6410E-01  0.7103E-01  0.7875E-01
  0.8738E-01  0.9701E-01  0.1078E+00  0.1198E+00  0.1333E+00  0.1484E+00
  0.1653E+00  0.1843E+00  0.2056E+00  0.2295E+00  0.2565E+00  0.2868E+00
  0.3210E+00  0.3597E+00  0.4034E+00  0.4529E+00  0.5092E+00  0.5733E+00
  0.6464E+00  0.7301E+00  0.8263E+00  0.9372E+00  0.1066E+01  0.1215E+01
  0.1390E+01  0.1597E+01  0.1848E+01  0.2171E+01  0.2645E+01  0.3497E+01
  0.5310E+01  0.9245E+01  0.1671E+02  0.2782E+02  0.4005E+02  0.4958E+02
  0.5381E+02  0.5240E+02  0.4678E+02  0.3864E+02  0.2881E+02  0.1825E+02
  0.8663E+01  0.4935E-01  0.1945E-15  0.7360E-02  0.8022E-02  0.8749E-02
  0.9549E-02  0.1043E-01  0.1140E-01  0.1247E-01  0.1365E-01  0.1496E-01
  0.1640E-01  0.1799E-01  0.1975E-01  0.2170E-01  0.2386E-01  0.2626E-01
  0.2891E-01  0.3186E-01  0.3513E-01  0.3877E-01  0.4281E-01  0.4731E-01
  0.5231E-01  0.5789E-01  0.6410E-01  0.7103E-01  0.7875E-01  0.8738E-01
  0.9701E-01  0.1078E+00  0.1198E+00  0.1333E+00  0.1484E+00  0.1653E+00
  0.1843E+00  0.2056E+00  0.2295E+00  0.2565E+00  0.2868E+00  0.3210E+00
  0.3597E+00  0.4034E+00  0.4529E+00  0.5092E+00  0.5733E+00  0.6464E+00
  0.7301E+00  0.8263E+00  0.9372E+00  0.1066E+01  0.1215E+01  0.1390E+01
  0.1597E+01  0.1848E+01  0.2171E+01  0.2645E+01  0.3497E+01  0.5310E+01
  0.9245E+01  0.1671E+02  0.2782E+02  0.4005E+02  0.4958E+02  0.5381E+02
  0.5240E+02  0.4678E+02  0.3864E+02  0.2881E+02  0.1825E+02  0.8663E+01
  0.4935E-01  0.1942E-15  0.7360E-02  0.8022E-02  0.8749E-02  0.9549E-02
  0.1043E-01  0.1140E-01  0.1247E-01  0.1365E-01  0.1496E-01  0.1640E-01
  0.1799E-01  0.1975E-01  0.2170E-01  0.2386E-01  0.2626E-01  0.2891E-01
  0.3186E-01  0.3513E-01  0.3877E-01  0.4281E-01  0.4731E-01  0.5231E-01
  0.5789E-01  0.6410E-01  0.7103E-01  0.7875E-01  0.8738E-01  0.9701E-01
  0.1078E+00  0.1198E+00  0.1333E+00  0.1484E+00  0.1653E+00  0.1843E+00
  0.2056E+00  0.2295E+00  0.2565E+00  0.2868E+00  0.3210E+00  0.3597E+00
  0.4034E+00  0.4529E+00  0.5092E+00  0.5733E+00  0.6464E+00  0.7301E+00
  0.8263E+00  0.9372E+00  0.1066E+01  0.1215E+01  0.1390E+01  0.1597E+01
  0.1848E+01  0.2171E+01  0.2645E+01  0.3497E+01  0.5310E+01  0.9245E+01
  0.1671E+02  0.2782E+02  0.4005E+02  0.4958E+02  0.5381E+02  0.5240E+02
  0.4678E+02  0.3864E+02  0.2881E+02  0.1825E+02  0.8663E+01  0.4935E-01
  0.1937E-15  0.7360E-02  0.8022E-02  0.8749E-02  0.9549E-02  0.1043E-01
  0.1140E-01  0.1247E-01  0.1365E-01  0.1496E-01  0.1640E-01  0.1799E-01
  0.1975E-01  0.2170E-01  0.2386E-01  0.2626E-01  0.2891E-01  0.3186E-01
  0.3513E-01  0.3877E-01  0.4281E-01  0.4731E-01  0.5231E-01  0.5789E-01
  0.6410E-01  0.7103E-01  0.7875E-01  0.8738E-01  0.9701E-01  0.1078E+00
  0.1198E+00  0.1333E+00  0.1484E+00  0.1653E+00  0.1843E+00  0.2056E+00
  0.2295E+00  0.2565E+00  0.2868E+00  0.3210E+00  0.3597E+00  0.4034E+00
  0.4529E+00  0.5092E+00  0.5733E+00  0.6464E+00  0.7301E+00  0.8263E+00
  0.9372E+00  0.1066E+01  0.1215E+01  0.1390E+01  0.1597E+01  0.1848E+01
  0.2171E+01  0.2645E+01  0.3497E+01  0.5310E+01  0.9245E+01  0.1671E+02
  0.2782E+02  0.4005E+02  0.4958E+02  0.5381E+02  0.5240E+02  0.4678E+02
  0.3864E+02  0.2881E+02  0.1825E+02  0.8663E+01  0.4935E-01  0.1933E-15
  0.7360E-02  0.8022E-02  0.8749E-02  0.9549E-02  0.1043E-01  0.1140E-01
  0.1247E-01  0.1365E-01  0.1496E-01  0.1640E-01  0.1799E-01  0.1975E-01
  0.2170E-01  0.2386E-01  0.2626E-01  0.2891E-01  0.3186E-01  0.3513E-01
  0.3877E-01  0.4281E-01  0.4731E-01  0.5231E-01  0.5789E-01  0.6410E-01
  0.7103E-01  0.7875E-01  0.8738E-01  0.9701E-01  0.1078E+00  0.1198E+00
  0.1333E+00  0.1484E+00  0.1653E+00  0.1843E+00  0.2056E+00  0.2295E+00
  0.2565E+00  0.2868E+00  0.3210E+00  0.3597E+00  0.4034E+00  0.4529E+00
  0.5092E+00  0.5733E+00  0.6464E+00  0.7301E+00  0.8263E+00  0.9372E+00
  0.1066E+01  0.1215E+01  0.1390E+01  0.1597E+01  0.1848E+01  0.2171E+01
  0.2645E+01  0.3497E+01  0.5310E+01  0.9245E+01  0.1671E+02  0.2782E+02
  0.4005E+02  0.4958E+02  0.5381E+02  0.5240E+02  0.4678E+02  0.3864E+02
  0.2881E+02  0.1825E+02  0.8663E+01  0.4935E-01  0.1928E-15  0.7360E-02
  0.8022E-02  0.8749E-02  0.9549E-02  0.1043E-01  0.1140E-01  0.1247E-01
  0.1365E-01  0.1496E-01  0.1640E-01  0.1799E-01  0.1975E-01  0.2170E-01
  0.2386E-01  0.2626E-01  0.2891E-01  0.3186E-01  0.3513E-01  0.3877E-01
  0.4281E-01  0.4731E-01  0.5231E-01  0.5789E-01  0.6410E-01  0.7103E-01
  0.7875E-01  0.8738E-01  0.9701E-01  0.1078E+00  0.1198E+00  0.1333E+00
  0.1484E+00  0.1653E+00  0.1843E+00  0.2056E+00  0.2295E+00  0.2565E+00
  0.2868E+00  0.3210E+00  0.3597E+00  0.4034E+00  0.4529E+00  0.5092E+00
  0.5733E+00  0.6464E+00  0.7301E+00  0.8263E+00  0.9372E+00  0.1066E+01
  0.1215E+01  0.1390E+01  0.1597E+01  0.1848E+01  0.2171E+01  0.2645E+01
  0.3497E+01  0.5310E+01  0.9245E+01  0.1671E+02  0.2782E+02  0.4005E+02
  0.4958E+02  0.5381E+02  0.5240E+02  0.4678E+02  0.3864E+02  0.2881E+02
  0.1825E+02  0.8663E+01  0.4935E-01  0.1922E-15  0.7360E-02  0.8022E-02
  0.8749E-02  0.9549E-02  0.1043E-01  0.1140E-01  0.1247E-01  0.1365E-01
  0.1496E-01  0.1640E-01  0.1799E-01  0.1975E-01  0.2170E-01  0.2386E-01
  0.2626E-01  0.2891E-01  0.3186E-01  0.3513E-01  0.3877E-01  0.4281E-01
  0.4731E-01  0.5231E-01  0.5789E-01  0.6410E-01  0.7103E-01  0.7875E-01
  0.8738E-01  0.9701E-01  0.1078E+00  0.1198E+00  0.1333E+00  0.1484E+00
  0.1653E+00  0.1843E+00  0.2056E+00  0.2295E+00  0.2565E+00  0.2868E+00
  0.3210E+00  0.3597E+00  0.4034E+00  0.4529E+00  0.5092E+00  0.5733E+00
  0.6464E+00  0.7301E+00  0.8263E+00  0.9372E+00  0.1066E+01  0.1215E+01
  0.1390E+01  0.1597E+01  0.1848E+01  0.2171E+01  0.2645E+01  0.3497E+01
  0.5310E+01  0.9245E+01  0.1671E+02  0.2782E+02  0.4005E+02  0.4958E+02
  0.5381E+02  0.5240E+02  0.4678E+02  0.3864E+02  0.2881E+02  0.1825E+02
  0.8663E+01  0.4935E-01  0.1916E-15  0.7360E-02  0.8022E-02  0.8749E-02
  0.9549E-02  0.1043E-01  0.1140E-01  0.1247E-01  0.1365E-01  0.1496E-01
  0.1640E-01  0.1799E-01  0.1975E-01  0.2170E-01  0.2386E-01  0.2626E-01
  0.2891E-01  0.3186E-01  0.3513E-01  0.3877E-01  0.4281E-01  0.4731E-01
  0.5231E-01  0.5789E-01  0.6410E-01  0.7103E-01  0.7875E-01  0.8738E-01
  0.9701E-01  0.1078E+00  0.1198E+00  0.1333E+00  0.1484E+00  0.1653E+00
  0.1843E+00  0.2056E+00  0.2295E+00  0.2565E+00  0.2868E+00  0.3210E+00
  0.3597E+00  0.4034E+00  0.4529E+00  0.5092E+00  0.5733E+00  0.6464E+00
  0.7301E+00  0.8263E+00  0.9372E+00  0.1066E+01  0.1215E+01  0.1390E+01
  0.1597E+01  0.1848E+01  0.2171E+01  0.2645E+01  0.3497E+01  0.5310E+01
  0.9245E+01  0.1671E+02  0.2782E+02  0.4005E+02  0.4958E+02  0.5381E+02
  0.5240E+02  0.4678E+02  0.3864E+02  0.2881E+02  0.1825E+02  0.8663E+01
  0.4935E-01  0.1909E-15  0.7360E-02  0.8022E-02  0.8749E-02  0.9549E-02
  0.1043E-01  0.1140E-01  0.1247E-01  0.1365E-01  0.1496E-01  0.1640E-01
  0.1799E-01  0.1975E-01  0.2170E-01  0.2386E-01  0.2626E-01  0.2891E-01
  0.3186E-01  0.3513E-01  0.3877E-01  0.4281E-01  0.4731E-01  0.5231E-01
  0.5789E-01  0.6410E-01  0.7103E-01  0.7875E-01  0.8738E-01  0.9701E-01
  0.1078E+00  0.1198E+00  0.1333E+00  0.1484E+00  0.1653E+00  0.1843E+00
  0.2056E+00  0.2295E+00  0.2565E+00  0.2868E+00  0.3210E+00  0.3597E+00
  0.4034E+00  0.4529E+00  0.5092E+00  0.5733E+00  0.6464E+00  0.7301E+00
  0.8263E+00  0.9372E+00  0.1066E+01  0.1215E+01  0.1390E+01  0.1597E+01
  0.1848E+01  0.2171E+01  0.2645E+01  0.3497E+01  0.5310E+01  0.9245E+01
  0.1671E+02  0.2782E+02  0.4005E+02  0.4958E+02  0.5381E+02  0.5240E+02
  0.4678E+02  0.3864E+02  0.2881E+02  0.1825E+02  0.8663E+01  0.4935E-01
  0.1903E-15  0.7360E-02  0.8022E-02  0.8749E-02  0.9549E-02  0.1043E-01
  0.1140E-01  0.1247E-01  0.1365E-01  0.1496E-01  0.1640E-01  0.1799E-01
  0.1975E-01  0.2170E-01  0.2386E-01  0.2626E-01  0.2891E-01  0.3186E-01
  0.3513E-01  0.3877E-01  0.4281E-01  0.4731E-01  0.5231E-01  0.5789E-01
  0.6410E-01  0.7103E-01  0.7875E-01  0.8738E-01  0.9701E-01  0.1078E+00
  0.1198E+00  0.1333E+00  0.1484E+00  0.1653E+00  0.1843E+00  0.2056E+00
  0.2295E+00  0.2565E+00  0.2868E+00  0.3210E+00  0.3597E+00  0.4034E+00
  0.4529E+00  0.5092E+00  0.5733E+00  0.6464E+00  0.7301E+00  0.8263E+00
  0.9372E+00  0.1066E+01  0.1215E+01  0.1390E+01  0.1597E+01  0.1848E+01
  0.2171E+01  0.2645E+01  0.3497E+01  0.5310E+01  0.9245E+01  0.1671E+02
  0.2782E+02  0.4005E+02  0.4958E+02  0.5381E+02  0.5240E+02  0.4678E+02
  0.3864E+02  0.2881E+02  0.1825E+02  0.8663E+01  0.4935E-01  0.1895E-15
  0.7360E-02  0.8022E-02  0.8749E-02  0.9549E-02  0.1043E-01  0.1140E-01
  0.1247E-01  0.1365E-01  0.1496E-01  0.1640E-01  0.1799E-01  0.1975E-01
  0.2170E-01  0.2386E-01  0.2626E-01  0.2891E-01  0.3186E-01  0.3513E-01
  0.3877E-01  0.4281E-01  0.4731E-01  0.5231E-01  0.5789E-01  0.6410E-01
  0.7103E-01  0.7875E-01  0.8738E-01  0.9701E-01  0.1078E+00  0.1198E+00
  0.1333E+00  0.1484E+00  0.1653E+00  0.1843E+00  0.2056E+00  0.2295E+00
  0.2565E+00  0.2868E+00  0.3210E+00  0.3597E+00  0.4034E+00  0.4529E+00
  0.5092E+00  0.5733E+00  0.6464E+00  0.7301E+00  0.8263E+00  0.9372E+00
  0.1066E+01  0.1215E+01  0.1390E+01  0.1597E+01  0.1848E+01  0.2171E+01
  0.2645E+01  0.3497E+01  0.5310E+01  0.9245E+01  0.1671E+02  0.2782E+02
  0.4005E+02  0.4958E+02  0.5381E+02  0.5240E+02  0.4678E+02  0.3864E+02
  0.2881E+02  0.1825E+02  0.8663E+01  0.4935E-01  0.1887E-15  0.7360E-02
  0.8022E-02  0.8749E-02  0.9549E-02  0.1043E-01  0.1140E-01  0.1247E-01
  0.1365E-01  0.1496E-01  0.1640E-01  0.1799E-01  0.1975E-01  0.2170E-01
  0.2386E-01  0.2626E-01  0.2891E-01  0.3186E-01  0.3513E-01  0.3877E-01
  0.4281E-01  0.4731E-01  0.5231E-01  0.5789E-01  0.6410E-01  0.7103E-01
  0.7875E-01  0.8738E-01  0.9701E-01  0.1078E+00  0.1198E+00  0.1333E+00
  0.1484E+00  0.1653E+00  0.1843E+00  0.2056E+00  0.2295E+00  0.2565E+00
  0.2868E+00  0.3210E+00  0.3597E+00  0.4034E+00  0.4529E+00  0.5092E+00
  0.5733E+00  0.6464E+00  0.7301E+00  0.8263E+00  0.9372E+00  0.1066E+01
  0.1215E+01  0.1390E+01  0.1597E+01  0.1848E+01  0.2171E+01  0.2645E+01
  0.3497E+01  0.5310E+01  0.9245E+01  0.1671E+02  0.2782E+02  0.4005E+02
  0.4958E+02  0.5381E+02  0.5240E+02  0.4678E+02  0.3864E+02  0.2881E+02
  0.1825E+02  0.8663E+01  0.4935E-01  0.1879E-15  0.7360E-02  0.8022E-02
  0.8749E-02  0.9549E-02  0.1043E-01  0.1140E-01  0.1247E-01  0.1365E-01
  0.1496E-01  0.1640E-01  0.1799E-01  0.1975E-01  0.2170E-01  0.2386E-01
  0.2626E-01  0.2891E-01  0.3186E-01  0.3513E-01  0.3877E-01  0.4281E-01
  0.4731E-01  0.5231E-01  0.5789E-01  0.6410E-01  0.7103E-01  0.7875E-01
  0.8738E-01  0.9701E-01  0.1078E+00  0.1198E+00  0.1333E+00  0.1484E+00
  0.1653E+00  0.1843E+00  0.2056E+00  0.2295E+00  0.2565E+00  0.2868E+00
  0.3210E+00  0.3597E+00  0.4034E+00  0.4529E+00  0.5092E+00  0.5733E+00
  0.6464E+00  0.7301E+00  0.8263E+00  0.9372E+00  0.1066E+01  0.1215E+01
  0.1390E+01  0.1597E+01  0.1848E+01  0.2171E+01  0.2645E+01  0.3497E+01
  0.5310E+01  0.9245E+01  0.1671E+02  0.2782E+02  0.4005E+02  0.4958E+02
  0.5381E+02  0.5240E+02  0.4678E+02  0.3864E+02  0.2881E+02  0.1825E+02
  0.8663E+01  0.4935E-01  0.1870E-15  0.7360E-02  0.8022E-02  0.8749E-02
  0.9549E-02  0.1043E-01  0.1140E-01  0.1247E-01  0.1365E-01  0.1496E-01
  0.1640E-01  0.1799E-01  0.1975E-01  0.2170E-01  0.2386E-01  0.2626E-01
  0.2891E-01  0.3186E-01  0.3513E-01  0.3877E-01  0.4281E-01  0.4731E-01
  0.5231E-01  0.5789E-01  0.6410E-01  0.7103E-01  0.7875E-01  0.8738E-01
  0.9701E-01  0.1078E+00  0.1198E+00  0.1333E+00  0.1484E+00  0.1653E+00
  0.1843E+00  0.2056E+00  0.2295E+00  0.2565E+00  0.2868E+00  0.3210E+00
  0.3597E+00  0.4034E+00  0.4529E+00  0.5092E+00  0.5733E+00  0.6464E+00
  0.7301E+00  0.8263E+00  0.9372E+00  0.1066E+01  0.1215E+01  0.1390E+01
  0.1597E+01  0.1848E+01  0.2171E+01  0.2645E+01  0.3497E+01  0.5310E+01
  0.9245E+01  0.1671E+02  0.2782E+02  0.4005E+02  0.4958E+02  0.5381E+02
  0.5240E+02  0.4678E+02  0.3864E+02  0.2881E+02  0.1825E+02  0.8663E+01
  0.4935E-01  0.1861E-15  0.7360E-02  0.8022E-02  0.8749E-02  0.9549E-02
  0.1043E-01  0.1140E-01  0.1247E-01  0.1365E-01  0.1496E-01  0.1640E-01
  0.1799E-01  0.1975E-01  0.2170E-01  0.2386E-01  0.2626E-01  0.2891E-01
  0.3186E-01  0.3513E-01  0.3877E-01  0.4281E-01  0.4731E-01  0.5231E-01
  0.5789E-01  0.6410E-01  0.7103E-01  0.7875E-01  0.8738E-01  0.9701E-01
  0.1078E+00  0.1198E+00  0.1333E+00  0.1484E+00  0.1653E+00  0.1843E+00
  0.2056E+00  0.2295E+00  0.2565E+00  0.2868E+00  0.3210E+00  0.3597E+00
  0.4034E+00  0.4529E+00  0.5092E+00  0.5733E+00  0.6464E+00  0.7301E+00
  0.8263E+00  0.9372E+00  0.1066E+01  0.1215E+01  0.1390E+01  0.1597E+01
  0.1848E+01  0.2171E+01  0.2645E+01  0.3497E+01  0.5310E+01  0.9245E+01
  0.1671E+02  0.2782E+02  0.4005E+02  0.4958E+02  0.5381E+02  0.5240E+02
  0.4678E+02  0.3864E+02  0.2881E+02  0.1825E+02  0.8663E+01  0.4935E-01
  0.1851E-15  0.7360E-02  0.8022E-02  0.8749E-02  0.9549E-02  0.1043E-01
  0.1140E-01  0.1247E-01  0.1365E-01  0.1496E-01  0.1640E-01  0.1799E-01
  0.1975E-01  0.2170E-01  0.2386E-01  0.2626E-01  0.2891E-01  0.3186E-01
  0.3513E-01  0.3877E-01  0.4281E-01  0.4731E-01  0.5231E-01  0.5789E-01
  0.6410E-01  0.7103E-01  0.7875E-01  0.8738E-01  0.9701E-01  0.1078E+00
  0.1198E+00  0.1333E+00  0.1484E+00  0.1653E+00  0.1843E+00  0.2056E+00
  0.2295E+00  0.2565E+00  0.2868E+00  0.3210E+00  0.3597E+00  0.4034E+00
  0.4529E+00  0.5092E+00  0.5733E+00  0.6464E+00  0.7301E+00  0.8263E+00
  0.9372E+00  0.1066E+01  0.1215E+01  0.1390E+01  0.1597E+01  0.1848E+01
  0.2171E+01  0.2645E+01  0.3497E+01  0.5310E+01  0.9245E+01  0.1671E+02
  0.2782E+02  0.4005E+02  0.4958E+02  0.5381E+02  0.5240E+02  0.4678E+02
  0.3864E+02  0.2881E+02  0.1825E+02  0.8663E+01  0.4935E-01  0.1841E-15
  0.7360E-02  0.8022E-02  0.8749E-02  0.9549E-02  0.1043E-01  0.1140E-01
  0.1247E-01  0.1365E-01  0.1496E-01  0.1640E-01  0.1799E-01  0.1975E-01
  0.2170E-01  0.2386E-01  0.2626E-01  0.2891E-01  0.3186E-01  0.3513E-01
  0.3877E-01  0.4281E-01  0.4731E-01  0.5231E-01  0.5789E-01  0.6410E-01
  0.7103E-01  0.7875E-01  0.8738E-01  0.9701E-01  0.1078E+00  0.1198E+00
  0.1333E+00  0.1484E+00  0.1653E+00  0.1843E+00  0.2056E+00  0.2295E+00
  0.2565E+00  0.2868E+00  0.3210E+00  0.3597E+00  0.4034E+00  0.4529E+00
  0.5092E+00  0.5733E+00  0.6464E+00  0.7301E+00  0.8263E+00  0.9372E+00
  0.1066E+01  0.1215E+01  0.1390E+01  0.1597E+01  0.1848E+01  0.2171E+01
  0.2645E+01  0.3497E+01  0.5310E+01  0.9245E+01  0.1671E+02  0.2782E+02
  0.4005E+02  0.4958E+02  0.5381E+02  0.5240E+02  0.4678E+02  0.3864E+02
  0.2881E+02  0.1825E+02  0.8663E+01  0.4935E-01  0.1830E-15  0.7360E-02
  0.8022E-02  0.8749E-02  0.9549E-02  0.1043E-01  0.1140E-01  0.1247E-01
  0.1365E-01  0.1496E-01  0.1640E-01  0.1799E-01  0.1975E-01  0.2170E-01
  0.2386E-01  0.2626E-01  0.2891E-01  0.3186E-01  0.3513E-01  0.3877E-01
  0.4281E-01  0.4731E-01  0.5231E-01  0.5789E-01  0.6410E-01  0.7103E-01
  0.7875E-01  0.8738E-01  0.9701E-01  0.1078E+00  0.1198E+00  0.1333E+00
  0.1484E+00  0.1653E+00  0.1843E+00  0.2056E+00  0.2295E+00  0.2565E+00
  0.2868E+00  0.3210E+00  0.3597E+00  0.4034E+00  0.4529E+00  0.5092E+00
  0.5733E+00  0.6464E+00  0.7301E+00  0.8263E+00  0.9372E+00  0.1066E+01
  0.1215E+01  0.1390E+01  0.1597E+01  0.1848E+01  0.2171E+01  0.2645E+01
  0.3497E+01  0.5310E+01  0.9245E+01  0.1671E+02  0.2782E+02  0.4005E+02
  0.4958E+02  0.5381E+02  0.5240E+02  0.4678E+02  0.3864E+02  0.2881E+02
  0.1825E+02  0.8663E+01  0.4935E-01  0.1819E-15  0.7360E-02  0.8022E-02
  0.8749E-02  0.9549E-02  0.1043E-01  0.1140E-01  0.1247E-01  0.1365E-01
  0.1496E-01  0.1640E-01  0.1799E-01  0.1975E-01  0.2170E-01  0.2386E-01
  0.2626E-01  0.2891E-01  0.3186E-01  0.3513E-01  0.3877E-01  0.4281E-01
  0.4731E-01  0.5231E-01  0.5789E-01  0.6410E-01  0.7103E-01  0.7875E-01
  0.8738E-01  0.9701E-01  0.1078E+00  0.1198E+00  0.1333E+00  0.1484E+00
  0.1653E+00  0.1843E+00  0.2056E+00  0.2295E+00  0.2565E+00  0.2868E+00
  0.3210E+00  0.3597E+00  0.4034E+00  0.4529E+00  0.5092E+00  0.5733E+00
  0.6464E+00  0.7301E+00  0.8263E+00  0.9372E+00  0.1066E+01  0.1215E+01
  0.1390E+01  0.1597E+01  0.1848E+01  0.2171E+01  0.2645E+01  0.3497E+01
  0.5310E+01  0.9245E+01  0.1671E+02  0.2782E+02  0.4005E+02  0.4958E+02
  0.5381E+02  0.5240E+02  0.4678E+02  0.3864E+02  0.2881E+02  0.1825E+02
  0.8663E+01  0.4935E-01  0.1808E-15  0.7360E-02  0.8022E-02  0.8749E-02
  0.9549E-02  0.1043E-01  0.1140E-01  0.1247E-01  0.1365E-01  0.1496E-01
  0.1640E-01  0.1799E-01  0.1975E-01  0.2170E-01  0.2386E-01  0.2626E-01
  0.2891E-01  0.3186E-01  0.3513E-01  0.3877E-01  0.4281E-01  0.4731E-01
  0.5231E-01  0.5789E-01  0.6410E-01  0.7103E-01  0.7875E-01  0.8738E-01
  0.9701E-01  0.1078E+00  0.1198E+00  0.1333E+00  0.1484E+00  0.1653E+00
  0.1843E+00  0.2056E+00  0.2295E+00  0.2565E+00  0.2868E+00  0.3210E+00
  0.3597E+00  0.4034E+00  0.4529E+00  0.5092E+00  0.5733E+00  0.6464E+00
  0.7301E+00  0.8263E+00  0.9372E+00  0.1066E+01  0.1215E+01  0.1390E+01
  0.1597E+01  0.1848E+01  0.2171E+01  0.2645E+01  0.3497E+01  0.5310E+01
  0.9245E+01  0.1671E+02  0.2782E+02  0.4005E+02  0.4958E+02  0.5381E+02
  0.5240E+02  0.4678E+02  0.3864E+02  0.2881E+02  0.1825E+02  0.8663E+01
  0.4935E-01  0.1796E-15  0.7360E-02  0.8022E-02  0.8749E-02  0.9549E-02
  0.1043E-01  0.1140E-01  0.1247E-01  0.1365E-01  0.1496E-01  0.1640E-01
  0.1799E-01  0.1975E-01  0.2170E-01  0.2386E-01  0.2626E-01  0.2891E-01
  0.3186E-01  0.3513E-01  0.3877E-01  0.4281E-01  0.4731E-01  0.5231E-01
  0.5789E-01  0.6410E-01  0.7103E-01  0.7875E-01  0.8738E-01  0.9701E-01
  0.1078E+00  0.1198E+00  0.1333E+00  0.1484E+00  0.1653E+00  0.1843E+00
  0.2056E+00  0.2295E+00  0.2565E+00  0.2868E+00  0.3210E+00  0.3597E+00
  0.4034E+00  0.4529E+00  0.5092E+00  0.5733E+00  0.6464E+00  0.7301E+00
  0.8263E+00  0.9372E+00  0.1066E+01  0.1215E+01  0.1390E+01  0.1597E+01
  0.1848E+01  0.2171E+01  0.2645E+01  0.3497E+01  0.5310E+01  0.9245E+01
  0.1671E+02  0.2782E+02  0.4005E+02  0.4958E+02  0.5381E+02  0.5240E+02
  0.4678E+02  0.3864E+02  0.2881E+02  0.1825E+02  0.8663E+01  0.4935E-01
  0.1783E-15  0.7360E-02  0.8022E-02  0.8749E-02  0.9549E-02  0.1043E-01
  0.1140E-01  0.1247E-01  0.1365E-01  0.1496E-01  0.1640E-01  0.1799E-01
  0.1975E-01  0.2170E-01  0.2386E-01  0.2626E-01  0.2891E-01  0.3186E-01
  0.3513E-01  0.3877E-01  0.4281E-01  0.4731E-01  0.5231E-01  0.5789E-01
  0.6410E-01  0.7103E-01  0.7875E-01  0.8738E-01  0.9701E-01  0.1078E+00
  0.1198E+00  0.1333E+00  0.1484E+00  0.1653E+00  0.1843E+00  0.2056E+00
  0.2295E+00  0.2565E+00  0.2868E+00  0.3210E+00  0.3597E+00  0.4034E+00
  0.4529E+00  0.5092E+00  0.5733E+00  0.6464E+00  0.7301E+00  0.8263E+00
  0.9372E+00  0.1066E+01  0.1215E+01  0.1390E+01  0.1597E+01  0.1848E+01
  0.2171E+01  0.2645E+01  0.3497E+01  0.5310E+01  0.9245E+01  0.1671E+02
  0.2782E+02  0.4005E+02  0.4958E+02  0.5381E+02  0.5240E+02  0.4678E+02
  0.3864E+02  0.2881E+02  0.1825E+02  0.8663E+01  0.4935E-01  0.1771E-15
  0.7360E-02  0.8022E-02  0.8749E-02  0.9549E-02  0.1043E-01  0.1140E-01
  0.1247E-01  0.1365E-01  0.1496E-01  0.1640E-01  0.1799E-01  0.1975E-01
  0.2170E-01  0.2386E-01  0.2626E-01  0.2891E-01  0.3186E-01  0.3513E-01
  0.3877E-01  0.4281E-01  0.4731E-01  0.5231E-01  0.5789E-01  0.6410E-01
  0.7103E-01  0.7875E-01  0.8738E-01  0.9701E-01  0.1078E+00  0.1198E+00
  0.1333E+00  0.1484E+00  0.1653E+00  0.1843E+00  0.2056E+00  0.2295E+00
  0.2565E+00  0.2868E+00  0.3210E+00  0.3597E+00  0.4034E+00  0.4529E+00
  0.5092E+00  0.5733E+00  0.6464E+00  0.7301E+00  0.8263E+00  0.9372E+00
  0.1066E+01  0.1215E+01  0.1390E+01  0.1597E+01  0.1848E+01  0.2171E+01
  0.2645E+01  0.3497E+01  0.5310E+01  0.9245E+01  0.1671E+02  0.2782E+02
  0.4005E+02  0.4958E+02  0.5381E+02  0.5240E+02  0.4678E+02  0.3864E+02
  0.2881E+02  0.1825E+02  0.8663E+01  0.4935E-01  0.1757E-15  0.7360E-02
  0.8022E-02  0.8749E-02  0.9549E-02  0.1043E-01  0.1140E-01  0.1247E-01
  0.1365E-01  0.1496E-01  0.1640E-01  0.1799E-01  0.1975E-01  0.2170E-01
  0.2386E-01  0.2626E-01  0.2891E-01  0.3186E-01  0.3513E-01  0.3877E-01
  0.4281E-01  0.4731E-01  0.5231E-01  0.5789E-01  0.6410E-01  0.7103E-01
  0.7875E-01  0.8738E-01  0.9701E-01  0.1078E+00  0.1198E+00  0.1333E+00
  0.1484E+00  0.1653E+00  0.1843E+00  0.2056E+00  0.2295E+00  0.2565E+00
  0.2868E+00  0.3210E+00  0.3597E+00  0.4034E+00  0.4529E+00  0.5092E+00
  0.5733E+00  0.6464E+00  0.7301E+00  0.8263E+00  0.9372E+00  0.1066E+01
  0.1215E+01  0.1390E+01  0.1597E+01  0.1848E+01  0.2171E+01  0.2645E+01
  0.3497E+01  0.5310E+01  0.9245E+01  0.1671E+02  0.2782E+02  0.4005E+02
  0.4958E+02  0.5381E+02  0.5240E+02  0.4678E+02  0.3864E+02  0.2881E+02
  0.1825E+02  0.8663E+01  0.4935E-01  0.1744E-15  0.7360E-02  0.8022E-02
  0.8749E-02  0.9549E-02  0.1043E-01  0.1140E-01  0.1247E-01  0.1365E-01
  0.1496E-01  0.1640E-01  0.1799E-01  0.1975E-01  0.2170E-01  0.2386E-01
  0.2626E-01  0.2891E-01  0.3186E-01  0.3513E-01  0.3877E-01  0.4281E-01
  0.4731E-01  0.5231E-01  0.5789E-01  0.6410E-01  0.7103E-01  0.7875E-01
  0.8738E-01  0.9701E-01  0.1078E+00  0.1198E+00  0.1333E+00  0.1484E+00
  0.1653E+00  0.1843E+00  0.2056E+00  0.2295E+00  0.2565E+00  0.2868E+00
  0.3210E+00  0.3597E+00  0.4034E+00  0.4529E+00  0.5092E+00  0.5733E+00
  0.6464E+00  0.7301E+00  0.8263E+00  0.9372E+00  0.1066E+01  0.1215E+01
  0.1390E+01  0.1597E+01  0.1848E+01  0.2171E+01  0.2645E+01  0.3497E+01
  0.5310E+01  0.9245E+01  0.1671E+02  0.2782E+02  0.4005E+02  0.4958E+02
  0.5381E+02  0.5240E+02  0.4678E+02  0.3864E+02  0.2881E+02  0.1825E+02
  0.8663E+01  0.4935E-01  0.1730E-15  0.7360E-02  0.8022E-02  0.8749E-02
  0.9549E-02  0.1043E-01  0.1140E-01  0.1247E-01  0.1365E-01  0.1496E-01
  0.1640E-01  0.1799E-01  0.1975E-01  0.2170E-01  0.2386E-01  0.2626E-01
  0.2891E-01  0.3186E-01  0.3513E-01  0.3877E-01  0.4281E-01  0.4731E-01
  0.5231E-01  0.5789E-01  0.6410E-01  0.7103E-01  0.7875E-01  0.8738E-01
  0.9701E-01  0.1078E+00  0.1198E+00  0.1333E+00  0.1484E+00  0.1653E+00
  0.1843E+00  0.2056E+00  0.2295E+00  0.2565E+00  0.2868E+00  0.3210E+00
  0.3597E+00  0.4034E+00  0.4529E+00  0.5092E+00  0.5733E+00  0.6464E+00
  0.7301E+00  0.8263E+00  0.9372E+00  0.1066E+01  0.1215E+01  0.1390E+01
  0.1597E+01  0.1848E+01  0.2171E+01  0.2645E+01  0.3497E+01  0.5310E+01
  0.9245E+01  0.1671E+02  0.2782E+02  0.4005E+02  0.4958E+02  0.5381E+02
  0.5240E+02  0.4678E+02  0.3864E+02  0.2881E+02  0.1825E+02  0.8663E+01
  0.4935E-01  0.1715E-15  0.7360E-02  0.8022E-02  0.8749E-02  0.9549E-02
  0.1043E-01  0.1140E-01  0.1247E-01  0.1365E-01  0.1496E-01  0.1640E-01
  0.1799E-01  0.1975E-01  0.2170E-01  0.2386E-01  0.2626E-01  0.2891E-01
  0.3186E-01  0.3513E-01  0.3877E-01  0.4281E-01  0.4731E-01  0.5231E-01
  0.5789E-01  0.6410E-01  0.7103E-01  0.7875E-01  0.8738E-01  0.9701E-01
  0.1078E+00  0.1198E+00  0.1333E+00  0.1484E+00  0.1653E+00  0.1843E+00
  0.2056E+00  0.2295E+00  0.2565E+00  0.2868E+00  0.3210E+00  0.3597E+00
  0.4034E+00  0.4529E+00  0.5092E+00  0.5733E+00  0.6464E+00  0.7301E+00
  0.8263E+00  0.9372E+00  0.1066E+01  0.1215E+01  0.1390E+01  0.1597E+01
  0.1848E+01  0.2171E+01  0.2645E+01  0.3497E+01  0.5310E+01  0.9245E+01
  0.1671E+02  0.2782E+02  0.4005E+02  0.4958E+02  0.5381E+02  0.5240E+02
  0.4678E+02  0.3864E+02  0.2881E+02  0.1825E+02  0.8663E+01  0.4936E-01
  0.1701E-15  0.7360E-02  0.8022E-02  0.8749E-02  0.9549E-02  0.1043E-01
  0.1140E-01  0.1247E-01  0.1365E-01  0.1496E-01  0.1640E-01  0.1799E-01
  0.1975E-01  0.2170E-01  0.2386E-01  0.2626E-01  0.2891E-01  0.3186E-01
  0.3513E-01  0.3877E-01  0.4281E-01  0.4731E-01  0.5231E-01  0.5789E-01
  0.6410E-01  0.7103E-01  0.7875E-01  0.8738E-01  0.9701E-01  0.1078E+00
  0.1198E+00  0.1333E+00  0.1484E+00  0.1653E+00  0.1843E+00  0.2056E+00
  0.2295E+00  0.2565E+00  0.2868E+00  0.3210E+00  0.3597E+00  0.4034E+00
  0.4529E+00  0.5092E+00  0.5733E+00  0.6464E+00  0.7301E+00  0.8263E+00
  0.9372E+00  0.1066E+01  0.1215E+01  0.1390E+01  0.1597E+01  0.1848E+01
  0.2171E+01  0.2645E+01  0.3497E+01  0.5309E+01  0.9244E+01  0.1671E+02
  0.2782E+02  0.4004E+02  0.4958E+02  0.5381E+02  0.5239E+02  0.4678E+02
  0.3864E+02  0.2881E+02  0.1825E+02  0.8663E+01  0.4937E-01  0.1685E-15
  0.7360E-02  0.8022E-02  0.8749E-02  0.9549E-02  0.1043E-01  0.1140E-01
  0.1247E-01  0.1365E-01  0.1496E-01  0.1640E-01  0.1799E-01  0.1975E-01
  0.2170E-01  0.2386E-01  0.2626E-01  0.2891E-01  0.3186E-01  0.3513E-01
  0.3877E-01  0.4281E-01  0.4731E-01  0.5231E-01  0.5789E-01  0.6410E-01
  0.7103E-01  0.7875E-01  0.8738E-01  0.9701E-01  0.1078E+00  0.1198E+00
  0.1333E+00  0.1484E+00  0.1653E+00  0.1843E+00  0.2056E+00  0.2295E+00
  0.2565E+00  0.2868E+00  0.3210E+00  0.3597E+00  0.4034E+00  0.4529E+00
  0.5092E+00  0.5733E+00  0.6464E+00  0.7301E+00  0.8263E+00  0.9372E+00
  0.1066E+01  0.1215E+01  0.1390E+01  0.1597E+01  0.1848E+01  0.2171E+01
  0.2645E+01  0.3497E+01  0.5308E+01  0.9241E+01  0.1671E+02  0.2781E+02
  0.4004E+02  0.4957E+02  0.5380E+02  0.5239E+02  0.4678E+02  0.3864E+02
  0.2881E+02  0.1825E+02  0.8663E+01  0.4939E-01  0.1670E-15  0.7360E-02
  0.8022E-02  0.8749E-02  0.9549E-02  0.1043E-01  0.1140E-01  0.1247E-01
  0.1365E-01  0.1496E-01  0.1640E-01  0.1799E-01  0.1975E-01  0.2170E-01
  0.2386E-01  0.2626E-01  0.2891E-01  0.3186E-01  0.3513E-01  0.3877E-01
  0.4281E-01  0.4731E-01  0.5231E-01  0.5789E-01  0.6410E-01  0.7103E-01
  0.7875E-01  0.8738E-01  0.9701E-01  0.1078E+00  0.1198E+00  0.1333E+00
  0.1484E+00  0.1653E+00  0.1843E+00  0.2056E+00  0.2295E+00  0.2565E+00
  0.2868E+00  0.3210E+00  0.3597E+00  0.4034E+00  0.4529E+00  0.5092E+00
  0.5733E+00  0.6464E+00  0.7301E+00  0.8263E+00  0.9371E+00  0.1065E+01
  0.1215E+01  0.1390E+01  0.1597E+01  0.1848E+01  0.2171E+01  0.2644E+01
  0.3496E+01  0.5307E+01  0.9239E+01  0.1670E+02  0.2781E+02  0.4003E+02
  0.4957E+02  0.5381E+02  0.5239E+02  0.4678E+02  0.3864E+02  0.2881E+02
  0.1825E+02  0.8663E+01  0.4936E-01  0.1653E-15  0.7360E-02  0.8022E-02
  0.8749E-02  0.9549E-02  0.1043E-01  0.1140E-01  0.1247E-01  0.1365E-01
  0.1496E-01  0.1640E-01  0.1799E-01  0.1975E-01  0.2170E-01  0.2386E-01
  0.2626E-01  0.2891E-01  0.3186E-01  0.3513E-01  0.3877E-01  0.4281E-01
  0.4731E-01  0.5231E-01  0.5789E-01  0.6410E-01  0.7103E-01  0.7875E-01
  0.8738E-01  0.9701E-01  0.1078E+00  0.1198E+00  0.1333E+00  0.1484E+00
  0.1653E+00  0.1843E+00  0.2056E+00  0.2295E+00  0.2565E+00  0.2868E+00
  0.3210E+00  0.3596E+00  0.4034E+00  0.4529E+00  0.5092E+00  0.5732E+00
  0.6463E+00  0.7300E+00  0.8262E+00  0.9370E+00  0.1065E+01  0.1215E+01
  0.1390E+01  0.1597E+01  0.1848E+01  0.2171E+01  0.2644E+01  0.3496E+01
  0.5308E+01  0.9242E+01  0.1671E+02  0.2782E+02  0.4005E+02  0.4959E+02
  0.5382E+02  0.5240E+02  0.4679E+02  0.3864E+02  0.2881E+02  0.1825E+02
  0.8664E+01  0.4923E-01  0.1637E-15  0.7360E-02  0.8022E-02  0.8749E-02
  0.9549E-02  0.1043E-01  0.1140E-01  0.1247E-01  0.1365E-01  0.1496E-01
  0.1640E-01  0.1799E-01  0.1975E-01  0.2170E-01  0.2386E-01  0.2626E-01
  0.2891E-01  0.3186E-01  0.3513E-01  0.3877E-01  0.4281E-01  0.4731E-01
  0.5232E-01  0.5789E-01  0.6410E-01  0.7103E-01  0.7875E-01  0.8738E-01
  0.9701E-01  0.1078E+00  0.1198E+00  0.1333E+00  0.1484E+00  0.1653E+00
  0.1843E+00  0.2056E+00  0.2295E+00  0.2565E+00  0.2868E+00  0.3210E+00
  0.3596E+00  0.4033E+00  0.4528E+00  0.5091E+00  0.5732E+00  0.6463E+00
  0.7300E+00  0.8262E+00  0.9370E+00  0.1065E+01  0.1215E+01  0.1390E+01
  0.1597E+01  0.1848E+01  0.2171E+01  0.2645E+01  0.3499E+01  0.5314E+01
  0.9255E+01  0.1673E+02  0.2785E+02  0.4009E+02  0.4963E+02  0.5385E+02
  0.5242E+02  0.4680E+02  0.3865E+02  0.2881E+02  0.1825E+02  0.8664E+01
  0.4899E-01  0.1620E-15  0.7360E-02  0.8022E-02  0.8749E-02  0.9549E-02
  0.1043E-01  0.1140E-01  0.1247E-01  0.1365E-01  0.1496E-01  0.1640E-01
  0.1799E-01  0.1975E-01  0.2170E-01  0.2386E-01  0.2626E-01  0.2891E-01
  0.3186E-01  0.3513E-01  0.3877E-01  0.4281E-01  0.4731E-01  0.5232E-01
  0.5789E-01  0.6410E-01  0.7103E-01  0.7875E-01  0.8738E-01  0.9701E-01
  0.1078E+00  0.1198E+00  0.1333E+00  0.1484E+00  0.1653E+00  0.1843E+00
  0.2056E+00  0.2295E+00  0.2564E+00  0.2867E+00  0.3210E+00  0.3596E+00
  0.4033E+00  0.4528E+00  0.5091E+00  0.5732E+00  0.6463E+00  0.7301E+00
  0.8263E+00  0.9372E+00  0.1066E+01  0.1215E+01  0.1390E+01  0.1598E+01
  0.1849E+01  0.2172E+01  0.2647E+01  0.3503E+01  0.5323E+01  0.9276E+01
  0.1677E+02  0.2790E+02  0.4014E+02  0.4966E+02  0.5387E+02  0.5243E+02
  0.4680E+02  0.3865E+02  0.2881E+02  0.1825E+02  0.8664E+01  0.4889E-01
  0.1602E-15  0.7360E-02  0.8022E-02  0.8749E-02  0.9549E-02  0.1043E-01
  0.1140E-01  0.1247E-01  0.1365E-01  0.1496E-01  0.1640E-01  0.1799E-01
  0.1975E-01  0.2170E-01  0.2386E-01  0.2626E-01  0.2891E-01  0.3186E-01
  0.3513E-01  0.3877E-01  0.4281E-01  0.4731E-01  0.5231E-01  0.5789E-01
  0.6410E-01  0.7102E-01  0.7874E-01  0.8736E-01  0.9699E-01  0.1078E+00
  0.1198E+00  0.1333E+00  0.1484E+00  0.1653E+00  0.1842E+00  0.2055E+00
  0.2295E+00  0.2564E+00  0.2868E+00  0.3210E+00  0.3596E+00  0.4034E+00
  0.4529E+00  0.5093E+00  0.5734E+00  0.6466E+00  0.7304E+00  0.8267E+00
  0.9378E+00  0.1066E+01  0.1216E+01  0.1391E+01  0.1599E+01  0.1850E+01
  0.2174E+01  0.2651E+01  0.3510E+01  0.5338E+01  0.9306E+01  0.1682E+02
  0.2796E+02  0.4020E+02  0.4970E+02  0.5388E+02  0.5243E+02  0.4679E+02
  0.3865E+02  0.2881E+02  0.1825E+02  0.8664E+01  0.4917E-01  0.1584E-15
  0.7360E-02  0.8022E-02  0.8749E-02  0.9549E-02  0.1043E-01  0.1140E-01
  0.1247E-01  0.1365E-01  0.1496E-01  0.1640E-01  0.1799E-01  0.1975E-01
  0.2170E-01  0.2386E-01  0.2626E-01  0.2891E-01  0.3186E-01  0.3513E-01
  0.3877E-01  0.4281E-01  0.4730E-01  0.5230E-01  0.5787E-01  0.6408E-01
  0.7100E-01  0.7873E-01  0.8735E-01  0.9698E-01  0.1077E+00  0.1198E+00
  0.1333E+00  0.1484E+00  0.1653E+00  0.1843E+00  0.2056E+00  0.2295E+00
  0.2565E+00  0.2869E+00  0.3212E+00  0.3599E+00  0.4037E+00  0.4533E+00
  0.5097E+00  0.5740E+00  0.6473E+00  0.7313E+00  0.8278E+00  0.9390E+00
  0.1068E+01  0.1218E+01  0.1393E+01  0.1601E+01  0.1854E+01  0.2179E+01
  0.2658E+01  0.3523E+01  0.5367E+01  0.9363E+01  0.1691E+02  0.2808E+02
  0.4029E+02  0.4976E+02  0.5390E+02  0.5243E+02  0.4679E+02  0.3865E+02
  0.2882E+02  0.1826E+02  0.8664E+01  0.5034E-01  0.1565E-15  0.7360E-02
  0.8022E-02  0.8749E-02  0.9549E-02  0.1043E-01  0.1140E-01  0.1247E-01
  0.1365E-01  0.1496E-01  0.1640E-01  0.1799E-01  0.1975E-01  0.2170E-01
  0.2386E-01  0.2625E-01  0.2891E-01  0.3185E-01  0.3512E-01  0.3876E-01
  0.4280E-01  0.4729E-01  0.5229E-01  0.5786E-01  0.6407E-01  0.7100E-01
  0.7873E-01  0.8736E-01  0.9700E-01  0.1078E+00  0.1198E+00  0.1333E+00
  0.1485E+00  0.1654E+00  0.1845E+00  0.2058E+00  0.2299E+00  0.2569E+00
  0.2874E+00  0.3218E+00  0.3606E+00  0.4045E+00  0.4544E+00  0.5110E+00
  0.5754E+00  0.6490E+00  0.7333E+00  0.8301E+00  0.9417E+00  0.1071E+01
  0.1221E+01  0.1398E+01  0.1606E+01  0.1859E+01  0.2186E+01  0.2669E+01
  0.3544E+01  0.5409E+01  0.9439E+01  0.1703E+02  0.2820E+02  0.4039E+02
  0.4981E+02  0.5392E+02  0.5244E+02  0.4680E+02  0.3866E+02  0.2883E+02
  0.1826E+02  0.8664E+01  0.5146E-01  0.1545E-15  0.7360E-02  0.8022E-02
  0.8749E-02  0.9549E-02  0.1043E-01  0.1140E-01  0.1247E-01  0.1365E-01
  0.1496E-01  0.1639E-01  0.1799E-01  0.1975E-01  0.2170E-01  0.2385E-01
  0.2625E-01  0.2890E-01  0.3185E-01  0.3512E-01  0.3876E-01  0.4280E-01
  0.4730E-01  0.5231E-01  0.5790E-01  0.6413E-01  0.7108E-01  0.7883E-01
  0.8749E-01  0.9717E-01  0.1080E+00  0.1201E+00  0.1337E+00  0.1489E+00
  0.1659E+00  0.1851E+00  0.2065E+00  0.2307E+00  0.2579E+00  0.2885E+00
  0.3230E+00  0.3620E+00  0.4061E+00  0.4561E+00  0.5129E+00  0.5776E+00
  0.6514E+00  0.7358E+00  0.8328E+00  0.9445E+00  0.1074E+01  0.1224E+01
  0.1400E+01  0.1609E+01  0.1862E+01  0.2188E+01  0.2670E+01  0.3542E+01
  0.5393E+01  0.9388E+01  0.1691E+02  0.2801E+02  0.4017E+02  0.4962E+02
  0.5379E+02  0.5236E+02  0.4676E+02  0.3864E+02  0.2882E+02  0.1826E+02
  0.8661E+01  0.5214E-01  0.1524E-15  0.7360E-02  0.8022E-02  0.8749E-02
  0.9549E-02  0.1043E-01  0.1140E-01  0.1247E-01  0.1365E-01  0.1495E-01
  0.1639E-01  0.1798E-01  0.1974E-01  0.2170E-01  0.2386E-01  0.2626E-01
  0.2892E-01  0.3188E-01  0.3516E-01  0.3882E-01  0.4288E-01  0.4741E-01
  0.5246E-01  0.5808E-01  0.6435E-01  0.7134E-01  0.7915E-01  0.8787E-01
  0.9762E-01  0.1085E+00  0.1207E+00  0.1343E+00  0.1496E+00  0.1667E+00
  0.1859E+00  0.2075E+00  0.2317E+00  0.2589E+00  0.2895E+00  0.3240E+00
  0.3630E+00  0.4070E+00  0.4569E+00  0.5134E+00  0.5777E+00  0.6510E+00
  0.7348E+00  0.8310E+00  0.9416E+00  0.1070E+01  0.1218E+01  0.1392E+01
  0.1598E+01  0.1846E+01  0.2165E+01  0.2629E+01  0.3455E+01  0.5194E+01
  0.8962E+01  0.1616E+02  0.2699E+02  0.3912E+02  0.4877E+02  0.5325E+02
  0.5207E+02  0.4662E+02  0.3856E+02  0.2878E+02  0.1824E+02  0.8652E+01
  0.5075E-01  0.1502E-15  0.7360E-02  0.8021E-02  0.8748E-02  0.9548E-02
  0.1043E-01  0.1140E-01  0.1247E-01  0.1365E-01  0.1496E-01  0.1640E-01
  0.1800E-01  0.1978E-01  0.2174E-01  0.2392E-01  0.2634E-01  0.2903E-01
  0.3201E-01  0.3533E-01  0.3902E-01  0.4312E-01  0.4769E-01  0.5277E-01
  0.5843E-01  0.6474E-01  0.7177E-01  0.7960E-01  0.8835E-01  0.9810E-01
  0.1090E+00  0.1212E+00  0.1348E+00  0.1500E+00  0.1670E+00  0.1860E+00
  0.2074E+00  0.2313E+00  0.2582E+00  0.2884E+00  0.3224E+00  0.3607E+00
  0.4039E+00  0.4528E+00  0.5082E+00  0.5711E+00  0.6427E+00  0.7245E+00
  0.8182E+00  0.9260E+00  0.1051E+01  0.1195E+01  0.1364E+01  0.1563E+01
  0.1803E+01  0.2105E+01  0.2534E+01  0.3270E+01  0.4794E+01  0.8131E+01
  0.1471E+02  0.2506E+02  0.3716E+02  0.4724E+02  0.5232E+02  0.5164E+02
  0.4645E+02  0.3847E+02  0.2872E+02  0.1821E+02  0.8637E+01  0.5001E-01
  0.1477E-15  0.7360E-02  0.8022E-02  0.8749E-02  0.9552E-02  0.1044E-01
  0.1141E-01  0.1250E-01  0.1369E-01  0.1501E-01  0.1648E-01  0.1810E-01
  0.1990E-01  0.2189E-01  0.2410E-01  0.2654E-01  0.2925E-01  0.3226E-01
  0.3559E-01  0.3930E-01  0.4340E-01  0.4796E-01  0.5303E-01  0.5866E-01
  0.6492E-01  0.7187E-01  0.7961E-01  0.8823E-01  0.9782E-01  0.1085E+00
  0.1204E+00  0.1337E+00  0.1486E+00  0.1651E+00  0.1837E+00  0.2044E+00
  0.2276E+00  0.2536E+00  0.2828E+00  0.3157E+00  0.3526E+00  0.3943E+00
  0.4413E+00  0.4946E+00  0.5550E+00  0.6238E+00  0.7023E+00  0.7922E+00
  0.8956E+00  0.1015E+01  0.1153E+01  0.1315E+01  0.1505E+01  0.1733E+01
  0.2015E+01  0.2400E+01  0.3026E+01  0.4279E+01  0.7057E+01  0.1279E+02
  0.2240E+02  0.3440E+02  0.4508E+02  0.5105E+02  0.5112E+02  0.4630E+02
  0.3840E+02  0.2867E+02  0.1817E+02  0.8617E+01  0.4381E-01  0.1448E-15
  0.7360E-02  0.8026E-02  0.8765E-02  0.9583E-02  0.1049E-01  0.1149E-01
  0.1259E-01  0.1381E-01  0.1515E-01  0.1663E-01  0.1827E-01  0.2007E-01
  0.2205E-01  0.2424E-01  0.2666E-01  0.2933E-01  0.3228E-01  0.3554E-01
  0.3914E-01  0.4312E-01  0.4753E-01  0.5242E-01  0.5783E-01  0.6383E-01
  0.7048E-01  0.7787E-01  0.8607E-01  0.9519E-01  0.1053E+00  0.1166E+00
  0.1292E+00  0.1432E+00  0.1588E+00  0.1762E+00  0.1957E+00  0.2175E+00
  0.2418E+00  0.2692E+00  0.2999E+00  0.3344E+00  0.3732E+00  0.4171E+00
  0.4667E+00  0.5229E+00  0.5868E+00  0.6597E+00  0.7431E+00  0.8390E+00
  0.9495E+00  0.1078E+01  0.1227E+01  0.1403E+01  0.1611E+01  0.1864E+01
  0.2190E+01  0.2673E+01  0.3563E+01  0.5518E+01  0.9841E+01  0.1793E+02
  0.2935E+02  0.4083E+02  0.4837E+02  0.4991E+02  0.4595E+02  0.3833E+02
  0.2863E+02  0.1812E+02  0.8572E+01  0.4844E-01  0.1411E-15  0.7354E-02
  0.8042E-02  0.8803E-02  0.9633E-02  0.1054E-01  0.1152E-01  0.1259E-01
  0.1375E-01  0.1503E-01  0.1642E-01  0.1794E-01  0.1960E-01  0.2143E-01
  0.2343E-01  0.2563E-01  0.2805E-01  0.3071E-01  0.3364E-01  0.3687E-01
  0.4043E-01  0.4436E-01  0.4870E-01  0.5350E-01  0.5880E-01  0.6468E-01
  0.7118E-01  0.7839E-01  0.8638E-01  0.9525E-01  0.1051E+00  0.1161E+00
  0.1282E+00  0.1418E+00  0.1569E+00  0.1738E+00  0.1926E+00  0.2137E+00
  0.2372E+00  0.2636E+00  0.2933E+00  0.3266E+00  0.3642E+00  0.4066E+00
  0.4547E+00  0.5092E+00  0.5714E+00  0.6424E+00  0.7239E+00  0.8178E+00
  0.9265E+00  0.1053E+01  0.1201E+01  0.1377E+01  0.1586E+01  0.1840E+01
  0.2170E+01  0.2661E+01  0.3598E+01  0.5762E+01  0.1068E+02  0.1965E+02
  0.3135E+02  0.4154E+02  0.4633E+02  0.4468E+02  0.3806E+02  0.2856E+02
  0.1804E+02  0.8486E+01  0.4944E-01  0.1361E-15  0.7230E-02  0.7745E-02
  0.8305E-02  0.8917E-02  0.9585E-02  0.1031E-01  0.1111E-01  0.1199E-01
  0.1294E-01  0.1399E-01  0.1514E-01  0.1640E-01  0.1778E-01  0.1930E-01
  0.2097E-01  0.2281E-01  0.2483E-01  0.2706E-01  0.2952E-01  0.3224E-01
  0.3523E-01  0.3854E-01  0.4219E-01  0.4624E-01  0.5072E-01  0.5568E-01
  0.6117E-01  0.6727E-01  0.7404E-01  0.8156E-01  0.8991E-01  0.9921E-01
  0.1096E+00  0.1211E+00  0.1340E+00  0.1484E+00  0.1644E+00  0.1824E+00
  0.2026E+00  0.2253E+00  0.2508E+00  0.2795E+00  0.3120E+00  0.3488E+00
  0.3906E+00  0.4382E+00  0.4926E+00  0.5551E+00  0.6271E+00  0.7105E+00
  0.8076E+00  0.9214E+00  0.1056E+01  0.1215E+01  0.1407E+01  0.1640E+01
  0.1934E+01  0.2340E+01  0.3057E+01  0.4749E+01  0.8984E+01  0.1735E+02
  0.2840E+02  0.3738E+02  0.4040E+02  0.3696E+02  0.2888E+02  0.1860E+02
  0.9177E+01  0.9758E+00  0.1281E-15  0.2991E-02  0.3376E-02  0.3812E-02
  0.4307E-02  0.4869E-02  0.5508E-02  0.6078E-02  0.6633E-02  0.7244E-02
  0.7917E-02  0.8659E-02  0.9478E-02  0.1038E-01  0.1138E-01  0.1248E-01
  0.1371E-01  0.1506E-01  0.1655E-01  0.1821E-01  0.2005E-01  0.2209E-01
  0.2436E-01  0.2687E-01  0.2967E-01  0.3278E-01  0.3624E-01  0.4009E-01
  0.4438E-01  0.4917E-01  0.5450E-01  0.6046E-01  0.6711E-01  0.7454E-01
  0.8286E-01  0.9217E-01  0.1026E+00  0.1143E+00  0.1274E+00  0.1422E+00
  0.1589E+00  0.1776E+00  0.1988E+00  0.2228E+00  0.2500E+00  0.2810E+00
  0.3163E+00  0.3567E+00  0.4031E+00  0.4566E+00  0.5186E+00  0.5907E+00
  0.6752E+00  0.7747E+00  0.8928E+00  0.1034E+01  0.1205E+01  0.1413E+01
  0.1673E+01  0.2014E+01  0.2552E+01  0.3774E+01  0.7173E+01  0.1476E+02
  0.2519E+02  0.3275E+02  0.3327E+02  0.2721E+02  0.1741E+02  0.7251E+01
  0.2316E-01
