  0.3008E+01  0.2126E+01  0.2126E+01  0.2125E+01  0.2124E+01  0.2124E+01
  0.2123E+01  0.2122E+01  0.2121E+01  0.2120E+01  0.2119E+01  0.2118E+01
  0.2117E+01  0.2115E+01  0.2114E+01  0.2113E+01  0.2111E+01  0.2109E+01
  0.2108E+01  0.2106E+01  0.2104E+01  0.2101E+01  0.2099E+01  0.2097E+01
  0.2094E+01  0.2091E+01  0.2088E+01  0.2085E+01  0.2082E+01  0.2078E+01
  0.2075E+01  0.2071E+01  0.2067E+01  0.2063E+01  0.2058E+01  0.2053E+01
  0.2048E+01  0.2043E+01  0.2038E+01  0.2032E+01  0.2026E+01  0.2020E+01
  0.2014E+01  0.2008E+01  0.2001E+01  0.1995E+01  0.1988E+01  0.1981E+01
  0.1974E+01  0.1967E+01  0.1959E+01  0.1952E+01  0.1945E+01  0.1937E+01
  0.1930E+01  0.1922E+01  0.1915E+01  0.1908E+01  0.1900E+01  0.1890E+01
  0.1873E+01  0.1837E+01  0.1767E+01  0.1654E+01  0.1498E+01  0.1306E+01
  0.1086E+01  0.8455E+00  0.5904E+00  0.3175E+00  0.1763E-01  0.3008E+01
  0.2981E+01  0.2955E+01  0.2931E+01  0.2907E+01  0.2884E+01  0.2862E+01
  0.2841E+01  0.2820E+01  0.2800E+01  0.2781E+01  0.2762E+01  0.2744E+01
  0.2727E+01  0.2710E+01  0.2693E+01  0.2677E+01  0.2661E+01  0.2646E+01
  0.2630E+01  0.2616E+01  0.2601E+01  0.2587E+01  0.2573E+01  0.2559E+01
  0.2545E+01  0.2532E+01  0.2518E+01  0.2505E+01  0.2492E+01  0.2479E+01
  0.2466E+01  0.2453E+01  0.2440E+01  0.2427E+01  0.2415E+01  0.2402E+01
  0.2389E+01  0.2376E+01  0.2364E+01  0.2351E+01  0.2339E+01  0.2326E+01
  0.2313E+01  0.2301E+01  0.2289E+01  0.2276E+01  0.2264E+01  0.2252E+01
  0.2241E+01  0.2229E+01  0.2218E+01  0.2207E+01  0.2196E+01  0.2185E+01
  0.2175E+01  0.2166E+01  0.2155E+01  0.2140E+01  0.2115E+01  0.2069E+01
  0.1990E+01  0.1873E+01  0.1720E+01  0.1536E+01  0.1330E+01  0.1106E+01
  0.8672E+00  0.6152E+00  0.3311E+00  0.9044E-01  0.3008E+01  0.3006E+01
  0.3010E+01  0.3014E+01  0.3017E+01  0.3018E+01  0.3017E+01  0.3014E+01
  0.3010E+01  0.3005E+01  0.2999E+01  0.2991E+01  0.2983E+01  0.2974E+01
  0.2965E+01  0.2955E+01  0.2944E+01  0.2934E+01  0.2922E+01  0.2911E+01
  0.2899E+01  0.2887E+01  0.2875E+01  0.2863E+01  0.2850E+01  0.2837E+01
  0.2825E+01  0.2812E+01  0.2798E+01  0.2785E+01  0.2772E+01  0.2758E+01
  0.2745E+01  0.2731E+01  0.2717E+01  0.2703E+01  0.2689E+01  0.2675E+01
  0.2660E+01  0.2646E+01  0.2632E+01  0.2617E+01  0.2603E+01  0.2588E+01
  0.2574E+01  0.2559E+01  0.2545E+01  0.2531E+01  0.2517E+01  0.2503E+01
  0.2489E+01  0.2475E+01  0.2462E+01  0.2449E+01  0.2436E+01  0.2423E+01
  0.2408E+01  0.2387E+01  0.2354E+01  0.2298E+01  0.2212E+01  0.2092E+01
  0.1939E+01  0.1760E+01  0.1560E+01  0.1345E+01  0.1116E+01  0.8745E+00
  0.6200E+00  0.3344E+00  0.5749E-01  0.3008E+01  0.3007E+01  0.3007E+01
  0.3008E+01  0.3010E+01  0.3011E+01  0.3013E+01  0.3015E+01  0.3016E+01
  0.3017E+01  0.3017E+01  0.3017E+01  0.3016E+01  0.3014E+01  0.3012E+01
  0.3009E+01  0.3006E+01  0.3001E+01  0.2997E+01  0.2991E+01  0.2985E+01
  0.2979E+01  0.2972E+01  0.2965E+01  0.2957E+01  0.2949E+01  0.2940E+01
  0.2931E+01  0.2921E+01  0.2911E+01  0.2901E+01  0.2891E+01  0.2880E+01
  0.2869E+01  0.2857E+01  0.2846E+01  0.2834E+01  0.2821E+01  0.2809E+01
  0.2796E+01  0.2783E+01  0.2770E+01  0.2757E+01  0.2744E+01  0.2731E+01
  0.2717E+01  0.2704E+01  0.2690E+01  0.2677E+01  0.2664E+01  0.2651E+01
  0.2638E+01  0.2625E+01  0.2612E+01  0.2598E+01  0.2583E+01  0.2561E+01
  0.2528E+01  0.2475E+01  0.2394E+01  0.2281E+01  0.2137E+01  0.1967E+01
  0.1777E+01  0.1571E+01  0.1351E+01  0.1119E+01  0.8750E+00  0.6205E+00
  0.3352E+00  0.3308E-01  0.3008E+01  0.3007E+01  0.3006E+01  0.3005E+01
  0.3005E+01  0.3004E+01  0.3004E+01  0.3004E+01  0.3004E+01  0.3004E+01
  0.3004E+01  0.3004E+01  0.3004E+01  0.3004E+01  0.3004E+01  0.3003E+01
  0.3002E+01  0.3001E+01  0.2999E+01  0.2997E+01  0.2995E+01  0.2992E+01
  0.2988E+01  0.2984E+01  0.2980E+01  0.2975E+01  0.2969E+01  0.2964E+01
  0.2957E+01  0.2950E+01  0.2943E+01  0.2936E+01  0.2927E+01  0.2919E+01
  0.2910E+01  0.2900E+01  0.2890E+01  0.2880E+01  0.2870E+01  0.2859E+01
  0.2848E+01  0.2836E+01  0.2825E+01  0.2813E+01  0.2801E+01  0.2789E+01
  0.2776E+01  0.2764E+01  0.2752E+01  0.2739E+01  0.2727E+01  0.2715E+01
  0.2702E+01  0.2690E+01  0.2676E+01  0.2658E+01  0.2632E+01  0.2591E+01
  0.2527E+01  0.2433E+01  0.2308E+01  0.2154E+01  0.1978E+01  0.1784E+01
  0.1575E+01  0.1353E+01  0.1119E+01  0.8744E+00  0.6206E+00  0.3360E+00
  0.2711E-01  0.3008E+01  0.3007E+01  0.3006E+01  0.3005E+01  0.3004E+01
  0.3003E+01  0.3002E+01  0.3001E+01  0.3000E+01  0.2999E+01  0.2998E+01
  0.2997E+01  0.2996E+01  0.2995E+01  0.2994E+01  0.2993E+01  0.2992E+01
  0.2990E+01  0.2989E+01  0.2988E+01  0.2986E+01  0.2984E+01  0.2982E+01
  0.2979E+01  0.2976E+01  0.2973E+01  0.2970E+01  0.2966E+01  0.2961E+01
  0.2957E+01  0.2951E+01  0.2946E+01  0.2940E+01  0.2933E+01  0.2926E+01
  0.2919E+01  0.2911E+01  0.2903E+01  0.2895E+01  0.2886E+01  0.2876E+01
  0.2866E+01  0.2856E+01  0.2846E+01  0.2835E+01  0.2825E+01  0.2814E+01
  0.2802E+01  0.2791E+01  0.2780E+01  0.2768E+01  0.2757E+01  0.2745E+01
  0.2733E+01  0.2718E+01  0.2699E+01  0.2670E+01  0.2624E+01  0.2553E+01
  0.2452E+01  0.2320E+01  0.2162E+01  0.1983E+01  0.1786E+01  0.1576E+01
  0.1353E+01  0.1118E+01  0.8738E+00  0.6102E+00  0.3267E+00  0.5035E-01
  0.3008E+01  0.3007E+01  0.3006E+01  0.3005E+01  0.3004E+01  0.3003E+01
  0.3002E+01  0.3001E+01  0.3000E+01  0.2998E+01  0.2997E+01  0.2995E+01
  0.2993E+01  0.2992E+01  0.2990E+01  0.2988E+01  0.2986E+01  0.2985E+01
  0.2983E+01  0.2981E+01  0.2978E+01  0.2976E+01  0.2974E+01  0.2971E+01
  0.2968E+01  0.2965E+01  0.2962E+01  0.2959E+01  0.2955E+01  0.2951E+01
  0.2947E+01  0.2942E+01  0.2937E+01  0.2932E+01  0.2926E+01  0.2920E+01
  0.2914E+01  0.2907E+01  0.2900E+01  0.2892E+01  0.2884E+01  0.2876E+01
  0.2868E+01  0.2859E+01  0.2850E+01  0.2841E+01  0.2831E+01  0.2821E+01
  0.2811E+01  0.2801E+01  0.2791E+01  0.2781E+01  0.2770E+01  0.2759E+01
  0.2745E+01  0.2725E+01  0.2695E+01  0.2646E+01  0.2570E+01  0.2465E+01
  0.2329E+01  0.2168E+01  0.1987E+01  0.1789E+01  0.1577E+01  0.1353E+01
  0.1118E+01  0.8735E+00  0.6097E+00  0.3259E+00  0.5411E-01  0.3008E+01
  0.3007E+01  0.3006E+01  0.3005E+01  0.3004E+01  0.3003E+01  0.3002E+01
  0.3001E+01  0.3000E+01  0.2998E+01  0.2997E+01  0.2995E+01  0.2994E+01
  0.2992E+01  0.2990E+01  0.2988E+01  0.2986E+01  0.2983E+01  0.2981E+01
  0.2978E+01  0.2976E+01  0.2973E+01  0.2970E+01  0.2967E+01  0.2964E+01
  0.2960E+01  0.2957E+01  0.2953E+01  0.2949E+01  0.2945E+01  0.2940E+01
  0.2936E+01  0.2931E+01  0.2926E+01  0.2920E+01  0.2914E+01  0.2908E+01
  0.2902E+01  0.2895E+01  0.2888E+01  0.2881E+01  0.2874E+01  0.2866E+01
  0.2858E+01  0.2850E+01  0.2841E+01  0.2833E+01  0.2824E+01  0.2815E+01
  0.2806E+01  0.2797E+01  0.2788E+01  0.2779E+01  0.2768E+01  0.2755E+01
  0.2736E+01  0.2705E+01  0.2655E+01  0.2578E+01  0.2471E+01  0.2334E+01
  0.2172E+01  0.1989E+01  0.1790E+01  0.1578E+01  0.1354E+01  0.1118E+01
  0.8735E+00  0.6097E+00  0.3260E+00  0.5448E-01  0.3008E+01  0.3007E+01
  0.3006E+01  0.3005E+01  0.3004E+01  0.3003E+01  0.3002E+01  0.3001E+01
  0.3000E+01  0.2998E+01  0.2997E+01  0.2995E+01  0.2994E+01  0.2992E+01
  0.2990E+01  0.2988E+01  0.2986E+01  0.2984E+01  0.2981E+01  0.2978E+01
  0.2976E+01  0.2973E+01  0.2969E+01  0.2966E+01  0.2963E+01  0.2959E+01
  0.2955E+01  0.2951E+01  0.2947E+01  0.2942E+01  0.2937E+01  0.2932E+01
  0.2927E+01  0.2922E+01  0.2916E+01  0.2910E+01  0.2904E+01  0.2897E+01
  0.2891E+01  0.2884E+01  0.2876E+01  0.2869E+01  0.2861E+01  0.2854E+01
  0.2845E+01  0.2837E+01  0.2829E+01  0.2820E+01  0.2812E+01  0.2803E+01
  0.2795E+01  0.2786E+01  0.2777E+01  0.2767E+01  0.2754E+01  0.2736E+01
  0.2706E+01  0.2656E+01  0.2579E+01  0.2472E+01  0.2335E+01  0.2172E+01
  0.1989E+01  0.1791E+01  0.1578E+01  0.1354E+01  0.1118E+01  0.8735E+00
  0.6097E+00  0.3260E+00  0.5462E-01  0.3008E+01  0.3007E+01  0.3006E+01
  0.3005E+01  0.3004E+01  0.3003E+01  0.3002E+01  0.3001E+01  0.3000E+01
  0.2998E+01  0.2997E+01  0.2996E+01  0.2994E+01  0.2992E+01  0.2990E+01
  0.2988E+01  0.2986E+01  0.2984E+01  0.2981E+01  0.2979E+01  0.2976E+01
  0.2973E+01  0.2970E+01  0.2966E+01  0.2963E+01  0.2959E+01  0.2955E+01
  0.2951E+01  0.2946E+01  0.2942E+01  0.2937E+01  0.2932E+01  0.2926E+01
  0.2921E+01  0.2915E+01  0.2908E+01  0.2902E+01  0.2895E+01  0.2888E+01
  0.2881E+01  0.2874E+01  0.2866E+01  0.2859E+01  0.2851E+01  0.2842E+01
  0.2834E+01  0.2826E+01  0.2817E+01  0.2809E+01  0.2800E+01  0.2791E+01
  0.2783E+01  0.2774E+01  0.2764E+01  0.2751E+01  0.2733E+01  0.2703E+01
  0.2654E+01  0.2578E+01  0.2471E+01  0.2335E+01  0.2172E+01  0.1989E+01
  0.1791E+01  0.1578E+01  0.1354E+01  0.1118E+01  0.8735E+00  0.6097E+00
  0.3260E+00  0.5451E-01  0.3008E+01  0.3007E+01  0.3006E+01  0.3005E+01
  0.3004E+01  0.3003E+01  0.3002E+01  0.3001E+01  0.3000E+01  0.2998E+01
  0.2997E+01  0.2996E+01  0.2994E+01  0.2992E+01  0.2990E+01  0.2988E+01
  0.2986E+01  0.2984E+01  0.2981E+01  0.2979E+01  0.2976E+01  0.2973E+01
  0.2970E+01  0.2967E+01  0.2963E+01  0.2959E+01  0.2955E+01  0.2951E+01
  0.2947E+01  0.2942E+01  0.2937E+01  0.2932E+01  0.2926E+01  0.2920E+01
  0.2914E+01  0.2908E+01  0.2902E+01  0.2895E+01  0.2888E+01  0.2881E+01
  0.2873E+01  0.2865E+01  0.2857E+01  0.2849E+01  0.2841E+01  0.2833E+01
  0.2824E+01  0.2816E+01  0.2807E+01  0.2798E+01  0.2790E+01  0.2781E+01
  0.2772E+01  0.2762E+01  0.2749E+01  0.2731E+01  0.2702E+01  0.2653E+01
  0.2577E+01  0.2471E+01  0.2334E+01  0.2172E+01  0.1989E+01  0.1791E+01
  0.1578E+01  0.1354E+01  0.1118E+01  0.8735E+00  0.6097E+00  0.3260E+00
  0.5438E-01  0.3008E+01  0.3007E+01  0.3006E+01  0.3005E+01  0.3004E+01
  0.3003E+01  0.3002E+01  0.3001E+01  0.3000E+01  0.2998E+01  0.2997E+01
  0.2996E+01  0.2994E+01  0.2992E+01  0.2990E+01  0.2988E+01  0.2986E+01
  0.2984E+01  0.2981E+01  0.2979E+01  0.2976E+01  0.2973E+01  0.2970E+01
  0.2967E+01  0.2963E+01  0.2959E+01  0.2955E+01  0.2951E+01  0.2947E+01
  0.2942E+01  0.2937E+01  0.2932E+01  0.2926E+01  0.2921E+01  0.2915E+01
  0.2908E+01  0.2902E+01  0.2895E+01  0.2888E+01  0.2880E+01  0.2873E+01
  0.2865E+01  0.2857E+01  0.2849E+01  0.2841E+01  0.2832E+01  0.2824E+01
  0.2815E+01  0.2806E+01  0.2798E+01  0.2789E+01  0.2780E+01  0.2771E+01
  0.2761E+01  0.2749E+01  0.2731E+01  0.2701E+01  0.2652E+01  0.2577E+01
  0.2470E+01  0.2334E+01  0.2172E+01  0.1989E+01  0.1791E+01  0.1578E+01
  0.1354E+01  0.1118E+01  0.8735E+00  0.6097E+00  0.3260E+00  0.5434E-01
  0.3008E+01  0.3007E+01  0.3006E+01  0.3005E+01  0.3004E+01  0.3003E+01
  0.3002E+01  0.3001E+01  0.3000E+01  0.2998E+01  0.2997E+01  0.2996E+01
  0.2994E+01  0.2992E+01  0.2990E+01  0.2988E+01  0.2986E+01  0.2984E+01
  0.2981E+01  0.2979E+01  0.2976E+01  0.2973E+01  0.2970E+01  0.2967E+01
  0.2963E+01  0.2959E+01  0.2955E+01  0.2951E+01  0.2947E+01  0.2942E+01
  0.2937E+01  0.2932E+01  0.2926E+01  0.2921E+01  0.2915E+01  0.2908E+01
  0.2902E+01  0.2895E+01  0.2888E+01  0.2881E+01  0.2873E+01  0.2865E+01
  0.2857E+01  0.2849E+01  0.2841E+01  0.2832E+01  0.2824E+01  0.2815E+01
  0.2806E+01  0.2797E+01  0.2789E+01  0.2780E+01  0.2771E+01  0.2761E+01
  0.2748E+01  0.2730E+01  0.2701E+01  0.2652E+01  0.2576E+01  0.2470E+01
  0.2334E+01  0.2172E+01  0.1989E+01  0.1790E+01  0.1578E+01  0.1354E+01
  0.1118E+01  0.8735E+00  0.6097E+00  0.3260E+00  0.5436E-01  0.3008E+01
  0.3007E+01  0.3006E+01  0.3005E+01  0.3004E+01  0.3003E+01  0.3002E+01
  0.3001E+01  0.3000E+01  0.2998E+01  0.2997E+01  0.2996E+01  0.2994E+01
  0.2992E+01  0.2990E+01  0.2988E+01  0.2986E+01  0.2984E+01  0.2981E+01
  0.2979E+01  0.2976E+01  0.2973E+01  0.2970E+01  0.2967E+01  0.2963E+01
  0.2959E+01  0.2955E+01  0.2951E+01  0.2947E+01  0.2942E+01  0.2937E+01
  0.2932E+01  0.2927E+01  0.2921E+01  0.2915E+01  0.2909E+01  0.2902E+01
  0.2895E+01  0.2888E+01  0.2881E+01  0.2873E+01  0.2865E+01  0.2857E+01
  0.2849E+01  0.2841E+01  0.2832E+01  0.2824E+01  0.2815E+01  0.2806E+01
  0.2797E+01  0.2788E+01  0.2780E+01  0.2770E+01  0.2760E+01  0.2748E+01
  0.2730E+01  0.2700E+01  0.2651E+01  0.2576E+01  0.2470E+01  0.2333E+01
  0.2172E+01  0.1989E+01  0.1790E+01  0.1578E+01  0.1354E+01  0.1118E+01
  0.8735E+00  0.6097E+00  0.3260E+00  0.5436E-01  0.3008E+01  0.3007E+01
  0.3006E+01  0.3005E+01  0.3004E+01  0.3003E+01  0.3002E+01  0.3001E+01
  0.3000E+01  0.2998E+01  0.2997E+01  0.2996E+01  0.2994E+01  0.2992E+01
  0.2990E+01  0.2988E+01  0.2986E+01  0.2984E+01  0.2981E+01  0.2979E+01
  0.2976E+01  0.2973E+01  0.2970E+01  0.2967E+01  0.2963E+01  0.2959E+01
  0.2955E+01  0.2951E+01  0.2947E+01  0.2942E+01  0.2937E+01  0.2932E+01
  0.2927E+01  0.2921E+01  0.2915E+01  0.2909E+01  0.2902E+01  0.2895E+01
  0.2888E+01  0.2881E+01  0.2873E+01  0.2865E+01  0.2857E+01  0.2849E+01
  0.2841E+01  0.2832E+01  0.2824E+01  0.2815E+01  0.2806E+01  0.2797E+01
  0.2789E+01  0.2780E+01  0.2770E+01  0.2760E+01  0.2748E+01  0.2730E+01
  0.2700E+01  0.2651E+01  0.2576E+01  0.2470E+01  0.2333E+01  0.2171E+01
  0.1989E+01  0.1790E+01  0.1578E+01  0.1354E+01  0.1118E+01  0.8735E+00
  0.6097E+00  0.3260E+00  0.5435E-01  0.3008E+01  0.3007E+01  0.3006E+01
  0.3005E+01  0.3004E+01  0.3003E+01  0.3002E+01  0.3001E+01  0.3000E+01
  0.2998E+01  0.2997E+01  0.2996E+01  0.2994E+01  0.2992E+01  0.2990E+01
  0.2988E+01  0.2986E+01  0.2984E+01  0.2981E+01  0.2979E+01  0.2976E+01
  0.2973E+01  0.2970E+01  0.2967E+01  0.2963E+01  0.2959E+01  0.2955E+01
  0.2951E+01  0.2947E+01  0.2942E+01  0.2937E+01  0.2932E+01  0.2927E+01
  0.2921E+01  0.2915E+01  0.2909E+01  0.2902E+01  0.2895E+01  0.2888E+01
  0.2881E+01  0.2873E+01  0.2865E+01  0.2857E+01  0.2849E+01  0.2841E+01
  0.2832E+01  0.2824E+01  0.2815E+01  0.2806E+01  0.2797E+01  0.2789E+01
  0.2780E+01  0.2771E+01  0.2760E+01  0.2748E+01  0.2730E+01  0.2700E+01
  0.2651E+01  0.2576E+01  0.2470E+01  0.2333E+01  0.2171E+01  0.1989E+01
  0.1790E+01  0.1578E+01  0.1354E+01  0.1118E+01  0.8735E+00  0.6097E+00
  0.3260E+00  0.5435E-01  0.3008E+01  0.3007E+01  0.3006E+01  0.3005E+01
  0.3004E+01  0.3003E+01  0.3002E+01  0.3001E+01  0.3000E+01  0.2998E+01
  0.2997E+01  0.2996E+01  0.2994E+01  0.2992E+01  0.2990E+01  0.2988E+01
  0.2986E+01  0.2984E+01  0.2981E+01  0.2979E+01  0.2976E+01  0.2973E+01
  0.2970E+01  0.2967E+01  0.2963E+01  0.2959E+01  0.2955E+01  0.2951E+01
  0.2947E+01  0.2942E+01  0.2937E+01  0.2932E+01  0.2927E+01  0.2921E+01
  0.2915E+01  0.2909E+01  0.2902E+01  0.2895E+01  0.2888E+01  0.2881E+01
  0.2873E+01  0.2865E+01  0.2857E+01  0.2849E+01  0.2841E+01  0.2832E+01
  0.2824E+01  0.2815E+01  0.2806E+01  0.2797E+01  0.2789E+01  0.2780E+01
  0.2771E+01  0.2760E+01  0.2748E+01  0.2730E+01  0.2700E+01  0.2652E+01
  0.2576E+01  0.2470E+01  0.2333E+01  0.2172E+01  0.1989E+01  0.1790E+01
  0.1578E+01  0.1354E+01  0.1118E+01  0.8735E+00  0.6097E+00  0.3260E+00
  0.5435E-01  0.3008E+01  0.3007E+01  0.3006E+01  0.3005E+01  0.3004E+01
  0.3003E+01  0.3002E+01  0.3001E+01  0.3000E+01  0.2998E+01  0.2997E+01
  0.2996E+01  0.2994E+01  0.2992E+01  0.2990E+01  0.2988E+01  0.2986E+01
  0.2984E+01  0.2981E+01  0.2979E+01  0.2976E+01  0.2973E+01  0.2970E+01
  0.2967E+01  0.2963E+01  0.2959E+01  0.2955E+01  0.2951E+01  0.2947E+01
  0.2942E+01  0.2937E+01  0.2932E+01  0.2927E+01  0.2921E+01  0.2915E+01
  0.2909E+01  0.2902E+01  0.2895E+01  0.2888E+01  0.2881E+01  0.2873E+01
  0.2865E+01  0.2857E+01  0.2849E+01  0.2841E+01  0.2832E+01  0.2824E+01
  0.2815E+01  0.2806E+01  0.2797E+01  0.2789E+01  0.2780E+01  0.2771E+01
  0.2760E+01  0.2748E+01  0.2730E+01  0.2700E+01  0.2652E+01  0.2576E+01
  0.2470E+01  0.2333E+01  0.2172E+01  0.1989E+01  0.1790E+01  0.1578E+01
  0.1354E+01  0.1118E+01  0.8735E+00  0.6097E+00  0.3260E+00  0.5435E-01
  0.3008E+01  0.3007E+01  0.3006E+01  0.3005E+01  0.3004E+01  0.3003E+01
  0.3002E+01  0.3001E+01  0.3000E+01  0.2998E+01  0.2997E+01  0.2996E+01
  0.2994E+01  0.2992E+01  0.2990E+01  0.2988E+01  0.2986E+01  0.2984E+01
  0.2981E+01  0.2979E+01  0.2976E+01  0.2973E+01  0.2970E+01  0.2967E+01
  0.2963E+01  0.2959E+01  0.2955E+01  0.2951E+01  0.2947E+01  0.2942E+01
  0.2937E+01  0.2932E+01  0.2927E+01  0.2921E+01  0.2915E+01  0.2909E+01
  0.2902E+01  0.2895E+01  0.2888E+01  0.2881E+01  0.2873E+01  0.2865E+01
  0.2857E+01  0.2849E+01  0.2841E+01  0.2832E+01  0.2824E+01  0.2815E+01
  0.2806E+01  0.2797E+01  0.2789E+01  0.2780E+01  0.2771E+01  0.2760E+01
  0.2748E+01  0.2730E+01  0.2700E+01  0.2652E+01  0.2576E+01  0.2470E+01
  0.2333E+01  0.2172E+01  0.1989E+01  0.1790E+01  0.1578E+01  0.1354E+01
  0.1118E+01  0.8735E+00  0.6097E+00  0.3260E+00  0.5435E-01  0.3008E+01
  0.3007E+01  0.3006E+01  0.3005E+01  0.3004E+01  0.3003E+01  0.3002E+01
  0.3001E+01  0.3000E+01  0.2998E+01  0.2997E+01  0.2996E+01  0.2994E+01
  0.2992E+01  0.2990E+01  0.2988E+01  0.2986E+01  0.2984E+01  0.2981E+01
  0.2979E+01  0.2976E+01  0.2973E+01  0.2970E+01  0.2967E+01  0.2963E+01
  0.2959E+01  0.2955E+01  0.2951E+01  0.2947E+01  0.2942E+01  0.2937E+01
  0.2932E+01  0.2927E+01  0.2921E+01  0.2915E+01  0.2909E+01  0.2902E+01
  0.2895E+01  0.2888E+01  0.2881E+01  0.2873E+01  0.2865E+01  0.2857E+01
  0.2849E+01  0.2841E+01  0.2832E+01  0.2824E+01  0.2815E+01  0.2806E+01
  0.2797E+01  0.2789E+01  0.2780E+01  0.2771E+01  0.2760E+01  0.2748E+01
  0.2730E+01  0.2700E+01  0.2652E+01  0.2576E+01  0.2470E+01  0.2333E+01
  0.2172E+01  0.1989E+01  0.1790E+01  0.1578E+01  0.1354E+01  0.1118E+01
  0.8735E+00  0.6097E+00  0.3260E+00  0.5435E-01  0.3008E+01  0.3007E+01
  0.3006E+01  0.3005E+01  0.3004E+01  0.3003E+01  0.3002E+01  0.3001E+01
  0.3000E+01  0.2998E+01  0.2997E+01  0.2996E+01  0.2994E+01  0.2992E+01
  0.2990E+01  0.2988E+01  0.2986E+01  0.2984E+01  0.2981E+01  0.2979E+01
  0.2976E+01  0.2973E+01  0.2970E+01  0.2967E+01  0.2963E+01  0.2959E+01
  0.2955E+01  0.2951E+01  0.2947E+01  0.2942E+01  0.2937E+01  0.2932E+01
  0.2927E+01  0.2921E+01  0.2915E+01  0.2909E+01  0.2902E+01  0.2895E+01
  0.2888E+01  0.2881E+01  0.2873E+01  0.2865E+01  0.2857E+01  0.2849E+01
  0.2841E+01  0.2832E+01  0.2824E+01  0.2815E+01  0.2806E+01  0.2797E+01
  0.2789E+01  0.2780E+01  0.2771E+01  0.2760E+01  0.2748E+01  0.2730E+01
  0.2700E+01  0.2652E+01  0.2576E+01  0.2470E+01  0.2333E+01  0.2172E+01
  0.1989E+01  0.1790E+01  0.1578E+01  0.1354E+01  0.1118E+01  0.8735E+00
  0.6097E+00  0.3260E+00  0.5435E-01  0.3008E+01  0.3007E+01  0.3006E+01
  0.3005E+01  0.3004E+01  0.3003E+01  0.3002E+01  0.3001E+01  0.3000E+01
  0.2998E+01  0.2997E+01  0.2996E+01  0.2994E+01  0.2992E+01  0.2990E+01
  0.2988E+01  0.2986E+01  0.2984E+01  0.2981E+01  0.2979E+01  0.2976E+01
  0.2973E+01  0.2970E+01  0.2967E+01  0.2963E+01  0.2959E+01  0.2955E+01
  0.2951E+01  0.2947E+01  0.2942E+01  0.2937E+01  0.2932E+01  0.2927E+01
  0.2921E+01  0.2915E+01  0.2909E+01  0.2902E+01  0.2895E+01  0.2888E+01
  0.2881E+01  0.2873E+01  0.2865E+01  0.2857E+01  0.2849E+01  0.2841E+01
  0.2832E+01  0.2824E+01  0.2815E+01  0.2806E+01  0.2797E+01  0.2789E+01
  0.2780E+01  0.2771E+01  0.2760E+01  0.2748E+01  0.2730E+01  0.2700E+01
  0.2652E+01  0.2576E+01  0.2470E+01  0.2333E+01  0.2172E+01  0.1989E+01
  0.1790E+01  0.1578E+01  0.1354E+01  0.1118E+01  0.8735E+00  0.6097E+00
  0.3260E+00  0.5435E-01  0.3008E+01  0.3007E+01  0.3006E+01  0.3005E+01
  0.3004E+01  0.3003E+01  0.3002E+01  0.3001E+01  0.3000E+01  0.2998E+01
  0.2997E+01  0.2996E+01  0.2994E+01  0.2992E+01  0.2990E+01  0.2988E+01
  0.2986E+01  0.2984E+01  0.2981E+01  0.2979E+01  0.2976E+01  0.2973E+01
  0.2970E+01  0.2967E+01  0.2963E+01  0.2959E+01  0.2955E+01  0.2951E+01
  0.2947E+01  0.2942E+01  0.2937E+01  0.2932E+01  0.2927E+01  0.2921E+01
  0.2915E+01  0.2909E+01  0.2902E+01  0.2895E+01  0.2888E+01  0.2881E+01
  0.2873E+01  0.2865E+01  0.2857E+01  0.2849E+01  0.2841E+01  0.2832E+01
  0.2824E+01  0.2815E+01  0.2806E+01  0.2797E+01  0.2789E+01  0.2780E+01
  0.2771E+01  0.2760E+01  0.2748E+01  0.2730E+01  0.2700E+01  0.2652E+01
  0.2576E+01  0.2470E+01  0.2333E+01  0.2172E+01  0.1989E+01  0.1790E+01
  0.1578E+01  0.1354E+01  0.1118E+01  0.8735E+00  0.6097E+00  0.3260E+00
  0.5435E-01  0.3008E+01  0.3007E+01  0.3006E+01  0.3005E+01  0.3004E+01
  0.3003E+01  0.3002E+01  0.3001E+01  0.3000E+01  0.2998E+01  0.2997E+01
  0.2996E+01  0.2994E+01  0.2992E+01  0.2990E+01  0.2988E+01  0.2986E+01
  0.2984E+01  0.2981E+01  0.2979E+01  0.2976E+01  0.2973E+01  0.2970E+01
  0.2967E+01  0.2963E+01  0.2959E+01  0.2955E+01  0.2951E+01  0.2947E+01
  0.2942E+01  0.2937E+01  0.2932E+01  0.2927E+01  0.2921E+01  0.2915E+01
  0.2909E+01  0.2902E+01  0.2895E+01  0.2888E+01  0.2881E+01  0.2873E+01
  0.2865E+01  0.2857E+01  0.2849E+01  0.2841E+01  0.2832E+01  0.2824E+01
  0.2815E+01  0.2806E+01  0.2797E+01  0.2789E+01  0.2780E+01  0.2771E+01
  0.2760E+01  0.2748E+01  0.2730E+01  0.2700E+01  0.2652E+01  0.2576E+01
  0.2470E+01  0.2333E+01  0.2172E+01  0.1989E+01  0.1790E+01  0.1578E+01
  0.1354E+01  0.1118E+01  0.8735E+00  0.6097E+00  0.3260E+00  0.5435E-01
  0.3008E+01  0.3007E+01  0.3006E+01  0.3005E+01  0.3004E+01  0.3003E+01
  0.3002E+01  0.3001E+01  0.3000E+01  0.2998E+01  0.2997E+01  0.2996E+01
  0.2994E+01  0.2992E+01  0.2990E+01  0.2988E+01  0.2986E+01  0.2984E+01
  0.2981E+01  0.2979E+01  0.2976E+01  0.2973E+01  0.2970E+01  0.2967E+01
  0.2963E+01  0.2959E+01  0.2955E+01  0.2951E+01  0.2947E+01  0.2942E+01
  0.2937E+01  0.2932E+01  0.2927E+01  0.2921E+01  0.2915E+01  0.2909E+01
  0.2902E+01  0.2895E+01  0.2888E+01  0.2881E+01  0.2873E+01  0.2865E+01
  0.2857E+01  0.2849E+01  0.2841E+01  0.2832E+01  0.2824E+01  0.2815E+01
  0.2806E+01  0.2797E+01  0.2789E+01  0.2780E+01  0.2771E+01  0.2760E+01
  0.2748E+01  0.2730E+01  0.2700E+01  0.2652E+01  0.2576E+01  0.2470E+01
  0.2333E+01  0.2172E+01  0.1989E+01  0.1790E+01  0.1578E+01  0.1354E+01
  0.1118E+01  0.8735E+00  0.6097E+00  0.3260E+00  0.5435E-01  0.3008E+01
  0.3007E+01  0.3006E+01  0.3005E+01  0.3004E+01  0.3003E+01  0.3002E+01
  0.3001E+01  0.3000E+01  0.2998E+01  0.2997E+01  0.2996E+01  0.2994E+01
  0.2992E+01  0.2990E+01  0.2988E+01  0.2986E+01  0.2984E+01  0.2981E+01
  0.2979E+01  0.2976E+01  0.2973E+01  0.2970E+01  0.2967E+01  0.2963E+01
  0.2959E+01  0.2955E+01  0.2951E+01  0.2947E+01  0.2942E+01  0.2937E+01
  0.2932E+01  0.2927E+01  0.2921E+01  0.2915E+01  0.2909E+01  0.2902E+01
  0.2895E+01  0.2888E+01  0.2881E+01  0.2873E+01  0.2865E+01  0.2857E+01
  0.2849E+01  0.2841E+01  0.2832E+01  0.2824E+01  0.2815E+01  0.2806E+01
  0.2797E+01  0.2789E+01  0.2780E+01  0.2771E+01  0.2760E+01  0.2748E+01
  0.2730E+01  0.2700E+01  0.2652E+01  0.2576E+01  0.2470E+01  0.2333E+01
  0.2172E+01  0.1989E+01  0.1790E+01  0.1578E+01  0.1354E+01  0.1118E+01
  0.8735E+00  0.6097E+00  0.3260E+00  0.5435E-01  0.3008E+01  0.3007E+01
  0.3006E+01  0.3005E+01  0.3004E+01  0.3003E+01  0.3002E+01  0.3001E+01
  0.3000E+01  0.2998E+01  0.2997E+01  0.2996E+01  0.2994E+01  0.2992E+01
  0.2990E+01  0.2988E+01  0.2986E+01  0.2984E+01  0.2981E+01  0.2979E+01
  0.2976E+01  0.2973E+01  0.2970E+01  0.2967E+01  0.2963E+01  0.2959E+01
  0.2955E+01  0.2951E+01  0.2947E+01  0.2942E+01  0.2937E+01  0.2932E+01
  0.2927E+01  0.2921E+01  0.2915E+01  0.2909E+01  0.2902E+01  0.2895E+01
  0.2888E+01  0.2881E+01  0.2873E+01  0.2865E+01  0.2857E+01  0.2849E+01
  0.2841E+01  0.2832E+01  0.2824E+01  0.2815E+01  0.2806E+01  0.2797E+01
  0.2789E+01  0.2780E+01  0.2771E+01  0.2760E+01  0.2748E+01  0.2730E+01
  0.2700E+01  0.2652E+01  0.2576E+01  0.2470E+01  0.2333E+01  0.2172E+01
  0.1989E+01  0.1790E+01  0.1578E+01  0.1354E+01  0.1118E+01  0.8735E+00
  0.6097E+00  0.3260E+00  0.5435E-01  0.3008E+01  0.3007E+01  0.3006E+01
  0.3005E+01  0.3004E+01  0.3003E+01  0.3002E+01  0.3001E+01  0.3000E+01
  0.2998E+01  0.2997E+01  0.2996E+01  0.2994E+01  0.2992E+01  0.2990E+01
  0.2988E+01  0.2986E+01  0.2984E+01  0.2981E+01  0.2979E+01  0.2976E+01
  0.2973E+01  0.2970E+01  0.2967E+01  0.2963E+01  0.2959E+01  0.2955E+01
  0.2951E+01  0.2947E+01  0.2942E+01  0.2937E+01  0.2932E+01  0.2927E+01
  0.2921E+01  0.2915E+01  0.2909E+01  0.2902E+01  0.2895E+01  0.2888E+01
  0.2881E+01  0.2873E+01  0.2865E+01  0.2857E+01  0.2849E+01  0.2841E+01
  0.2832E+01  0.2824E+01  0.2815E+01  0.2806E+01  0.2797E+01  0.2789E+01
  0.2780E+01  0.2771E+01  0.2760E+01  0.2748E+01  0.2730E+01  0.2700E+01
  0.2652E+01  0.2576E+01  0.2470E+01  0.2333E+01  0.2172E+01  0.1989E+01
  0.1790E+01  0.1578E+01  0.1354E+01  0.1118E+01  0.8735E+00  0.6097E+00
  0.3260E+00  0.5435E-01  0.3008E+01  0.3007E+01  0.3006E+01  0.3005E+01
  0.3004E+01  0.3003E+01  0.3002E+01  0.3001E+01  0.3000E+01  0.2998E+01
  0.2997E+01  0.2996E+01  0.2994E+01  0.2992E+01  0.2990E+01  0.2988E+01
  0.2986E+01  0.2984E+01  0.2981E+01  0.2979E+01  0.2976E+01  0.2973E+01
  0.2970E+01  0.2967E+01  0.2963E+01  0.2959E+01  0.2955E+01  0.2951E+01
  0.2947E+01  0.2942E+01  0.2937E+01  0.2932E+01  0.2927E+01  0.2921E+01
  0.2915E+01  0.2909E+01  0.2902E+01  0.2895E+01  0.2888E+01  0.2881E+01
  0.2873E+01  0.2865E+01  0.2857E+01  0.2849E+01  0.2841E+01  0.2832E+01
  0.2824E+01  0.2815E+01  0.2806E+01  0.2797E+01  0.2789E+01  0.2780E+01
  0.2771E+01  0.2760E+01  0.2748E+01  0.2730E+01  0.2700E+01  0.2652E+01
  0.2576E+01  0.2470E+01  0.2333E+01  0.2172E+01  0.1989E+01  0.1790E+01
  0.1578E+01  0.1354E+01  0.1118E+01  0.8735E+00  0.6097E+00  0.3260E+00
  0.5435E-01  0.3008E+01  0.3007E+01  0.3006E+01  0.3005E+01  0.3004E+01
  0.3003E+01  0.3002E+01  0.3001E+01  0.3000E+01  0.2998E+01  0.2997E+01
  0.2996E+01  0.2994E+01  0.2992E+01  0.2990E+01  0.2988E+01  0.2986E+01
  0.2984E+01  0.2981E+01  0.2979E+01  0.2976E+01  0.2973E+01  0.2970E+01
  0.2967E+01  0.2963E+01  0.2959E+01  0.2955E+01  0.2951E+01  0.2947E+01
  0.2942E+01  0.2937E+01  0.2932E+01  0.2927E+01  0.2921E+01  0.2915E+01
  0.2909E+01  0.2902E+01  0.2895E+01  0.2888E+01  0.2881E+01  0.2873E+01
  0.2865E+01  0.2857E+01  0.2849E+01  0.2841E+01  0.2832E+01  0.2824E+01
  0.2815E+01  0.2806E+01  0.2797E+01  0.2789E+01  0.2780E+01  0.2771E+01
  0.2760E+01  0.2748E+01  0.2730E+01  0.2700E+01  0.2652E+01  0.2576E+01
  0.2470E+01  0.2333E+01  0.2172E+01  0.1989E+01  0.1790E+01  0.1578E+01
  0.1354E+01  0.1118E+01  0.8735E+00  0.6097E+00  0.3260E+00  0.5435E-01
  0.3008E+01  0.3007E+01  0.3006E+01  0.3005E+01  0.3004E+01  0.3003E+01
  0.3002E+01  0.3001E+01  0.3000E+01  0.2998E+01  0.2997E+01  0.2996E+01
  0.2994E+01  0.2992E+01  0.2990E+01  0.2988E+01  0.2986E+01  0.2984E+01
  0.2981E+01  0.2979E+01  0.2976E+01  0.2973E+01  0.2970E+01  0.2967E+01
  0.2963E+01  0.2959E+01  0.2955E+01  0.2951E+01  0.2947E+01  0.2942E+01
  0.2937E+01  0.2932E+01  0.2927E+01  0.2921E+01  0.2915E+01  0.2909E+01
  0.2902E+01  0.2895E+01  0.2888E+01  0.2881E+01  0.2873E+01  0.2865E+01
  0.2857E+01  0.2849E+01  0.2841E+01  0.2832E+01  0.2824E+01  0.2815E+01
  0.2806E+01  0.2797E+01  0.2789E+01  0.2780E+01  0.2771E+01  0.2760E+01
  0.2748E+01  0.2730E+01  0.2700E+01  0.2652E+01  0.2576E+01  0.2470E+01
  0.2333E+01  0.2172E+01  0.1989E+01  0.1790E+01  0.1578E+01  0.1354E+01
  0.1118E+01  0.8735E+00  0.6097E+00  0.3260E+00  0.5435E-01  0.3008E+01
  0.3007E+01  0.3006E+01  0.3005E+01  0.3004E+01  0.3003E+01  0.3002E+01
  0.3001E+01  0.3000E+01  0.2998E+01  0.2997E+01  0.2996E+01  0.2994E+01
  0.2992E+01  0.2990E+01  0.2988E+01  0.2986E+01  0.2984E+01  0.2981E+01
  0.2979E+01  0.2976E+01  0.2973E+01  0.2970E+01  0.2967E+01  0.2963E+01
  0.2959E+01  0.2955E+01  0.2951E+01  0.2947E+01  0.2942E+01  0.2937E+01
  0.2932E+01  0.2927E+01  0.2921E+01  0.2915E+01  0.2909E+01  0.2902E+01
  0.2895E+01  0.2888E+01  0.2881E+01  0.2873E+01  0.2865E+01  0.2857E+01
  0.2849E+01  0.2841E+01  0.2832E+01  0.2824E+01  0.2815E+01  0.2806E+01
  0.2797E+01  0.2789E+01  0.2780E+01  0.2771E+01  0.2760E+01  0.2748E+01
  0.2730E+01  0.2700E+01  0.2652E+01  0.2576E+01  0.2470E+01  0.2333E+01
  0.2172E+01  0.1989E+01  0.1790E+01  0.1578E+01  0.1354E+01  0.1118E+01
  0.8735E+00  0.6097E+00  0.3260E+00  0.5435E-01  0.3008E+01  0.3007E+01
  0.3006E+01  0.3005E+01  0.3004E+01  0.3003E+01  0.3002E+01  0.3001E+01
  0.3000E+01  0.2998E+01  0.2997E+01  0.2996E+01  0.2994E+01  0.2992E+01
  0.2990E+01  0.2988E+01  0.2986E+01  0.2984E+01  0.2981E+01  0.2979E+01
  0.2976E+01  0.2973E+01  0.2970E+01  0.2967E+01  0.2963E+01  0.2959E+01
  0.2955E+01  0.2951E+01  0.2947E+01  0.2942E+01  0.2937E+01  0.2932E+01
  0.2927E+01  0.2921E+01  0.2915E+01  0.2909E+01  0.2902E+01  0.2895E+01
  0.2888E+01  0.2881E+01  0.2873E+01  0.2865E+01  0.2857E+01  0.2849E+01
  0.2841E+01  0.2832E+01  0.2824E+01  0.2815E+01  0.2806E+01  0.2797E+01
  0.2789E+01  0.2780E+01  0.2771E+01  0.2760E+01  0.2748E+01  0.2730E+01
  0.2700E+01  0.2652E+01  0.2576E+01  0.2470E+01  0.2333E+01  0.2172E+01
  0.1989E+01  0.1790E+01  0.1578E+01  0.1354E+01  0.1118E+01  0.8735E+00
  0.6097E+00  0.3260E+00  0.5435E-01  0.3008E+01  0.3007E+01  0.3006E+01
  0.3005E+01  0.3004E+01  0.3003E+01  0.3002E+01  0.3001E+01  0.3000E+01
  0.2998E+01  0.2997E+01  0.2996E+01  0.2994E+01  0.2992E+01  0.2990E+01
  0.2988E+01  0.2986E+01  0.2984E+01  0.2981E+01  0.2979E+01  0.2976E+01
  0.2973E+01  0.2970E+01  0.2967E+01  0.2963E+01  0.2959E+01  0.2955E+01
  0.2951E+01  0.2947E+01  0.2942E+01  0.2937E+01  0.2932E+01  0.2927E+01
  0.2921E+01  0.2915E+01  0.2909E+01  0.2902E+01  0.2895E+01  0.2888E+01
  0.2881E+01  0.2873E+01  0.2865E+01  0.2857E+01  0.2849E+01  0.2841E+01
  0.2832E+01  0.2824E+01  0.2815E+01  0.2806E+01  0.2797E+01  0.2789E+01
  0.2780E+01  0.2771E+01  0.2760E+01  0.2748E+01  0.2730E+01  0.2700E+01
  0.2652E+01  0.2576E+01  0.2470E+01  0.2333E+01  0.2172E+01  0.1989E+01
  0.1790E+01  0.1578E+01  0.1354E+01  0.1118E+01  0.8735E+00  0.6097E+00
  0.3260E+00  0.5435E-01  0.3008E+01  0.3007E+01  0.3006E+01  0.3005E+01
  0.3004E+01  0.3003E+01  0.3002E+01  0.3001E+01  0.3000E+01  0.2998E+01
  0.2997E+01  0.2996E+01  0.2994E+01  0.2992E+01  0.2990E+01  0.2988E+01
  0.2986E+01  0.2984E+01  0.2981E+01  0.2979E+01  0.2976E+01  0.2973E+01
  0.2970E+01  0.2967E+01  0.2963E+01  0.2959E+01  0.2955E+01  0.2951E+01
  0.2947E+01  0.2942E+01  0.2937E+01  0.2932E+01  0.2927E+01  0.2921E+01
  0.2915E+01  0.2909E+01  0.2902E+01  0.2895E+01  0.2888E+01  0.2881E+01
  0.2873E+01  0.2865E+01  0.2857E+01  0.2849E+01  0.2841E+01  0.2832E+01
  0.2824E+01  0.2815E+01  0.2806E+01  0.2797E+01  0.2789E+01  0.2780E+01
  0.2771E+01  0.2760E+01  0.2748E+01  0.2730E+01  0.2700E+01  0.2652E+01
  0.2576E+01  0.2470E+01  0.2333E+01  0.2172E+01  0.1989E+01  0.1790E+01
  0.1578E+01  0.1354E+01  0.1118E+01  0.8735E+00  0.6097E+00  0.3260E+00
  0.5435E-01  0.3008E+01  0.3007E+01  0.3006E+01  0.3005E+01  0.3004E+01
  0.3003E+01  0.3002E+01  0.3001E+01  0.3000E+01  0.2998E+01  0.2997E+01
  0.2996E+01  0.2994E+01  0.2992E+01  0.2990E+01  0.2988E+01  0.2986E+01
  0.2984E+01  0.2981E+01  0.2979E+01  0.2976E+01  0.2973E+01  0.2970E+01
  0.2967E+01  0.2963E+01  0.2959E+01  0.2955E+01  0.2951E+01  0.2947E+01
  0.2942E+01  0.2937E+01  0.2932E+01  0.2927E+01  0.2921E+01  0.2915E+01
  0.2909E+01  0.2902E+01  0.2895E+01  0.2888E+01  0.2881E+01  0.2873E+01
  0.2865E+01  0.2857E+01  0.2849E+01  0.2841E+01  0.2832E+01  0.2824E+01
  0.2815E+01  0.2806E+01  0.2797E+01  0.2789E+01  0.2780E+01  0.2771E+01
  0.2760E+01  0.2748E+01  0.2730E+01  0.2700E+01  0.2652E+01  0.2576E+01
  0.2470E+01  0.2333E+01  0.2172E+01  0.1989E+01  0.1790E+01  0.1578E+01
  0.1354E+01  0.1118E+01  0.8735E+00  0.6097E+00  0.3260E+00  0.5435E-01
  0.3008E+01  0.3007E+01  0.3006E+01  0.3005E+01  0.3004E+01  0.3003E+01
  0.3002E+01  0.3001E+01  0.3000E+01  0.2998E+01  0.2997E+01  0.2996E+01
  0.2994E+01  0.2992E+01  0.2990E+01  0.2988E+01  0.2986E+01  0.2984E+01
  0.2981E+01  0.2979E+01  0.2976E+01  0.2973E+01  0.2970E+01  0.2967E+01
  0.2963E+01  0.2959E+01  0.2955E+01  0.2951E+01  0.2947E+01  0.2942E+01
  0.2937E+01  0.2932E+01  0.2927E+01  0.2921E+01  0.2915E+01  0.2909E+01
  0.2902E+01  0.2895E+01  0.2888E+01  0.2881E+01  0.2873E+01  0.2865E+01
  0.2857E+01  0.2849E+01  0.2841E+01  0.2832E+01  0.2824E+01  0.2815E+01
  0.2806E+01  0.2797E+01  0.2789E+01  0.2780E+01  0.2771E+01  0.2760E+01
  0.2748E+01  0.2730E+01  0.2700E+01  0.2652E+01  0.2576E+01  0.2470E+01
  0.2333E+01  0.2172E+01  0.1989E+01  0.1790E+01  0.1578E+01  0.1354E+01
  0.1118E+01  0.8735E+00  0.6097E+00  0.3260E+00  0.5435E-01  0.3008E+01
  0.3007E+01  0.3006E+01  0.3005E+01  0.3004E+01  0.3003E+01  0.3002E+01
  0.3001E+01  0.3000E+01  0.2998E+01  0.2997E+01  0.2996E+01  0.2994E+01
  0.2992E+01  0.2990E+01  0.2988E+01  0.2986E+01  0.2984E+01  0.2981E+01
  0.2979E+01  0.2976E+01  0.2973E+01  0.2970E+01  0.2967E+01  0.2963E+01
  0.2959E+01  0.2955E+01  0.2951E+01  0.2947E+01  0.2942E+01  0.2937E+01
  0.2932E+01  0.2927E+01  0.2921E+01  0.2915E+01  0.2909E+01  0.2902E+01
  0.2895E+01  0.2888E+01  0.2881E+01  0.2873E+01  0.2865E+01  0.2857E+01
  0.2849E+01  0.2841E+01  0.2832E+01  0.2824E+01  0.2815E+01  0.2806E+01
  0.2797E+01  0.2789E+01  0.2780E+01  0.2771E+01  0.2760E+01  0.2748E+01
  0.2730E+01  0.2700E+01  0.2652E+01  0.2576E+01  0.2470E+01  0.2333E+01
  0.2172E+01  0.1989E+01  0.1790E+01  0.1578E+01  0.1354E+01  0.1118E+01
  0.8735E+00  0.6097E+00  0.3260E+00  0.5435E-01  0.3008E+01  0.3007E+01
  0.3006E+01  0.3005E+01  0.3004E+01  0.3003E+01  0.3002E+01  0.3001E+01
  0.3000E+01  0.2998E+01  0.2997E+01  0.2996E+01  0.2994E+01  0.2992E+01
  0.2990E+01  0.2988E+01  0.2986E+01  0.2984E+01  0.2981E+01  0.2979E+01
  0.2976E+01  0.2973E+01  0.2970E+01  0.2967E+01  0.2963E+01  0.2959E+01
  0.2955E+01  0.2951E+01  0.2947E+01  0.2942E+01  0.2937E+01  0.2932E+01
  0.2927E+01  0.2921E+01  0.2915E+01  0.2909E+01  0.2902E+01  0.2895E+01
  0.2888E+01  0.2881E+01  0.2873E+01  0.2865E+01  0.2857E+01  0.2849E+01
  0.2841E+01  0.2832E+01  0.2824E+01  0.2815E+01  0.2806E+01  0.2797E+01
  0.2789E+01  0.2780E+01  0.2771E+01  0.2760E+01  0.2748E+01  0.2730E+01
  0.2700E+01  0.2652E+01  0.2576E+01  0.2470E+01  0.2333E+01  0.2172E+01
  0.1989E+01  0.1790E+01  0.1578E+01  0.1354E+01  0.1118E+01  0.8735E+00
  0.6097E+00  0.3260E+00  0.5435E-01  0.3008E+01  0.3007E+01  0.3006E+01
  0.3005E+01  0.3004E+01  0.3003E+01  0.3002E+01  0.3001E+01  0.3000E+01
  0.2998E+01  0.2997E+01  0.2996E+01  0.2994E+01  0.2992E+01  0.2990E+01
  0.2988E+01  0.2986E+01  0.2984E+01  0.2981E+01  0.2979E+01  0.2976E+01
  0.2973E+01  0.2970E+01  0.2967E+01  0.2963E+01  0.2959E+01  0.2955E+01
  0.2951E+01  0.2947E+01  0.2942E+01  0.2937E+01  0.2932E+01  0.2927E+01
  0.2921E+01  0.2915E+01  0.2909E+01  0.2902E+01  0.2895E+01  0.2888E+01
  0.2881E+01  0.2873E+01  0.2865E+01  0.2857E+01  0.2849E+01  0.2841E+01
  0.2832E+01  0.2824E+01  0.2815E+01  0.2806E+01  0.2797E+01  0.2789E+01
  0.2780E+01  0.2771E+01  0.2760E+01  0.2748E+01  0.2730E+01  0.2700E+01
  0.2652E+01  0.2576E+01  0.2470E+01  0.2333E+01  0.2172E+01  0.1989E+01
  0.1790E+01  0.1578E+01  0.1354E+01  0.1118E+01  0.8735E+00  0.6097E+00
  0.3260E+00  0.5435E-01  0.3008E+01  0.3007E+01  0.3006E+01  0.3005E+01
  0.3004E+01  0.3003E+01  0.3002E+01  0.3001E+01  0.3000E+01  0.2998E+01
  0.2997E+01  0.2996E+01  0.2994E+01  0.2992E+01  0.2990E+01  0.2988E+01
  0.2986E+01  0.2984E+01  0.2981E+01  0.2979E+01  0.2976E+01  0.2973E+01
  0.2970E+01  0.2967E+01  0.2963E+01  0.2959E+01  0.2955E+01  0.2951E+01
  0.2947E+01  0.2942E+01  0.2937E+01  0.2932E+01  0.2927E+01  0.2921E+01
  0.2915E+01  0.2909E+01  0.2902E+01  0.2895E+01  0.2888E+01  0.2881E+01
  0.2873E+01  0.2865E+01  0.2857E+01  0.2849E+01  0.2841E+01  0.2832E+01
  0.2824E+01  0.2815E+01  0.2806E+01  0.2797E+01  0.2789E+01  0.2780E+01
  0.2771E+01  0.2760E+01  0.2748E+01  0.2730E+01  0.2700E+01  0.2652E+01
  0.2576E+01  0.2470E+01  0.2333E+01  0.2172E+01  0.1989E+01  0.1790E+01
  0.1578E+01  0.1354E+01  0.1118E+01  0.8735E+00  0.6097E+00  0.3260E+00
  0.5435E-01  0.3008E+01  0.3007E+01  0.3006E+01  0.3005E+01  0.3004E+01
  0.3003E+01  0.3002E+01  0.3001E+01  0.3000E+01  0.2998E+01  0.2997E+01
  0.2996E+01  0.2994E+01  0.2992E+01  0.2990E+01  0.2988E+01  0.2986E+01
  0.2984E+01  0.2981E+01  0.2979E+01  0.2976E+01  0.2973E+01  0.2970E+01
  0.2967E+01  0.2963E+01  0.2959E+01  0.2955E+01  0.2951E+01  0.2947E+01
  0.2942E+01  0.2937E+01  0.2932E+01  0.2927E+01  0.2921E+01  0.2915E+01
  0.2909E+01  0.2902E+01  0.2895E+01  0.2888E+01  0.2881E+01  0.2873E+01
  0.2865E+01  0.2857E+01  0.2849E+01  0.2841E+01  0.2832E+01  0.2824E+01
  0.2815E+01  0.2806E+01  0.2797E+01  0.2789E+01  0.2780E+01  0.2771E+01
  0.2760E+01  0.2748E+01  0.2730E+01  0.2700E+01  0.2652E+01  0.2576E+01
  0.2470E+01  0.2333E+01  0.2172E+01  0.1989E+01  0.1790E+01  0.1578E+01
  0.1354E+01  0.1118E+01  0.8735E+00  0.6097E+00  0.3260E+00  0.5435E-01
  0.3008E+01  0.3007E+01  0.3006E+01  0.3005E+01  0.3004E+01  0.3003E+01
  0.3002E+01  0.3001E+01  0.3000E+01  0.2998E+01  0.2997E+01  0.2996E+01
  0.2994E+01  0.2992E+01  0.2990E+01  0.2988E+01  0.2986E+01  0.2984E+01
  0.2981E+01  0.2979E+01  0.2976E+01  0.2973E+01  0.2970E+01  0.2967E+01
  0.2963E+01  0.2959E+01  0.2955E+01  0.2951E+01  0.2947E+01  0.2942E+01
  0.2937E+01  0.2932E+01  0.2927E+01  0.2921E+01  0.2915E+01  0.2909E+01
  0.2902E+01  0.2895E+01  0.2888E+01  0.2881E+01  0.2873E+01  0.2865E+01
  0.2857E+01  0.2849E+01  0.2841E+01  0.2832E+01  0.2824E+01  0.2815E+01
  0.2806E+01  0.2797E+01  0.2789E+01  0.2780E+01  0.2771E+01  0.2760E+01
  0.2748E+01  0.2730E+01  0.2700E+01  0.2652E+01  0.2576E+01  0.2470E+01
  0.2333E+01  0.2172E+01  0.1989E+01  0.1790E+01  0.1578E+01  0.1354E+01
  0.1118E+01  0.8735E+00  0.6097E+00  0.3260E+00  0.5435E-01  0.3008E+01
  0.3007E+01  0.3006E+01  0.3005E+01  0.3004E+01  0.3003E+01  0.3002E+01
  0.3001E+01  0.3000E+01  0.2998E+01  0.2997E+01  0.2996E+01  0.2994E+01
  0.2992E+01  0.2990E+01  0.2988E+01  0.2986E+01  0.2984E+01  0.2981E+01
  0.2979E+01  0.2976E+01  0.2973E+01  0.2970E+01  0.2967E+01  0.2963E+01
  0.2959E+01  0.2955E+01  0.2951E+01  0.2947E+01  0.2942E+01  0.2937E+01
  0.2932E+01  0.2927E+01  0.2921E+01  0.2915E+01  0.2909E+01  0.2902E+01
  0.2895E+01  0.2888E+01  0.2881E+01  0.2873E+01  0.2865E+01  0.2857E+01
  0.2849E+01  0.2841E+01  0.2832E+01  0.2824E+01  0.2815E+01  0.2806E+01
  0.2797E+01  0.2789E+01  0.2780E+01  0.2771E+01  0.2760E+01  0.2748E+01
  0.2730E+01  0.2700E+01  0.2652E+01  0.2576E+01  0.2470E+01  0.2333E+01
  0.2172E+01  0.1989E+01  0.1790E+01  0.1578E+01  0.1354E+01  0.1118E+01
  0.8735E+00  0.6097E+00  0.3260E+00  0.5435E-01  0.3008E+01  0.3007E+01
  0.3006E+01  0.3005E+01  0.3004E+01  0.3003E+01  0.3002E+01  0.3001E+01
  0.3000E+01  0.2998E+01  0.2997E+01  0.2996E+01  0.2994E+01  0.2992E+01
  0.2990E+01  0.2988E+01  0.2986E+01  0.2984E+01  0.2981E+01  0.2979E+01
  0.2976E+01  0.2973E+01  0.2970E+01  0.2967E+01  0.2963E+01  0.2959E+01
  0.2955E+01  0.2951E+01  0.2947E+01  0.2942E+01  0.2937E+01  0.2932E+01
  0.2927E+01  0.2921E+01  0.2915E+01  0.2909E+01  0.2902E+01  0.2895E+01
  0.2888E+01  0.2881E+01  0.2873E+01  0.2865E+01  0.2857E+01  0.2849E+01
  0.2841E+01  0.2832E+01  0.2824E+01  0.2815E+01  0.2806E+01  0.2797E+01
  0.2789E+01  0.2780E+01  0.2771E+01  0.2760E+01  0.2748E+01  0.2730E+01
  0.2700E+01  0.2652E+01  0.2576E+01  0.2470E+01  0.2333E+01  0.2172E+01
  0.1989E+01  0.1790E+01  0.1578E+01  0.1354E+01  0.1118E+01  0.8735E+00
  0.6097E+00  0.3260E+00  0.5435E-01  0.3008E+01  0.3007E+01  0.3006E+01
  0.3005E+01  0.3004E+01  0.3003E+01  0.3002E+01  0.3001E+01  0.3000E+01
  0.2998E+01  0.2997E+01  0.2996E+01  0.2994E+01  0.2992E+01  0.2990E+01
  0.2988E+01  0.2986E+01  0.2984E+01  0.2981E+01  0.2979E+01  0.2976E+01
  0.2973E+01  0.2970E+01  0.2967E+01  0.2963E+01  0.2959E+01  0.2955E+01
  0.2951E+01  0.2947E+01  0.2942E+01  0.2937E+01  0.2932E+01  0.2927E+01
  0.2921E+01  0.2915E+01  0.2909E+01  0.2902E+01  0.2895E+01  0.2888E+01
  0.2881E+01  0.2873E+01  0.2865E+01  0.2857E+01  0.2849E+01  0.2841E+01
  0.2832E+01  0.2824E+01  0.2815E+01  0.2806E+01  0.2797E+01  0.2789E+01
  0.2780E+01  0.2771E+01  0.2760E+01  0.2748E+01  0.2730E+01  0.2700E+01
  0.2652E+01  0.2576E+01  0.2470E+01  0.2333E+01  0.2172E+01  0.1989E+01
  0.1790E+01  0.1578E+01  0.1354E+01  0.1118E+01  0.8735E+00  0.6097E+00
  0.3260E+00  0.5435E-01  0.3008E+01  0.3007E+01  0.3006E+01  0.3005E+01
  0.3004E+01  0.3003E+01  0.3002E+01  0.3001E+01  0.3000E+01  0.2998E+01
  0.2997E+01  0.2996E+01  0.2994E+01  0.2992E+01  0.2990E+01  0.2988E+01
  0.2986E+01  0.2984E+01  0.2981E+01  0.2979E+01  0.2976E+01  0.2973E+01
  0.2970E+01  0.2967E+01  0.2963E+01  0.2959E+01  0.2955E+01  0.2951E+01
  0.2947E+01  0.2942E+01  0.2937E+01  0.2932E+01  0.2927E+01  0.2921E+01
  0.2915E+01  0.2909E+01  0.2902E+01  0.2895E+01  0.2888E+01  0.2881E+01
  0.2873E+01  0.2865E+01  0.2857E+01  0.2849E+01  0.2841E+01  0.2832E+01
  0.2824E+01  0.2815E+01  0.2806E+01  0.2797E+01  0.2789E+01  0.2780E+01
  0.2771E+01  0.2760E+01  0.2748E+01  0.2730E+01  0.2700E+01  0.2652E+01
  0.2576E+01  0.2470E+01  0.2333E+01  0.2172E+01  0.1989E+01  0.1790E+01
  0.1578E+01  0.1354E+01  0.1118E+01  0.8735E+00  0.6097E+00  0.3260E+00
  0.5435E-01  0.3008E+01  0.3007E+01  0.3006E+01  0.3005E+01  0.3004E+01
  0.3003E+01  0.3002E+01  0.3001E+01  0.3000E+01  0.2998E+01  0.2997E+01
  0.2996E+01  0.2994E+01  0.2992E+01  0.2990E+01  0.2988E+01  0.2986E+01
  0.2984E+01  0.2981E+01  0.2979E+01  0.2976E+01  0.2973E+01  0.2970E+01
  0.2967E+01  0.2963E+01  0.2959E+01  0.2955E+01  0.2951E+01  0.2947E+01
  0.2942E+01  0.2937E+01  0.2932E+01  0.2927E+01  0.2921E+01  0.2915E+01
  0.2909E+01  0.2902E+01  0.2895E+01  0.2888E+01  0.2881E+01  0.2873E+01
  0.2865E+01  0.2857E+01  0.2849E+01  0.2841E+01  0.2832E+01  0.2824E+01
  0.2815E+01  0.2806E+01  0.2797E+01  0.2789E+01  0.2780E+01  0.2771E+01
  0.2760E+01  0.2748E+01  0.2730E+01  0.2700E+01  0.2652E+01  0.2576E+01
  0.2470E+01  0.2333E+01  0.2172E+01  0.1989E+01  0.1790E+01  0.1578E+01
  0.1354E+01  0.1118E+01  0.8735E+00  0.6097E+00  0.3260E+00  0.5435E-01
  0.3008E+01  0.3007E+01  0.3006E+01  0.3005E+01  0.3004E+01  0.3003E+01
  0.3002E+01  0.3001E+01  0.3000E+01  0.2998E+01  0.2997E+01  0.2996E+01
  0.2994E+01  0.2992E+01  0.2990E+01  0.2988E+01  0.2986E+01  0.2984E+01
  0.2981E+01  0.2979E+01  0.2976E+01  0.2973E+01  0.2970E+01  0.2967E+01
  0.2963E+01  0.2959E+01  0.2955E+01  0.2951E+01  0.2947E+01  0.2942E+01
  0.2937E+01  0.2932E+01  0.2927E+01  0.2921E+01  0.2915E+01  0.2909E+01
  0.2902E+01  0.2895E+01  0.2888E+01  0.2881E+01  0.2873E+01  0.2865E+01
  0.2857E+01  0.2849E+01  0.2841E+01  0.2832E+01  0.2824E+01  0.2815E+01
  0.2806E+01  0.2797E+01  0.2789E+01  0.2780E+01  0.2771E+01  0.2760E+01
  0.2748E+01  0.2730E+01  0.2700E+01  0.2652E+01  0.2576E+01  0.2470E+01
  0.2333E+01  0.2172E+01  0.1989E+01  0.1790E+01  0.1578E+01  0.1354E+01
  0.1118E+01  0.8735E+00  0.6097E+00  0.3260E+00  0.5435E-01  0.3008E+01
  0.3007E+01  0.3006E+01  0.3005E+01  0.3004E+01  0.3003E+01  0.3002E+01
  0.3001E+01  0.3000E+01  0.2998E+01  0.2997E+01  0.2996E+01  0.2994E+01
  0.2992E+01  0.2990E+01  0.2988E+01  0.2986E+01  0.2984E+01  0.2981E+01
  0.2979E+01  0.2976E+01  0.2973E+01  0.2970E+01  0.2967E+01  0.2963E+01
  0.2959E+01  0.2955E+01  0.2951E+01  0.2947E+01  0.2942E+01  0.2937E+01
  0.2932E+01  0.2927E+01  0.2921E+01  0.2915E+01  0.2909E+01  0.2902E+01
  0.2895E+01  0.2888E+01  0.2881E+01  0.2873E+01  0.2865E+01  0.2857E+01
  0.2849E+01  0.2841E+01  0.2832E+01  0.2824E+01  0.2815E+01  0.2806E+01
  0.2797E+01  0.2789E+01  0.2780E+01  0.2771E+01  0.2760E+01  0.2748E+01
  0.2730E+01  0.2700E+01  0.2652E+01  0.2576E+01  0.2470E+01  0.2333E+01
  0.2172E+01  0.1989E+01  0.1790E+01  0.1578E+01  0.1354E+01  0.1118E+01
  0.8735E+00  0.6097E+00  0.3260E+00  0.5435E-01  0.3008E+01  0.3007E+01
  0.3006E+01  0.3005E+01  0.3004E+01  0.3003E+01  0.3002E+01  0.3001E+01
  0.3000E+01  0.2998E+01  0.2997E+01  0.2996E+01  0.2994E+01  0.2992E+01
  0.2990E+01  0.2988E+01  0.2986E+01  0.2984E+01  0.2981E+01  0.2979E+01
  0.2976E+01  0.2973E+01  0.2970E+01  0.2967E+01  0.2963E+01  0.2959E+01
  0.2955E+01  0.2951E+01  0.2947E+01  0.2942E+01  0.2937E+01  0.2932E+01
  0.2927E+01  0.2921E+01  0.2915E+01  0.2909E+01  0.2902E+01  0.2895E+01
  0.2888E+01  0.2881E+01  0.2873E+01  0.2865E+01  0.2857E+01  0.2849E+01
  0.2841E+01  0.2832E+01  0.2824E+01  0.2815E+01  0.2806E+01  0.2797E+01
  0.2789E+01  0.2780E+01  0.2771E+01  0.2760E+01  0.2748E+01  0.2730E+01
  0.2700E+01  0.2652E+01  0.2576E+01  0.2470E+01  0.2333E+01  0.2172E+01
  0.1989E+01  0.1790E+01  0.1578E+01  0.1354E+01  0.1118E+01  0.8735E+00
  0.6097E+00  0.3260E+00  0.5435E-01  0.3008E+01  0.3007E+01  0.3006E+01
  0.3005E+01  0.3004E+01  0.3003E+01  0.3002E+01  0.3001E+01  0.3000E+01
  0.2998E+01  0.2997E+01  0.2996E+01  0.2994E+01  0.2992E+01  0.2990E+01
  0.2988E+01  0.2986E+01  0.2984E+01  0.2981E+01  0.2979E+01  0.2976E+01
  0.2973E+01  0.2970E+01  0.2967E+01  0.2963E+01  0.2959E+01  0.2955E+01
  0.2951E+01  0.2947E+01  0.2942E+01  0.2937E+01  0.2932E+01  0.2927E+01
  0.2921E+01  0.2915E+01  0.2909E+01  0.2902E+01  0.2895E+01  0.2888E+01
  0.2881E+01  0.2873E+01  0.2865E+01  0.2857E+01  0.2849E+01  0.2841E+01
  0.2832E+01  0.2824E+01  0.2815E+01  0.2806E+01  0.2797E+01  0.2789E+01
  0.2780E+01  0.2771E+01  0.2760E+01  0.2748E+01  0.2730E+01  0.2700E+01
  0.2652E+01  0.2576E+01  0.2470E+01  0.2333E+01  0.2172E+01  0.1989E+01
  0.1790E+01  0.1578E+01  0.1354E+01  0.1118E+01  0.8735E+00  0.6097E+00
  0.3260E+00  0.5435E-01  0.3008E+01  0.3007E+01  0.3006E+01  0.3005E+01
  0.3004E+01  0.3003E+01  0.3002E+01  0.3001E+01  0.3000E+01  0.2998E+01
  0.2997E+01  0.2996E+01  0.2994E+01  0.2992E+01  0.2990E+01  0.2988E+01
  0.2986E+01  0.2984E+01  0.2981E+01  0.2979E+01  0.2976E+01  0.2973E+01
  0.2970E+01  0.2967E+01  0.2963E+01  0.2959E+01  0.2955E+01  0.2951E+01
  0.2947E+01  0.2942E+01  0.2937E+01  0.2932E+01  0.2927E+01  0.2921E+01
  0.2915E+01  0.2909E+01  0.2902E+01  0.2895E+01  0.2888E+01  0.2881E+01
  0.2873E+01  0.2865E+01  0.2857E+01  0.2849E+01  0.2841E+01  0.2832E+01
  0.2824E+01  0.2815E+01  0.2806E+01  0.2797E+01  0.2789E+01  0.2780E+01
  0.2771E+01  0.2760E+01  0.2748E+01  0.2730E+01  0.2700E+01  0.2652E+01
  0.2576E+01  0.2470E+01  0.2333E+01  0.2172E+01  0.1989E+01  0.1790E+01
  0.1578E+01  0.1354E+01  0.1118E+01  0.8735E+00  0.6097E+00  0.3260E+00
  0.5435E-01  0.3008E+01  0.3007E+01  0.3006E+01  0.3005E+01  0.3004E+01
  0.3003E+01  0.3002E+01  0.3001E+01  0.3000E+01  0.2998E+01  0.2997E+01
  0.2996E+01  0.2994E+01  0.2992E+01  0.2990E+01  0.2988E+01  0.2986E+01
  0.2984E+01  0.2981E+01  0.2979E+01  0.2976E+01  0.2973E+01  0.2970E+01
  0.2967E+01  0.2963E+01  0.2959E+01  0.2955E+01  0.2951E+01  0.2947E+01
  0.2942E+01  0.2937E+01  0.2932E+01  0.2927E+01  0.2921E+01  0.2915E+01
  0.2909E+01  0.2902E+01  0.2895E+01  0.2888E+01  0.2881E+01  0.2873E+01
  0.2865E+01  0.2857E+01  0.2849E+01  0.2841E+01  0.2832E+01  0.2824E+01
  0.2815E+01  0.2806E+01  0.2797E+01  0.2789E+01  0.2780E+01  0.2771E+01
  0.2760E+01  0.2748E+01  0.2730E+01  0.2700E+01  0.2652E+01  0.2576E+01
  0.2470E+01  0.2333E+01  0.2172E+01  0.1989E+01  0.1790E+01  0.1578E+01
  0.1354E+01  0.1118E+01  0.8735E+00  0.6097E+00  0.3260E+00  0.5435E-01
  0.3008E+01  0.3007E+01  0.3006E+01  0.3005E+01  0.3004E+01  0.3003E+01
  0.3002E+01  0.3001E+01  0.3000E+01  0.2998E+01  0.2997E+01  0.2996E+01
  0.2994E+01  0.2992E+01  0.2990E+01  0.2988E+01  0.2986E+01  0.2984E+01
  0.2981E+01  0.2979E+01  0.2976E+01  0.2973E+01  0.2970E+01  0.2967E+01
  0.2963E+01  0.2959E+01  0.2955E+01  0.2951E+01  0.2947E+01  0.2942E+01
  0.2937E+01  0.2932E+01  0.2927E+01  0.2921E+01  0.2915E+01  0.2909E+01
  0.2902E+01  0.2895E+01  0.2888E+01  0.2881E+01  0.2873E+01  0.2865E+01
  0.2857E+01  0.2849E+01  0.2841E+01  0.2832E+01  0.2824E+01  0.2815E+01
  0.2806E+01  0.2797E+01  0.2789E+01  0.2780E+01  0.2771E+01  0.2760E+01
  0.2748E+01  0.2730E+01  0.2700E+01  0.2652E+01  0.2576E+01  0.2470E+01
  0.2333E+01  0.2172E+01  0.1989E+01  0.1790E+01  0.1578E+01  0.1354E+01
  0.1118E+01  0.8735E+00  0.6097E+00  0.3260E+00  0.5435E-01  0.3008E+01
  0.3007E+01  0.3006E+01  0.3005E+01  0.3004E+01  0.3003E+01  0.3002E+01
  0.3001E+01  0.3000E+01  0.2998E+01  0.2997E+01  0.2996E+01  0.2994E+01
  0.2992E+01  0.2990E+01  0.2988E+01  0.2986E+01  0.2984E+01  0.2981E+01
  0.2979E+01  0.2976E+01  0.2973E+01  0.2970E+01  0.2967E+01  0.2963E+01
  0.2959E+01  0.2955E+01  0.2951E+01  0.2947E+01  0.2942E+01  0.2937E+01
  0.2932E+01  0.2927E+01  0.2921E+01  0.2915E+01  0.2909E+01  0.2902E+01
  0.2895E+01  0.2888E+01  0.2881E+01  0.2873E+01  0.2865E+01  0.2857E+01
  0.2849E+01  0.2841E+01  0.2832E+01  0.2824E+01  0.2815E+01  0.2806E+01
  0.2797E+01  0.2789E+01  0.2780E+01  0.2771E+01  0.2760E+01  0.2748E+01
  0.2730E+01  0.2700E+01  0.2652E+01  0.2576E+01  0.2470E+01  0.2333E+01
  0.2172E+01  0.1989E+01  0.1790E+01  0.1578E+01  0.1354E+01  0.1118E+01
  0.8735E+00  0.6097E+00  0.3260E+00  0.5435E-01  0.3008E+01  0.3007E+01
  0.3006E+01  0.3005E+01  0.3004E+01  0.3003E+01  0.3002E+01  0.3001E+01
  0.3000E+01  0.2998E+01  0.2997E+01  0.2996E+01  0.2994E+01  0.2992E+01
  0.2990E+01  0.2988E+01  0.2986E+01  0.2984E+01  0.2981E+01  0.2979E+01
  0.2976E+01  0.2973E+01  0.2970E+01  0.2967E+01  0.2963E+01  0.2959E+01
  0.2955E+01  0.2951E+01  0.2947E+01  0.2942E+01  0.2937E+01  0.2932E+01
  0.2927E+01  0.2921E+01  0.2915E+01  0.2909E+01  0.2902E+01  0.2895E+01
  0.2888E+01  0.2881E+01  0.2873E+01  0.2865E+01  0.2857E+01  0.2849E+01
  0.2841E+01  0.2832E+01  0.2824E+01  0.2815E+01  0.2806E+01  0.2797E+01
  0.2789E+01  0.2780E+01  0.2771E+01  0.2760E+01  0.2748E+01  0.2730E+01
  0.2700E+01  0.2652E+01  0.2576E+01  0.2470E+01  0.2333E+01  0.2172E+01
  0.1989E+01  0.1790E+01  0.1578E+01  0.1354E+01  0.1118E+01  0.8735E+00
  0.6097E+00  0.3260E+00  0.5435E-01  0.3008E+01  0.3007E+01  0.3006E+01
  0.3005E+01  0.3004E+01  0.3003E+01  0.3002E+01  0.3001E+01  0.3000E+01
  0.2998E+01  0.2997E+01  0.2996E+01  0.2994E+01  0.2992E+01  0.2990E+01
  0.2988E+01  0.2986E+01  0.2984E+01  0.2981E+01  0.2979E+01  0.2976E+01
  0.2973E+01  0.2970E+01  0.2967E+01  0.2963E+01  0.2959E+01  0.2955E+01
  0.2951E+01  0.2947E+01  0.2942E+01  0.2937E+01  0.2932E+01  0.2927E+01
  0.2921E+01  0.2915E+01  0.2909E+01  0.2902E+01  0.2895E+01  0.2888E+01
  0.2881E+01  0.2873E+01  0.2865E+01  0.2857E+01  0.2849E+01  0.2841E+01
  0.2832E+01  0.2824E+01  0.2815E+01  0.2806E+01  0.2797E+01  0.2789E+01
  0.2780E+01  0.2771E+01  0.2760E+01  0.2748E+01  0.2730E+01  0.2700E+01
  0.2652E+01  0.2576E+01  0.2470E+01  0.2333E+01  0.2172E+01  0.1989E+01
  0.1790E+01  0.1578E+01  0.1354E+01  0.1118E+01  0.8735E+00  0.6097E+00
  0.3260E+00  0.5435E-01  0.3008E+01  0.3007E+01  0.3006E+01  0.3005E+01
  0.3004E+01  0.3003E+01  0.3002E+01  0.3001E+01  0.3000E+01  0.2998E+01
  0.2997E+01  0.2996E+01  0.2994E+01  0.2992E+01  0.2990E+01  0.2988E+01
  0.2986E+01  0.2984E+01  0.2981E+01  0.2979E+01  0.2976E+01  0.2973E+01
  0.2970E+01  0.2967E+01  0.2963E+01  0.2959E+01  0.2955E+01  0.2951E+01
  0.2947E+01  0.2942E+01  0.2937E+01  0.2932E+01  0.2927E+01  0.2921E+01
  0.2915E+01  0.2909E+01  0.2902E+01  0.2895E+01  0.2888E+01  0.2881E+01
  0.2873E+01  0.2865E+01  0.2857E+01  0.2849E+01  0.2841E+01  0.2832E+01
  0.2824E+01  0.2815E+01  0.2806E+01  0.2797E+01  0.2789E+01  0.2780E+01
  0.2771E+01  0.2760E+01  0.2748E+01  0.2730E+01  0.2700E+01  0.2652E+01
  0.2576E+01  0.2470E+01  0.2333E+01  0.2172E+01  0.1989E+01  0.1790E+01
  0.1578E+01  0.1354E+01  0.1118E+01  0.8735E+00  0.6097E+00  0.3260E+00
  0.5435E-01  0.3008E+01  0.3007E+01  0.3006E+01  0.3005E+01  0.3004E+01
  0.3003E+01  0.3002E+01  0.3001E+01  0.3000E+01  0.2998E+01  0.2997E+01
  0.2996E+01  0.2994E+01  0.2992E+01  0.2990E+01  0.2988E+01  0.2986E+01
  0.2984E+01  0.2981E+01  0.2979E+01  0.2976E+01  0.2973E+01  0.2970E+01
  0.2967E+01  0.2963E+01  0.2959E+01  0.2955E+01  0.2951E+01  0.2947E+01
  0.2942E+01  0.2937E+01  0.2932E+01  0.2927E+01  0.2921E+01  0.2915E+01
  0.2909E+01  0.2902E+01  0.2895E+01  0.2888E+01  0.2881E+01  0.2873E+01
  0.2865E+01  0.2857E+01  0.2849E+01  0.2841E+01  0.2832E+01  0.2824E+01
  0.2815E+01  0.2806E+01  0.2797E+01  0.2789E+01  0.2780E+01  0.2771E+01
  0.2760E+01  0.2748E+01  0.2730E+01  0.2700E+01  0.2652E+01  0.2576E+01
  0.2470E+01  0.2333E+01  0.2172E+01  0.1989E+01  0.1790E+01  0.1578E+01
  0.1354E+01  0.1118E+01  0.8735E+00  0.6097E+00  0.3260E+00  0.5435E-01
  0.3008E+01  0.3007E+01  0.3006E+01  0.3005E+01  0.3004E+01  0.3003E+01
  0.3002E+01  0.3001E+01  0.3000E+01  0.2998E+01  0.2997E+01  0.2996E+01
  0.2994E+01  0.2992E+01  0.2990E+01  0.2988E+01  0.2986E+01  0.2984E+01
  0.2981E+01  0.2979E+01  0.2976E+01  0.2973E+01  0.2970E+01  0.2967E+01
  0.2963E+01  0.2959E+01  0.2955E+01  0.2951E+01  0.2947E+01  0.2942E+01
  0.2937E+01  0.2932E+01  0.2927E+01  0.2921E+01  0.2915E+01  0.2909E+01
  0.2902E+01  0.2895E+01  0.2888E+01  0.2881E+01  0.2873E+01  0.2865E+01
  0.2857E+01  0.2849E+01  0.2841E+01  0.2832E+01  0.2824E+01  0.2815E+01
  0.2806E+01  0.2797E+01  0.2789E+01  0.2780E+01  0.2771E+01  0.2760E+01
  0.2748E+01  0.2730E+01  0.2700E+01  0.2652E+01  0.2576E+01  0.2470E+01
  0.2333E+01  0.2172E+01  0.1989E+01  0.1790E+01  0.1578E+01  0.1354E+01
  0.1118E+01  0.8735E+00  0.6097E+00  0.3260E+00  0.5435E-01  0.3008E+01
  0.3007E+01  0.3006E+01  0.3005E+01  0.3004E+01  0.3003E+01  0.3002E+01
  0.3001E+01  0.3000E+01  0.2998E+01  0.2997E+01  0.2996E+01  0.2994E+01
  0.2992E+01  0.2990E+01  0.2988E+01  0.2986E+01  0.2984E+01  0.2981E+01
  0.2979E+01  0.2976E+01  0.2973E+01  0.2970E+01  0.2967E+01  0.2963E+01
  0.2959E+01  0.2955E+01  0.2951E+01  0.2947E+01  0.2942E+01  0.2937E+01
  0.2932E+01  0.2927E+01  0.2921E+01  0.2915E+01  0.2909E+01  0.2902E+01
  0.2895E+01  0.2888E+01  0.2881E+01  0.2873E+01  0.2865E+01  0.2857E+01
  0.2849E+01  0.2841E+01  0.2832E+01  0.2824E+01  0.2815E+01  0.2806E+01
  0.2797E+01  0.2789E+01  0.2780E+01  0.2771E+01  0.2760E+01  0.2748E+01
  0.2730E+01  0.2700E+01  0.2652E+01  0.2576E+01  0.2470E+01  0.2333E+01
  0.2172E+01  0.1989E+01  0.1790E+01  0.1578E+01  0.1354E+01  0.1118E+01
  0.8735E+00  0.6097E+00  0.3260E+00  0.5435E-01  0.3008E+01  0.3007E+01
  0.3006E+01  0.3005E+01  0.3004E+01  0.3003E+01  0.3002E+01  0.3001E+01
  0.3000E+01  0.2998E+01  0.2997E+01  0.2996E+01  0.2994E+01  0.2992E+01
  0.2990E+01  0.2988E+01  0.2986E+01  0.2984E+01  0.2981E+01  0.2979E+01
  0.2976E+01  0.2973E+01  0.2970E+01  0.2967E+01  0.2963E+01  0.2959E+01
  0.2955E+01  0.2951E+01  0.2947E+01  0.2942E+01  0.2937E+01  0.2932E+01
  0.2927E+01  0.2921E+01  0.2915E+01  0.2909E+01  0.2902E+01  0.2895E+01
  0.2888E+01  0.2881E+01  0.2873E+01  0.2865E+01  0.2857E+01  0.2849E+01
  0.2841E+01  0.2832E+01  0.2824E+01  0.2815E+01  0.2806E+01  0.2797E+01
  0.2789E+01  0.2780E+01  0.2771E+01  0.2760E+01  0.2748E+01  0.2730E+01
  0.2700E+01  0.2652E+01  0.2576E+01  0.2470E+01  0.2333E+01  0.2172E+01
  0.1989E+01  0.1790E+01  0.1578E+01  0.1354E+01  0.1118E+01  0.8735E+00
  0.6097E+00  0.3260E+00  0.5435E-01  0.3008E+01  0.3007E+01  0.3006E+01
  0.3005E+01  0.3004E+01  0.3003E+01  0.3002E+01  0.3001E+01  0.3000E+01
  0.2998E+01  0.2997E+01  0.2996E+01  0.2994E+01  0.2992E+01  0.2990E+01
  0.2988E+01  0.2986E+01  0.2984E+01  0.2981E+01  0.2979E+01  0.2976E+01
  0.2973E+01  0.2970E+01  0.2967E+01  0.2963E+01  0.2959E+01  0.2955E+01
  0.2951E+01  0.2947E+01  0.2942E+01  0.2937E+01  0.2932E+01  0.2927E+01
  0.2921E+01  0.2915E+01  0.2909E+01  0.2902E+01  0.2895E+01  0.2888E+01
  0.2881E+01  0.2873E+01  0.2865E+01  0.2857E+01  0.2849E+01  0.2841E+01
  0.2832E+01  0.2824E+01  0.2815E+01  0.2806E+01  0.2797E+01  0.2789E+01
  0.2780E+01  0.2771E+01  0.2760E+01  0.2748E+01  0.2730E+01  0.2700E+01
  0.2652E+01  0.2576E+01  0.2470E+01  0.2333E+01  0.2172E+01  0.1989E+01
  0.1790E+01  0.1578E+01  0.1354E+01  0.1118E+01  0.8735E+00  0.6097E+00
  0.3260E+00  0.5435E-01  0.3008E+01  0.3007E+01  0.3006E+01  0.3005E+01
  0.3004E+01  0.3003E+01  0.3002E+01  0.3001E+01  0.3000E+01  0.2998E+01
  0.2997E+01  0.2996E+01  0.2994E+01  0.2992E+01  0.2990E+01  0.2988E+01
  0.2986E+01  0.2984E+01  0.2981E+01  0.2979E+01  0.2976E+01  0.2973E+01
  0.2970E+01  0.2967E+01  0.2963E+01  0.2959E+01  0.2955E+01  0.2951E+01
  0.2947E+01  0.2942E+01  0.2937E+01  0.2932E+01  0.2927E+01  0.2921E+01
  0.2915E+01  0.2909E+01  0.2902E+01  0.2895E+01  0.2888E+01  0.2881E+01
  0.2873E+01  0.2865E+01  0.2857E+01  0.2849E+01  0.2841E+01  0.2832E+01
  0.2824E+01  0.2815E+01  0.2806E+01  0.2797E+01  0.2789E+01  0.2780E+01
  0.2771E+01  0.2760E+01  0.2748E+01  0.2730E+01  0.2700E+01  0.2652E+01
  0.2576E+01  0.2470E+01  0.2333E+01  0.2172E+01  0.1989E+01  0.1790E+01
  0.1578E+01  0.1354E+01  0.1118E+01  0.8735E+00  0.6097E+00  0.3260E+00
  0.5435E-01  0.3008E+01  0.3007E+01  0.3006E+01  0.3005E+01  0.3004E+01
  0.3003E+01  0.3002E+01  0.3001E+01  0.3000E+01  0.2998E+01  0.2997E+01
  0.2996E+01  0.2994E+01  0.2992E+01  0.2990E+01  0.2988E+01  0.2986E+01
  0.2984E+01  0.2981E+01  0.2979E+01  0.2976E+01  0.2973E+01  0.2970E+01
  0.2967E+01  0.2963E+01  0.2959E+01  0.2955E+01  0.2951E+01  0.2947E+01
  0.2942E+01  0.2937E+01  0.2932E+01  0.2927E+01  0.2921E+01  0.2915E+01
  0.2909E+01  0.2902E+01  0.2895E+01  0.2888E+01  0.2881E+01  0.2873E+01
  0.2865E+01  0.2857E+01  0.2849E+01  0.2841E+01  0.2832E+01  0.2824E+01
  0.2815E+01  0.2806E+01  0.2797E+01  0.2789E+01  0.2780E+01  0.2771E+01
  0.2760E+01  0.2748E+01  0.2730E+01  0.2700E+01  0.2652E+01  0.2576E+01
  0.2470E+01  0.2333E+01  0.2172E+01  0.1989E+01  0.1790E+01  0.1578E+01
  0.1354E+01  0.1118E+01  0.8735E+00  0.6097E+00  0.3260E+00  0.5435E-01
  0.3008E+01  0.3007E+01  0.3006E+01  0.3005E+01  0.3004E+01  0.3003E+01
  0.3002E+01  0.3001E+01  0.3000E+01  0.2998E+01  0.2997E+01  0.2996E+01
  0.2994E+01  0.2992E+01  0.2990E+01  0.2988E+01  0.2986E+01  0.2984E+01
  0.2981E+01  0.2979E+01  0.2976E+01  0.2973E+01  0.2970E+01  0.2967E+01
  0.2963E+01  0.2959E+01  0.2955E+01  0.2951E+01  0.2947E+01  0.2942E+01
  0.2937E+01  0.2932E+01  0.2927E+01  0.2921E+01  0.2915E+01  0.2909E+01
  0.2902E+01  0.2895E+01  0.2888E+01  0.2881E+01  0.2873E+01  0.2865E+01
  0.2857E+01  0.2849E+01  0.2841E+01  0.2832E+01  0.2824E+01  0.2815E+01
  0.2806E+01  0.2797E+01  0.2789E+01  0.2780E+01  0.2771E+01  0.2760E+01
  0.2748E+01  0.2730E+01  0.2700E+01  0.2652E+01  0.2576E+01  0.2470E+01
  0.2333E+01  0.2172E+01  0.1989E+01  0.1790E+01  0.1578E+01  0.1354E+01
  0.1118E+01  0.8735E+00  0.6097E+00  0.3260E+00  0.5435E-01  0.3008E+01
  0.3007E+01  0.3006E+01  0.3005E+01  0.3004E+01  0.3003E+01  0.3002E+01
  0.3001E+01  0.3000E+01  0.2998E+01  0.2997E+01  0.2996E+01  0.2994E+01
  0.2992E+01  0.2990E+01  0.2988E+01  0.2986E+01  0.2984E+01  0.2981E+01
  0.2979E+01  0.2976E+01  0.2973E+01  0.2970E+01  0.2967E+01  0.2963E+01
  0.2959E+01  0.2955E+01  0.2951E+01  0.2947E+01  0.2942E+01  0.2937E+01
  0.2932E+01  0.2927E+01  0.2921E+01  0.2915E+01  0.2909E+01  0.2902E+01
  0.2895E+01  0.2888E+01  0.2881E+01  0.2873E+01  0.2865E+01  0.2857E+01
  0.2849E+01  0.2841E+01  0.2832E+01  0.2824E+01  0.2815E+01  0.2806E+01
  0.2797E+01  0.2789E+01  0.2780E+01  0.2771E+01  0.2760E+01  0.2748E+01
  0.2730E+01  0.2700E+01  0.2652E+01  0.2576E+01  0.2470E+01  0.2333E+01
  0.2172E+01  0.1989E+01  0.1790E+01  0.1578E+01  0.1354E+01  0.1118E+01
  0.8735E+00  0.6097E+00  0.3260E+00  0.5435E-01  0.3008E+01  0.3007E+01
  0.3006E+01  0.3005E+01  0.3004E+01  0.3003E+01  0.3002E+01  0.3001E+01
  0.3000E+01  0.2998E+01  0.2997E+01  0.2996E+01  0.2994E+01  0.2992E+01
  0.2990E+01  0.2988E+01  0.2986E+01  0.2984E+01  0.2981E+01  0.2979E+01
  0.2976E+01  0.2973E+01  0.2970E+01  0.2967E+01  0.2963E+01  0.2959E+01
  0.2955E+01  0.2951E+01  0.2947E+01  0.2942E+01  0.2937E+01  0.2932E+01
  0.2927E+01  0.2921E+01  0.2915E+01  0.2909E+01  0.2902E+01  0.2895E+01
  0.2888E+01  0.2881E+01  0.2873E+01  0.2865E+01  0.2857E+01  0.2849E+01
  0.2841E+01  0.2832E+01  0.2824E+01  0.2815E+01  0.2806E+01  0.2797E+01
  0.2789E+01  0.2780E+01  0.2771E+01  0.2760E+01  0.2748E+01  0.2730E+01
  0.2700E+01  0.2652E+01  0.2576E+01  0.2470E+01  0.2333E+01  0.2172E+01
  0.1989E+01  0.1790E+01  0.1578E+01  0.1354E+01  0.1118E+01  0.8735E+00
  0.6097E+00  0.3260E+00  0.5435E-01  0.3008E+01  0.3007E+01  0.3006E+01
  0.3005E+01  0.3004E+01  0.3003E+01  0.3002E+01  0.3001E+01  0.3000E+01
  0.2998E+01  0.2997E+01  0.2996E+01  0.2994E+01  0.2992E+01  0.2990E+01
  0.2988E+01  0.2986E+01  0.2984E+01  0.2981E+01  0.2979E+01  0.2976E+01
  0.2973E+01  0.2970E+01  0.2967E+01  0.2963E+01  0.2959E+01  0.2955E+01
  0.2951E+01  0.2947E+01  0.2942E+01  0.2937E+01  0.2932E+01  0.2927E+01
  0.2921E+01  0.2915E+01  0.2909E+01  0.2902E+01  0.2895E+01  0.2888E+01
  0.2881E+01  0.2873E+01  0.2865E+01  0.2857E+01  0.2849E+01  0.2841E+01
  0.2832E+01  0.2824E+01  0.2815E+01  0.2806E+01  0.2797E+01  0.2789E+01
  0.2780E+01  0.2771E+01  0.2760E+01  0.2748E+01  0.2730E+01  0.2700E+01
  0.2652E+01  0.2576E+01  0.2470E+01  0.2333E+01  0.2172E+01  0.1989E+01
  0.1790E+01  0.1578E+01  0.1354E+01  0.1118E+01  0.8735E+00  0.6097E+00
  0.3260E+00  0.5435E-01  0.3008E+01  0.3007E+01  0.3006E+01  0.3005E+01
  0.3004E+01  0.3003E+01  0.3002E+01  0.3001E+01  0.3000E+01  0.2998E+01
  0.2997E+01  0.2996E+01  0.2994E+01  0.2992E+01  0.2990E+01  0.2988E+01
  0.2986E+01  0.2984E+01  0.2981E+01  0.2979E+01  0.2976E+01  0.2973E+01
  0.2970E+01  0.2967E+01  0.2963E+01  0.2959E+01  0.2955E+01  0.2951E+01
  0.2947E+01  0.2942E+01  0.2937E+01  0.2932E+01  0.2927E+01  0.2921E+01
  0.2915E+01  0.2909E+01  0.2902E+01  0.2895E+01  0.2888E+01  0.2881E+01
  0.2873E+01  0.2865E+01  0.2857E+01  0.2849E+01  0.2841E+01  0.2832E+01
  0.2824E+01  0.2815E+01  0.2806E+01  0.2797E+01  0.2789E+01  0.2780E+01
  0.2771E+01  0.2760E+01  0.2748E+01  0.2730E+01  0.2700E+01  0.2652E+01
  0.2576E+01  0.2470E+01  0.2333E+01  0.2172E+01  0.1989E+01  0.1790E+01
  0.1578E+01  0.1354E+01  0.1118E+01  0.8735E+00  0.6097E+00  0.3260E+00
  0.5435E-01  0.3008E+01  0.3007E+01  0.3006E+01  0.3005E+01  0.3004E+01
  0.3003E+01  0.3002E+01  0.3001E+01  0.3000E+01  0.2998E+01  0.2997E+01
  0.2996E+01  0.2994E+01  0.2992E+01  0.2990E+01  0.2988E+01  0.2986E+01
  0.2984E+01  0.2981E+01  0.2979E+01  0.2976E+01  0.2973E+01  0.2970E+01
  0.2967E+01  0.2963E+01  0.2959E+01  0.2955E+01  0.2951E+01  0.2947E+01
  0.2942E+01  0.2937E+01  0.2932E+01  0.2927E+01  0.2921E+01  0.2915E+01
  0.2909E+01  0.2902E+01  0.2895E+01  0.2888E+01  0.2881E+01  0.2873E+01
  0.2865E+01  0.2857E+01  0.2849E+01  0.2841E+01  0.2832E+01  0.2824E+01
  0.2815E+01  0.2806E+01  0.2797E+01  0.2789E+01  0.2780E+01  0.2771E+01
  0.2760E+01  0.2748E+01  0.2730E+01  0.2700E+01  0.2652E+01  0.2576E+01
  0.2470E+01  0.2333E+01  0.2172E+01  0.1989E+01  0.1790E+01  0.1578E+01
  0.1354E+01  0.1118E+01  0.8735E+00  0.6097E+00  0.3260E+00  0.5435E-01
  0.3008E+01  0.3007E+01  0.3006E+01  0.3005E+01  0.3004E+01  0.3003E+01
  0.3002E+01  0.3001E+01  0.3000E+01  0.2998E+01  0.2997E+01  0.2996E+01
  0.2994E+01  0.2992E+01  0.2990E+01  0.2988E+01  0.2986E+01  0.2984E+01
  0.2981E+01  0.2979E+01  0.2976E+01  0.2973E+01  0.2970E+01  0.2967E+01
  0.2963E+01  0.2959E+01  0.2955E+01  0.2951E+01  0.2947E+01  0.2942E+01
  0.2937E+01  0.2932E+01  0.2927E+01  0.2921E+01  0.2915E+01  0.2909E+01
  0.2902E+01  0.2895E+01  0.2888E+01  0.2881E+01  0.2873E+01  0.2865E+01
  0.2857E+01  0.2849E+01  0.2841E+01  0.2832E+01  0.2824E+01  0.2815E+01
  0.2806E+01  0.2797E+01  0.2789E+01  0.2780E+01  0.2771E+01  0.2760E+01
  0.2748E+01  0.2730E+01  0.2700E+01  0.2652E+01  0.2576E+01  0.2470E+01
  0.2333E+01  0.2172E+01  0.1989E+01  0.1790E+01  0.1578E+01  0.1354E+01
  0.1118E+01  0.8735E+00  0.6097E+00  0.3260E+00  0.5435E-01  0.3008E+01
  0.3007E+01  0.3006E+01  0.3005E+01  0.3004E+01  0.3003E+01  0.3002E+01
  0.3001E+01  0.3000E+01  0.2998E+01  0.2997E+01  0.2996E+01  0.2994E+01
  0.2992E+01  0.2990E+01  0.2988E+01  0.2986E+01  0.2984E+01  0.2981E+01
  0.2979E+01  0.2976E+01  0.2973E+01  0.2970E+01  0.2967E+01  0.2963E+01
  0.2959E+01  0.2955E+01  0.2951E+01  0.2947E+01  0.2942E+01  0.2937E+01
  0.2932E+01  0.2927E+01  0.2921E+01  0.2915E+01  0.2909E+01  0.2902E+01
  0.2895E+01  0.2888E+01  0.2881E+01  0.2873E+01  0.2865E+01  0.2857E+01
  0.2849E+01  0.2841E+01  0.2832E+01  0.2824E+01  0.2815E+01  0.2806E+01
  0.2797E+01  0.2789E+01  0.2780E+01  0.2771E+01  0.2760E+01  0.2748E+01
  0.2730E+01  0.2700E+01  0.2652E+01  0.2576E+01  0.2470E+01  0.2333E+01
  0.2172E+01  0.1989E+01  0.1790E+01  0.1578E+01  0.1354E+01  0.1118E+01
  0.8735E+00  0.6097E+00  0.3260E+00  0.5435E-01  0.3008E+01  0.3007E+01
  0.3006E+01  0.3005E+01  0.3004E+01  0.3003E+01  0.3002E+01  0.3001E+01
  0.3000E+01  0.2998E+01  0.2997E+01  0.2996E+01  0.2994E+01  0.2992E+01
  0.2990E+01  0.2988E+01  0.2986E+01  0.2984E+01  0.2981E+01  0.2979E+01
  0.2976E+01  0.2973E+01  0.2970E+01  0.2967E+01  0.2963E+01  0.2959E+01
  0.2955E+01  0.2951E+01  0.2947E+01  0.2942E+01  0.2937E+01  0.2932E+01
  0.2927E+01  0.2921E+01  0.2915E+01  0.2909E+01  0.2902E+01  0.2895E+01
  0.2888E+01  0.2881E+01  0.2873E+01  0.2865E+01  0.2857E+01  0.2849E+01
  0.2841E+01  0.2832E+01  0.2824E+01  0.2815E+01  0.2806E+01  0.2797E+01
  0.2789E+01  0.2780E+01  0.2771E+01  0.2760E+01  0.2748E+01  0.2730E+01
  0.2700E+01  0.2652E+01  0.2576E+01  0.2470E+01  0.2333E+01  0.2172E+01
  0.1989E+01  0.1790E+01  0.1578E+01  0.1354E+01  0.1118E+01  0.8735E+00
  0.6097E+00  0.3260E+00  0.5435E-01  0.3008E+01  0.3007E+01  0.3006E+01
  0.3005E+01  0.3004E+01  0.3003E+01  0.3002E+01  0.3001E+01  0.3000E+01
  0.2998E+01  0.2997E+01  0.2996E+01  0.2994E+01  0.2992E+01  0.2990E+01
  0.2988E+01  0.2986E+01  0.2984E+01  0.2981E+01  0.2979E+01  0.2976E+01
  0.2973E+01  0.2970E+01  0.2967E+01  0.2963E+01  0.2959E+01  0.2955E+01
  0.2951E+01  0.2947E+01  0.2942E+01  0.2937E+01  0.2932E+01  0.2927E+01
  0.2921E+01  0.2915E+01  0.2909E+01  0.2902E+01  0.2895E+01  0.2888E+01
  0.2881E+01  0.2873E+01  0.2865E+01  0.2857E+01  0.2849E+01  0.2841E+01
  0.2832E+01  0.2824E+01  0.2815E+01  0.2806E+01  0.2797E+01  0.2789E+01
  0.2780E+01  0.2771E+01  0.2760E+01  0.2748E+01  0.2730E+01  0.2700E+01
  0.2652E+01  0.2576E+01  0.2470E+01  0.2333E+01  0.2172E+01  0.1989E+01
  0.1790E+01  0.1578E+01  0.1354E+01  0.1118E+01  0.8735E+00  0.6097E+00
  0.3260E+00  0.5435E-01  0.3008E+01  0.3007E+01  0.3006E+01  0.3005E+01
  0.3004E+01  0.3003E+01  0.3002E+01  0.3001E+01  0.3000E+01  0.2998E+01
  0.2997E+01  0.2996E+01  0.2994E+01  0.2992E+01  0.2990E+01  0.2988E+01
  0.2986E+01  0.2984E+01  0.2981E+01  0.2979E+01  0.2976E+01  0.2973E+01
  0.2970E+01  0.2967E+01  0.2963E+01  0.2959E+01  0.2955E+01  0.2951E+01
  0.2947E+01  0.2942E+01  0.2937E+01  0.2932E+01  0.2927E+01  0.2921E+01
  0.2915E+01  0.2909E+01  0.2902E+01  0.2895E+01  0.2888E+01  0.2881E+01
  0.2873E+01  0.2865E+01  0.2857E+01  0.2849E+01  0.2841E+01  0.2832E+01
  0.2824E+01  0.2815E+01  0.2806E+01  0.2797E+01  0.2789E+01  0.2780E+01
  0.2771E+01  0.2760E+01  0.2748E+01  0.2730E+01  0.2700E+01  0.2652E+01
  0.2576E+01  0.2470E+01  0.2333E+01  0.2172E+01  0.1989E+01  0.1790E+01
  0.1578E+01  0.1354E+01  0.1118E+01  0.8735E+00  0.6097E+00  0.3260E+00
  0.5435E-01  0.3008E+01  0.3007E+01  0.3006E+01  0.3005E+01  0.3004E+01
  0.3003E+01  0.3002E+01  0.3001E+01  0.3000E+01  0.2998E+01  0.2997E+01
  0.2996E+01  0.2994E+01  0.2992E+01  0.2990E+01  0.2988E+01  0.2986E+01
  0.2984E+01  0.2981E+01  0.2979E+01  0.2976E+01  0.2973E+01  0.2970E+01
  0.2967E+01  0.2963E+01  0.2959E+01  0.2955E+01  0.2951E+01  0.2947E+01
  0.2942E+01  0.2937E+01  0.2932E+01  0.2927E+01  0.2921E+01  0.2915E+01
  0.2909E+01  0.2902E+01  0.2895E+01  0.2888E+01  0.2881E+01  0.2873E+01
  0.2865E+01  0.2857E+01  0.2849E+01  0.2841E+01  0.2832E+01  0.2824E+01
  0.2815E+01  0.2806E+01  0.2797E+01  0.2789E+01  0.2780E+01  0.2771E+01
  0.2760E+01  0.2748E+01  0.2730E+01  0.2700E+01  0.2652E+01  0.2576E+01
  0.2470E+01  0.2333E+01  0.2172E+01  0.1989E+01  0.1790E+01  0.1578E+01
  0.1354E+01  0.1118E+01  0.8735E+00  0.6097E+00  0.3260E+00  0.5435E-01
  0.3008E+01  0.3007E+01  0.3006E+01  0.3005E+01  0.3004E+01  0.3003E+01
  0.3002E+01  0.3001E+01  0.3000E+01  0.2998E+01  0.2997E+01  0.2996E+01
  0.2994E+01  0.2992E+01  0.2990E+01  0.2988E+01  0.2986E+01  0.2984E+01
  0.2981E+01  0.2979E+01  0.2976E+01  0.2973E+01  0.2970E+01  0.2967E+01
  0.2963E+01  0.2959E+01  0.2955E+01  0.2951E+01  0.2947E+01  0.2942E+01
  0.2937E+01  0.2932E+01  0.2927E+01  0.2921E+01  0.2915E+01  0.2909E+01
  0.2902E+01  0.2895E+01  0.2888E+01  0.2881E+01  0.2873E+01  0.2865E+01
  0.2857E+01  0.2849E+01  0.2841E+01  0.2832E+01  0.2824E+01  0.2815E+01
  0.2806E+01  0.2797E+01  0.2789E+01  0.2780E+01  0.2771E+01  0.2760E+01
  0.2748E+01  0.2730E+01  0.2700E+01  0.2652E+01  0.2576E+01  0.2470E+01
  0.2333E+01  0.2172E+01  0.1989E+01  0.1790E+01  0.1578E+01  0.1354E+01
  0.1118E+01  0.8735E+00  0.6097E+00  0.3260E+00  0.5435E-01  0.3008E+01
  0.3007E+01  0.3006E+01  0.3005E+01  0.3004E+01  0.3003E+01  0.3002E+01
  0.3001E+01  0.3000E+01  0.2998E+01  0.2997E+01  0.2996E+01  0.2994E+01
  0.2992E+01  0.2990E+01  0.2988E+01  0.2986E+01  0.2984E+01  0.2981E+01
  0.2979E+01  0.2976E+01  0.2973E+01  0.2970E+01  0.2967E+01  0.2963E+01
  0.2959E+01  0.2955E+01  0.2951E+01  0.2947E+01  0.2942E+01  0.2937E+01
  0.2932E+01  0.2927E+01  0.2921E+01  0.2915E+01  0.2909E+01  0.2902E+01
  0.2895E+01  0.2888E+01  0.2881E+01  0.2873E+01  0.2865E+01  0.2857E+01
  0.2849E+01  0.2841E+01  0.2832E+01  0.2824E+01  0.2815E+01  0.2806E+01
  0.2797E+01  0.2789E+01  0.2780E+01  0.2771E+01  0.2760E+01  0.2748E+01
  0.2730E+01  0.2700E+01  0.2652E+01  0.2576E+01  0.2470E+01  0.2333E+01
  0.2172E+01  0.1989E+01  0.1790E+01  0.1578E+01  0.1354E+01  0.1118E+01
  0.8735E+00  0.6097E+00  0.3260E+00  0.5435E-01  0.3008E+01  0.3007E+01
  0.3006E+01  0.3005E+01  0.3004E+01  0.3003E+01  0.3002E+01  0.3001E+01
  0.3000E+01  0.2998E+01  0.2997E+01  0.2996E+01  0.2994E+01  0.2992E+01
  0.2990E+01  0.2988E+01  0.2986E+01  0.2984E+01  0.2981E+01  0.2979E+01
  0.2976E+01  0.2973E+01  0.2970E+01  0.2967E+01  0.2963E+01  0.2959E+01
  0.2955E+01  0.2951E+01  0.2947E+01  0.2942E+01  0.2937E+01  0.2932E+01
  0.2927E+01  0.2921E+01  0.2915E+01  0.2909E+01  0.2902E+01  0.2895E+01
  0.2888E+01  0.2881E+01  0.2873E+01  0.2865E+01  0.2857E+01  0.2849E+01
  0.2841E+01  0.2832E+01  0.2824E+01  0.2815E+01  0.2806E+01  0.2797E+01
  0.2789E+01  0.2780E+01  0.2771E+01  0.2760E+01  0.2748E+01  0.2730E+01
  0.2700E+01  0.2652E+01  0.2576E+01  0.2470E+01  0.2333E+01  0.2172E+01
  0.1989E+01  0.1790E+01  0.1578E+01  0.1354E+01  0.1118E+01  0.8735E+00
  0.6097E+00  0.3260E+00  0.5435E-01  0.3008E+01  0.3007E+01  0.3006E+01
  0.3005E+01  0.3004E+01  0.3003E+01  0.3002E+01  0.3001E+01  0.3000E+01
  0.2998E+01  0.2997E+01  0.2996E+01  0.2994E+01  0.2992E+01  0.2990E+01
  0.2988E+01  0.2986E+01  0.2984E+01  0.2981E+01  0.2979E+01  0.2976E+01
  0.2973E+01  0.2970E+01  0.2967E+01  0.2963E+01  0.2959E+01  0.2955E+01
  0.2951E+01  0.2947E+01  0.2942E+01  0.2937E+01  0.2932E+01  0.2927E+01
  0.2921E+01  0.2915E+01  0.2909E+01  0.2902E+01  0.2895E+01  0.2888E+01
  0.2881E+01  0.2873E+01  0.2865E+01  0.2857E+01  0.2849E+01  0.2841E+01
  0.2832E+01  0.2824E+01  0.2815E+01  0.2806E+01  0.2797E+01  0.2789E+01
  0.2780E+01  0.2771E+01  0.2760E+01  0.2748E+01  0.2730E+01  0.2700E+01
  0.2652E+01  0.2576E+01  0.2470E+01  0.2333E+01  0.2172E+01  0.1989E+01
  0.1790E+01  0.1578E+01  0.1354E+01  0.1118E+01  0.8735E+00  0.6097E+00
  0.3260E+00  0.5435E-01  0.3008E+01  0.3007E+01  0.3006E+01  0.3005E+01
  0.3004E+01  0.3003E+01  0.3002E+01  0.3001E+01  0.3000E+01  0.2998E+01
  0.2997E+01  0.2996E+01  0.2994E+01  0.2992E+01  0.2990E+01  0.2988E+01
  0.2986E+01  0.2984E+01  0.2981E+01  0.2979E+01  0.2976E+01  0.2973E+01
  0.2970E+01  0.2967E+01  0.2963E+01  0.2959E+01  0.2955E+01  0.2951E+01
  0.2947E+01  0.2942E+01  0.2937E+01  0.2932E+01  0.2927E+01  0.2921E+01
  0.2915E+01  0.2909E+01  0.2902E+01  0.2895E+01  0.2888E+01  0.2881E+01
  0.2873E+01  0.2865E+01  0.2857E+01  0.2849E+01  0.2841E+01  0.2832E+01
  0.2824E+01  0.2815E+01  0.2806E+01  0.2797E+01  0.2789E+01  0.2780E+01
  0.2771E+01  0.2760E+01  0.2748E+01  0.2730E+01  0.2700E+01  0.2652E+01
  0.2576E+01  0.2470E+01  0.2333E+01  0.2172E+01  0.1989E+01  0.1790E+01
  0.1578E+01  0.1354E+01  0.1118E+01  0.8735E+00  0.6097E+00  0.3260E+00
  0.5435E-01  0.3008E+01  0.3007E+01  0.3006E+01  0.3005E+01  0.3004E+01
  0.3003E+01  0.3002E+01  0.3001E+01  0.3000E+01  0.2998E+01  0.2997E+01
  0.2996E+01  0.2994E+01  0.2992E+01  0.2990E+01  0.2988E+01  0.2986E+01
  0.2984E+01  0.2981E+01  0.2979E+01  0.2976E+01  0.2973E+01  0.2970E+01
  0.2967E+01  0.2963E+01  0.2959E+01  0.2955E+01  0.2951E+01  0.2947E+01
  0.2942E+01  0.2937E+01  0.2932E+01  0.2927E+01  0.2921E+01  0.2915E+01
  0.2909E+01  0.2902E+01  0.2895E+01  0.2888E+01  0.2881E+01  0.2873E+01
  0.2865E+01  0.2857E+01  0.2849E+01  0.2841E+01  0.2832E+01  0.2824E+01
  0.2815E+01  0.2806E+01  0.2797E+01  0.2789E+01  0.2780E+01  0.2771E+01
  0.2760E+01  0.2748E+01  0.2730E+01  0.2700E+01  0.2652E+01  0.2576E+01
  0.2470E+01  0.2333E+01  0.2172E+01  0.1989E+01  0.1790E+01  0.1578E+01
  0.1354E+01  0.1118E+01  0.8735E+00  0.6097E+00  0.3260E+00  0.5435E-01
  0.3008E+01  0.3007E+01  0.3006E+01  0.3005E+01  0.3004E+01  0.3003E+01
  0.3002E+01  0.3001E+01  0.3000E+01  0.2998E+01  0.2997E+01  0.2996E+01
  0.2994E+01  0.2992E+01  0.2990E+01  0.2988E+01  0.2986E+01  0.2984E+01
  0.2981E+01  0.2979E+01  0.2976E+01  0.2973E+01  0.2970E+01  0.2967E+01
  0.2963E+01  0.2959E+01  0.2955E+01  0.2951E+01  0.2947E+01  0.2942E+01
  0.2937E+01  0.2932E+01  0.2927E+01  0.2921E+01  0.2915E+01  0.2909E+01
  0.2902E+01  0.2895E+01  0.2888E+01  0.2881E+01  0.2873E+01  0.2865E+01
  0.2857E+01  0.2849E+01  0.2841E+01  0.2832E+01  0.2824E+01  0.2815E+01
  0.2806E+01  0.2797E+01  0.2789E+01  0.2780E+01  0.2771E+01  0.2760E+01
  0.2748E+01  0.2730E+01  0.2700E+01  0.2652E+01  0.2576E+01  0.2470E+01
  0.2333E+01  0.2172E+01  0.1989E+01  0.1790E+01  0.1578E+01  0.1354E+01
  0.1118E+01  0.8735E+00  0.6097E+00  0.3260E+00  0.5436E-01  0.3008E+01
  0.3007E+01  0.3006E+01  0.3005E+01  0.3004E+01  0.3003E+01  0.3002E+01
  0.3001E+01  0.3000E+01  0.2998E+01  0.2997E+01  0.2996E+01  0.2994E+01
  0.2992E+01  0.2990E+01  0.2988E+01  0.2986E+01  0.2984E+01  0.2981E+01
  0.2979E+01  0.2976E+01  0.2973E+01  0.2970E+01  0.2967E+01  0.2963E+01
  0.2959E+01  0.2955E+01  0.2951E+01  0.2947E+01  0.2942E+01  0.2937E+01
  0.2932E+01  0.2927E+01  0.2921E+01  0.2915E+01  0.2909E+01  0.2902E+01
  0.2895E+01  0.2888E+01  0.2881E+01  0.2873E+01  0.2865E+01  0.2857E+01
  0.2849E+01  0.2841E+01  0.2832E+01  0.2824E+01  0.2815E+01  0.2806E+01
  0.2797E+01  0.2789E+01  0.2780E+01  0.2771E+01  0.2760E+01  0.2748E+01
  0.2730E+01  0.2700E+01  0.2651E+01  0.2576E+01  0.2470E+01  0.2333E+01
  0.2171E+01  0.1989E+01  0.1790E+01  0.1578E+01  0.1354E+01  0.1118E+01
  0.8735E+00  0.6097E+00  0.3260E+00  0.5436E-01  0.3008E+01  0.3007E+01
  0.3006E+01  0.3005E+01  0.3004E+01  0.3003E+01  0.3002E+01  0.3001E+01
  0.3000E+01  0.2998E+01  0.2997E+01  0.2996E+01  0.2994E+01  0.2992E+01
  0.2990E+01  0.2988E+01  0.2986E+01  0.2984E+01  0.2981E+01  0.2979E+01
  0.2976E+01  0.2973E+01  0.2970E+01  0.2967E+01  0.2963E+01  0.2959E+01
  0.2955E+01  0.2951E+01  0.2947E+01  0.2942E+01  0.2937E+01  0.2932E+01
  0.2927E+01  0.2921E+01  0.2915E+01  0.2909E+01  0.2902E+01  0.2895E+01
  0.2888E+01  0.2881E+01  0.2873E+01  0.2865E+01  0.2857E+01  0.2849E+01
  0.2841E+01  0.2832E+01  0.2824E+01  0.2815E+01  0.2806E+01  0.2797E+01
  0.2789E+01  0.2780E+01  0.2770E+01  0.2760E+01  0.2748E+01  0.2730E+01
  0.2700E+01  0.2651E+01  0.2576E+01  0.2470E+01  0.2333E+01  0.2171E+01
  0.1989E+01  0.1790E+01  0.1578E+01  0.1354E+01  0.1118E+01  0.8735E+00
  0.6097E+00  0.3260E+00  0.5437E-01  0.3008E+01  0.3007E+01  0.3006E+01
  0.3005E+01  0.3004E+01  0.3003E+01  0.3002E+01  0.3001E+01  0.3000E+01
  0.2998E+01  0.2997E+01  0.2996E+01  0.2994E+01  0.2992E+01  0.2990E+01
  0.2988E+01  0.2986E+01  0.2984E+01  0.2981E+01  0.2979E+01  0.2976E+01
  0.2973E+01  0.2970E+01  0.2967E+01  0.2963E+01  0.2959E+01  0.2955E+01
  0.2951E+01  0.2947E+01  0.2942E+01  0.2937E+01  0.2932E+01  0.2927E+01
  0.2921E+01  0.2915E+01  0.2909E+01  0.2902E+01  0.2895E+01  0.2888E+01
  0.2881E+01  0.2873E+01  0.2865E+01  0.2857E+01  0.2849E+01  0.2841E+01
  0.2832E+01  0.2824E+01  0.2815E+01  0.2806E+01  0.2797E+01  0.2788E+01
  0.2780E+01  0.2770E+01  0.2760E+01  0.2748E+01  0.2730E+01  0.2700E+01
  0.2651E+01  0.2576E+01  0.2470E+01  0.2333E+01  0.2172E+01  0.1989E+01
  0.1790E+01  0.1578E+01  0.1354E+01  0.1118E+01  0.8735E+00  0.6097E+00
  0.3260E+00  0.5436E-01  0.3008E+01  0.3007E+01  0.3006E+01  0.3005E+01
  0.3004E+01  0.3003E+01  0.3002E+01  0.3001E+01  0.3000E+01  0.2998E+01
  0.2997E+01  0.2996E+01  0.2994E+01  0.2992E+01  0.2990E+01  0.2988E+01
  0.2986E+01  0.2984E+01  0.2981E+01  0.2979E+01  0.2976E+01  0.2973E+01
  0.2970E+01  0.2967E+01  0.2963E+01  0.2959E+01  0.2955E+01  0.2951E+01
  0.2947E+01  0.2942E+01  0.2937E+01  0.2932E+01  0.2926E+01  0.2921E+01
  0.2915E+01  0.2908E+01  0.2902E+01  0.2895E+01  0.2888E+01  0.2881E+01
  0.2873E+01  0.2865E+01  0.2857E+01  0.2849E+01  0.2841E+01  0.2832E+01
  0.2824E+01  0.2815E+01  0.2806E+01  0.2797E+01  0.2789E+01  0.2780E+01
  0.2771E+01  0.2761E+01  0.2748E+01  0.2730E+01  0.2701E+01  0.2652E+01
  0.2576E+01  0.2470E+01  0.2334E+01  0.2172E+01  0.1989E+01  0.1790E+01
  0.1578E+01  0.1354E+01  0.1118E+01  0.8735E+00  0.6097E+00  0.3260E+00
  0.5435E-01  0.3008E+01  0.3007E+01  0.3006E+01  0.3005E+01  0.3004E+01
  0.3003E+01  0.3002E+01  0.3001E+01  0.3000E+01  0.2998E+01  0.2997E+01
  0.2996E+01  0.2994E+01  0.2992E+01  0.2990E+01  0.2988E+01  0.2986E+01
  0.2984E+01  0.2981E+01  0.2979E+01  0.2976E+01  0.2973E+01  0.2970E+01
  0.2967E+01  0.2963E+01  0.2959E+01  0.2955E+01  0.2951E+01  0.2947E+01
  0.2942E+01  0.2937E+01  0.2932E+01  0.2926E+01  0.2921E+01  0.2915E+01
  0.2908E+01  0.2902E+01  0.2895E+01  0.2888E+01  0.2880E+01  0.2873E+01
  0.2865E+01  0.2857E+01  0.2849E+01  0.2841E+01  0.2832E+01  0.2824E+01
  0.2815E+01  0.2806E+01  0.2798E+01  0.2789E+01  0.2780E+01  0.2771E+01
  0.2761E+01  0.2749E+01  0.2731E+01  0.2701E+01  0.2652E+01  0.2577E+01
  0.2470E+01  0.2334E+01  0.2172E+01  0.1989E+01  0.1791E+01  0.1578E+01
  0.1354E+01  0.1118E+01  0.8735E+00  0.6097E+00  0.3260E+00  0.5433E-01
  0.3008E+01  0.3007E+01  0.3006E+01  0.3005E+01  0.3004E+01  0.3003E+01
  0.3002E+01  0.3001E+01  0.3000E+01  0.2998E+01  0.2997E+01  0.2996E+01
  0.2994E+01  0.2992E+01  0.2990E+01  0.2988E+01  0.2986E+01  0.2984E+01
  0.2981E+01  0.2979E+01  0.2976E+01  0.2973E+01  0.2970E+01  0.2967E+01
  0.2963E+01  0.2959E+01  0.2955E+01  0.2951E+01  0.2947E+01  0.2942E+01
  0.2937E+01  0.2932E+01  0.2926E+01  0.2920E+01  0.2914E+01  0.2908E+01
  0.2902E+01  0.2895E+01  0.2888E+01  0.2881E+01  0.2873E+01  0.2865E+01
  0.2857E+01  0.2849E+01  0.2841E+01  0.2833E+01  0.2824E+01  0.2816E+01
  0.2807E+01  0.2798E+01  0.2790E+01  0.2781E+01  0.2772E+01  0.2762E+01
  0.2749E+01  0.2731E+01  0.2702E+01  0.2653E+01  0.2577E+01  0.2471E+01
  0.2334E+01  0.2172E+01  0.1989E+01  0.1791E+01  0.1578E+01  0.1354E+01
  0.1118E+01  0.8735E+00  0.6097E+00  0.3260E+00  0.5433E-01  0.3008E+01
  0.3007E+01  0.3006E+01  0.3005E+01  0.3004E+01  0.3003E+01  0.3002E+01
  0.3001E+01  0.3000E+01  0.2998E+01  0.2997E+01  0.2996E+01  0.2994E+01
  0.2992E+01  0.2990E+01  0.2988E+01  0.2986E+01  0.2984E+01  0.2981E+01
  0.2979E+01  0.2976E+01  0.2973E+01  0.2970E+01  0.2966E+01  0.2963E+01
  0.2959E+01  0.2955E+01  0.2951E+01  0.2946E+01  0.2942E+01  0.2937E+01
  0.2932E+01  0.2926E+01  0.2921E+01  0.2915E+01  0.2908E+01  0.2902E+01
  0.2895E+01  0.2888E+01  0.2881E+01  0.2874E+01  0.2866E+01  0.2859E+01
  0.2851E+01  0.2842E+01  0.2834E+01  0.2826E+01  0.2817E+01  0.2809E+01
  0.2800E+01  0.2791E+01  0.2783E+01  0.2774E+01  0.2764E+01  0.2751E+01
  0.2733E+01  0.2703E+01  0.2654E+01  0.2578E+01  0.2471E+01  0.2335E+01
  0.2172E+01  0.1989E+01  0.1791E+01  0.1578E+01  0.1354E+01  0.1118E+01
  0.8735E+00  0.6097E+00  0.3260E+00  0.5434E-01  0.3008E+01  0.3007E+01
  0.3006E+01  0.3005E+01  0.3004E+01  0.3003E+01  0.3002E+01  0.3001E+01
  0.3000E+01  0.2998E+01  0.2997E+01  0.2995E+01  0.2994E+01  0.2992E+01
  0.2990E+01  0.2988E+01  0.2986E+01  0.2984E+01  0.2981E+01  0.2978E+01
  0.2976E+01  0.2973E+01  0.2969E+01  0.2966E+01  0.2963E+01  0.2959E+01
  0.2955E+01  0.2951E+01  0.2947E+01  0.2942E+01  0.2937E+01  0.2932E+01
  0.2927E+01  0.2922E+01  0.2916E+01  0.2910E+01  0.2904E+01  0.2897E+01
  0.2891E+01  0.2884E+01  0.2876E+01  0.2869E+01  0.2861E+01  0.2854E+01
  0.2845E+01  0.2837E+01  0.2829E+01  0.2820E+01  0.2812E+01  0.2803E+01
  0.2795E+01  0.2786E+01  0.2777E+01  0.2767E+01  0.2754E+01  0.2736E+01
  0.2706E+01  0.2656E+01  0.2579E+01  0.2472E+01  0.2335E+01  0.2172E+01
  0.1989E+01  0.1791E+01  0.1579E+01  0.1354E+01  0.1118E+01  0.8736E+00
  0.6097E+00  0.3260E+00  0.5436E-01  0.3008E+01  0.3007E+01  0.3006E+01
  0.3005E+01  0.3004E+01  0.3003E+01  0.3002E+01  0.3001E+01  0.3000E+01
  0.2998E+01  0.2997E+01  0.2995E+01  0.2994E+01  0.2992E+01  0.2990E+01
  0.2988E+01  0.2986E+01  0.2983E+01  0.2981E+01  0.2978E+01  0.2976E+01
  0.2973E+01  0.2970E+01  0.2967E+01  0.2964E+01  0.2960E+01  0.2957E+01
  0.2953E+01  0.2949E+01  0.2945E+01  0.2940E+01  0.2936E+01  0.2931E+01
  0.2926E+01  0.2920E+01  0.2914E+01  0.2908E+01  0.2902E+01  0.2895E+01
  0.2888E+01  0.2881E+01  0.2874E+01  0.2866E+01  0.2858E+01  0.2850E+01
  0.2841E+01  0.2833E+01  0.2824E+01  0.2815E+01  0.2806E+01  0.2797E+01
  0.2788E+01  0.2779E+01  0.2768E+01  0.2755E+01  0.2736E+01  0.2705E+01
  0.2655E+01  0.2578E+01  0.2471E+01  0.2334E+01  0.2172E+01  0.1989E+01
  0.1790E+01  0.1578E+01  0.1354E+01  0.1118E+01  0.8735E+00  0.6097E+00
  0.3260E+00  0.5433E-01  0.3008E+01  0.3007E+01  0.3006E+01  0.3005E+01
  0.3004E+01  0.3003E+01  0.3002E+01  0.3001E+01  0.3000E+01  0.2998E+01
  0.2997E+01  0.2995E+01  0.2993E+01  0.2992E+01  0.2990E+01  0.2988E+01
  0.2986E+01  0.2985E+01  0.2983E+01  0.2981E+01  0.2978E+01  0.2976E+01
  0.2974E+01  0.2971E+01  0.2968E+01  0.2965E+01  0.2962E+01  0.2959E+01
  0.2955E+01  0.2951E+01  0.2947E+01  0.2942E+01  0.2937E+01  0.2932E+01
  0.2926E+01  0.2920E+01  0.2914E+01  0.2907E+01  0.2900E+01  0.2892E+01
  0.2884E+01  0.2876E+01  0.2868E+01  0.2859E+01  0.2850E+01  0.2841E+01
  0.2831E+01  0.2821E+01  0.2811E+01  0.2801E+01  0.2791E+01  0.2781E+01
  0.2770E+01  0.2759E+01  0.2745E+01  0.2725E+01  0.2695E+01  0.2646E+01
  0.2570E+01  0.2465E+01  0.2329E+01  0.2168E+01  0.1987E+01  0.1789E+01
  0.1577E+01  0.1353E+01  0.1118E+01  0.8731E+00  0.6095E+00  0.3259E+00
  0.5436E-01  0.3008E+01  0.3007E+01  0.3006E+01  0.3005E+01  0.3004E+01
  0.3003E+01  0.3002E+01  0.3001E+01  0.3000E+01  0.2999E+01  0.2998E+01
  0.2997E+01  0.2996E+01  0.2995E+01  0.2994E+01  0.2993E+01  0.2992E+01
  0.2990E+01  0.2989E+01  0.2988E+01  0.2986E+01  0.2984E+01  0.2982E+01
  0.2979E+01  0.2976E+01  0.2973E+01  0.2970E+01  0.2966E+01  0.2961E+01
  0.2957E+01  0.2951E+01  0.2946E+01  0.2940E+01  0.2933E+01  0.2926E+01
  0.2919E+01  0.2911E+01  0.2903E+01  0.2895E+01  0.2886E+01  0.2876E+01
  0.2866E+01  0.2856E+01  0.2846E+01  0.2835E+01  0.2825E+01  0.2814E+01
  0.2802E+01  0.2791E+01  0.2780E+01  0.2768E+01  0.2757E+01  0.2745E+01
  0.2733E+01  0.2718E+01  0.2699E+01  0.2670E+01  0.2624E+01  0.2553E+01
  0.2452E+01  0.2321E+01  0.2163E+01  0.1983E+01  0.1786E+01  0.1575E+01
  0.1352E+01  0.1117E+01  0.8725E+00  0.6092E+00  0.3258E+00  0.5471E-01
  0.3008E+01  0.3007E+01  0.3006E+01  0.3005E+01  0.3005E+01  0.3004E+01
  0.3004E+01  0.3004E+01  0.3004E+01  0.3004E+01  0.3004E+01  0.3004E+01
  0.3004E+01  0.3004E+01  0.3004E+01  0.3003E+01  0.3002E+01  0.3001E+01
  0.2999E+01  0.2997E+01  0.2995E+01  0.2992E+01  0.2988E+01  0.2984E+01
  0.2980E+01  0.2975E+01  0.2969E+01  0.2964E+01  0.2957E+01  0.2950E+01
  0.2943E+01  0.2936E+01  0.2927E+01  0.2919E+01  0.2910E+01  0.2900E+01
  0.2890E+01  0.2880E+01  0.2870E+01  0.2859E+01  0.2848E+01  0.2836E+01
  0.2825E+01  0.2813E+01  0.2801E+01  0.2789E+01  0.2776E+01  0.2764E+01
  0.2752E+01  0.2739E+01  0.2727E+01  0.2715E+01  0.2702E+01  0.2690E+01
  0.2676E+01  0.2658E+01  0.2632E+01  0.2591E+01  0.2527E+01  0.2433E+01
  0.2308E+01  0.2154E+01  0.1978E+01  0.1782E+01  0.1573E+01  0.1350E+01
  0.1115E+01  0.8717E+00  0.6087E+00  0.3256E+00  0.5525E-01  0.3008E+01
  0.3007E+01  0.3007E+01  0.3008E+01  0.3010E+01  0.3011E+01  0.3013E+01
  0.3015E+01  0.3016E+01  0.3017E+01  0.3017E+01  0.3017E+01  0.3016E+01
  0.3014E+01  0.3012E+01  0.3009E+01  0.3006E+01  0.3001E+01  0.2997E+01
  0.2991E+01  0.2985E+01  0.2979E+01  0.2972E+01  0.2965E+01  0.2957E+01
  0.2949E+01  0.2940E+01  0.2931E+01  0.2921E+01  0.2911E+01  0.2901E+01
  0.2891E+01  0.2880E+01  0.2869E+01  0.2857E+01  0.2846E+01  0.2834E+01
  0.2821E+01  0.2809E+01  0.2796E+01  0.2783E+01  0.2770E+01  0.2757E+01
  0.2744E+01  0.2731E+01  0.2717E+01  0.2704E+01  0.2690E+01  0.2677E+01
  0.2664E+01  0.2651E+01  0.2638E+01  0.2625E+01  0.2612E+01  0.2598E+01
  0.2583E+01  0.2561E+01  0.2528E+01  0.2475E+01  0.2394E+01  0.2281E+01
  0.2137E+01  0.1967E+01  0.1776E+01  0.1568E+01  0.1347E+01  0.1113E+01
  0.8702E+00  0.6079E+00  0.3253E+00  0.5556E-01  0.3008E+01  0.3006E+01
  0.3010E+01  0.3014E+01  0.3017E+01  0.3018E+01  0.3017E+01  0.3014E+01
  0.3010E+01  0.3005E+01  0.2999E+01  0.2991E+01  0.2983E+01  0.2974E+01
  0.2965E+01  0.2955E+01  0.2944E+01  0.2934E+01  0.2922E+01  0.2911E+01
  0.2899E+01  0.2887E+01  0.2875E+01  0.2863E+01  0.2850E+01  0.2837E+01
  0.2825E+01  0.2812E+01  0.2798E+01  0.2785E+01  0.2772E+01  0.2758E+01
  0.2745E+01  0.2731E+01  0.2717E+01  0.2703E+01  0.2689E+01  0.2675E+01
  0.2660E+01  0.2646E+01  0.2632E+01  0.2617E+01  0.2603E+01  0.2588E+01
  0.2574E+01  0.2559E+01  0.2545E+01  0.2531E+01  0.2517E+01  0.2503E+01
  0.2489E+01  0.2475E+01  0.2462E+01  0.2449E+01  0.2436E+01  0.2423E+01
  0.2408E+01  0.2387E+01  0.2354E+01  0.2298E+01  0.2212E+01  0.2092E+01
  0.1939E+01  0.1759E+01  0.1557E+01  0.1339E+01  0.1108E+01  0.8666E+00
  0.6061E+00  0.3247E+00  0.5613E-01  0.3008E+01  0.2981E+01  0.2955E+01
  0.2931E+01  0.2907E+01  0.2884E+01  0.2862E+01  0.2841E+01  0.2820E+01
  0.2800E+01  0.2781E+01  0.2762E+01  0.2744E+01  0.2727E+01  0.2710E+01
  0.2693E+01  0.2677E+01  0.2661E+01  0.2646E+01  0.2630E+01  0.2616E+01
  0.2601E+01  0.2587E+01  0.2573E+01  0.2559E+01  0.2545E+01  0.2532E+01
  0.2518E+01  0.2505E+01  0.2492E+01  0.2479E+01  0.2466E+01  0.2453E+01
  0.2440E+01  0.2427E+01  0.2415E+01  0.2402E+01  0.2389E+01  0.2376E+01
  0.2364E+01  0.2351E+01  0.2339E+01  0.2326E+01  0.2313E+01  0.2301E+01
  0.2289E+01  0.2276E+01  0.2264E+01  0.2252E+01  0.2241E+01  0.2229E+01
  0.2218E+01  0.2207E+01  0.2196E+01  0.2185E+01  0.2175E+01  0.2166E+01
  0.2155E+01  0.2140E+01  0.2115E+01  0.2069E+01  0.1990E+01  0.1873E+01
  0.1720E+01  0.1535E+01  0.1327E+01  0.1100E+01  0.8617E+00  0.6070E+00
  0.3298E+00  0.8042E-01  0.3008E+01  0.2126E+01  0.2126E+01  0.2125E+01
  0.2124E+01  0.2124E+01  0.2123E+01  0.2122E+01  0.2121E+01  0.2120E+01
  0.2119E+01  0.2118E+01  0.2117E+01  0.2115E+01  0.2114E+01  0.2113E+01
  0.2111E+01  0.2109E+01  0.2108E+01  0.2106E+01  0.2104E+01  0.2101E+01
  0.2099E+01  0.2097E+01  0.2094E+01  0.2091E+01  0.2088E+01  0.2085E+01
  0.2082E+01  0.2078E+01  0.2075E+01  0.2071E+01  0.2067E+01  0.2063E+01
  0.2058E+01  0.2053E+01  0.2048E+01  0.2043E+01  0.2038E+01  0.2032E+01
  0.2026E+01  0.2020E+01  0.2014E+01  0.2008E+01  0.2001E+01  0.1995E+01
  0.1988E+01  0.1981E+01  0.1974E+01  0.1967E+01  0.1959E+01  0.1952E+01
  0.1945E+01  0.1937E+01  0.1930E+01  0.1922E+01  0.1915E+01  0.1908E+01
  0.1900E+01  0.1890E+01  0.1873E+01  0.1837E+01  0.1767E+01  0.1654E+01
  0.1498E+01  0.1306E+01  0.1085E+01  0.8454E+00  0.5906E+00  0.3177E+00
  0.1811E-01
