  0.4440E+01  0.4439E+01  0.4439E+01  0.4438E+01  0.4437E+01  0.4436E+01
  0.4436E+01  0.4435E+01  0.4434E+01  0.4432E+01  0.4431E+01  0.4430E+01
  0.4429E+01  0.4427E+01  0.4426E+01  0.4424E+01  0.4423E+01  0.4421E+01
  0.4419E+01  0.4417E+01  0.4415E+01  0.4413E+01  0.4410E+01  0.4408E+01
  0.4405E+01  0.4403E+01  0.4400E+01  0.4397E+01  0.4393E+01  0.4390E+01
  0.4386E+01  0.4383E+01  0.4379E+01  0.4375E+01  0.4370E+01  0.4366E+01
  0.4361E+01  0.4357E+01  0.4352E+01  0.4347E+01  0.4342E+01  0.4337E+01
  0.4331E+01  0.4326E+01  0.4321E+01  0.4316E+01  0.4310E+01  0.4305E+01
  0.4300E+01  0.4295E+01  0.4291E+01  0.4286E+01  0.4283E+01  0.4279E+01
  0.4276E+01  0.4274E+01  0.4273E+01  0.4272E+01  0.4274E+01  0.4280E+01
  0.4298E+01  0.4342E+01  0.4426E+01  0.4548E+01  0.4679E+01  0.4781E+01
  0.4832E+01  0.4821E+01  0.4800E+01  0.4798E+01  0.4195E+01  0.4440E+01
  0.4439E+01  0.4439E+01  0.4438E+01  0.4437E+01  0.4437E+01  0.4436E+01
  0.4435E+01  0.4434E+01  0.4433E+01  0.4432E+01  0.4431E+01  0.4429E+01
  0.4428E+01  0.4427E+01  0.4425E+01  0.4424E+01  0.4422E+01  0.4420E+01
  0.4418E+01  0.4416E+01  0.4414E+01  0.4412E+01  0.4410E+01  0.4407E+01
  0.4405E+01  0.4402E+01  0.4399E+01  0.4396E+01  0.4393E+01  0.4390E+01
  0.4386E+01  0.4383E+01  0.4379E+01  0.4375E+01  0.4371E+01  0.4367E+01
  0.4363E+01  0.4359E+01  0.4354E+01  0.4350E+01  0.4345E+01  0.4341E+01
  0.4336E+01  0.4332E+01  0.4328E+01  0.4323E+01  0.4319E+01  0.4316E+01
  0.4312E+01  0.4309E+01  0.4306E+01  0.4304E+01  0.4303E+01  0.4302E+01
  0.4303E+01  0.4305E+01  0.4310E+01  0.4322E+01  0.4349E+01  0.4401E+01
  0.4485E+01  0.4590E+01  0.4694E+01  0.4772E+01  0.4811E+01  0.4812E+01
  0.4776E+01  0.4751E+01  0.4795E+01  0.4838E+01  0.4440E+01  0.4439E+01
  0.4439E+01  0.4438E+01  0.4437E+01  0.4437E+01  0.4436E+01  0.4435E+01
  0.4434E+01  0.4433E+01  0.4432E+01  0.4431E+01  0.4429E+01  0.4428E+01
  0.4427E+01  0.4425E+01  0.4424E+01  0.4422E+01  0.4420E+01  0.4418E+01
  0.4416E+01  0.4414E+01  0.4412E+01  0.4410E+01  0.4407E+01  0.4405E+01
  0.4402E+01  0.4399E+01  0.4396E+01  0.4393E+01  0.4390E+01  0.4387E+01
  0.4383E+01  0.4379E+01  0.4376E+01  0.4372E+01  0.4368E+01  0.4363E+01
  0.4359E+01  0.4355E+01  0.4351E+01  0.4346E+01  0.4342E+01  0.4337E+01
  0.4333E+01  0.4329E+01  0.4325E+01  0.4321E+01  0.4318E+01  0.4314E+01
  0.4311E+01  0.4309E+01  0.4307E+01  0.4306E+01  0.4306E+01  0.4308E+01
  0.4314E+01  0.4328E+01  0.4357E+01  0.4410E+01  0.4491E+01  0.4588E+01
  0.4678E+01  0.4741E+01  0.4772E+01  0.4780E+01  0.4772E+01  0.4741E+01
  0.4708E+01  0.4704E+01  0.3840E+01  0.4440E+01  0.4439E+01  0.4439E+01
  0.4438E+01  0.4437E+01  0.4437E+01  0.4436E+01  0.4435E+01  0.4434E+01
  0.4433E+01  0.4432E+01  0.4430E+01  0.4429E+01  0.4428E+01  0.4427E+01
  0.4425E+01  0.4423E+01  0.4422E+01  0.4420E+01  0.4418E+01  0.4416E+01
  0.4414E+01  0.4412E+01  0.4410E+01  0.4407E+01  0.4404E+01  0.4402E+01
  0.4399E+01  0.4396E+01  0.4393E+01  0.4390E+01  0.4386E+01  0.4383E+01
  0.4379E+01  0.4375E+01  0.4371E+01  0.4367E+01  0.4363E+01  0.4359E+01
  0.4354E+01  0.4350E+01  0.4346E+01  0.4341E+01  0.4337E+01  0.4332E+01
  0.4328E+01  0.4324E+01  0.4320E+01  0.4317E+01  0.4313E+01  0.4310E+01
  0.4308E+01  0.4306E+01  0.4305E+01  0.4306E+01  0.4311E+01  0.4322E+01
  0.4347E+01  0.4393E+01  0.4463E+01  0.4550E+01  0.4636E+01  0.4701E+01
  0.4742E+01  0.4765E+01  0.4776E+01  0.4774E+01  0.4746E+01  0.4708E+01
  0.4702E+01  0.2740E+01  0.4440E+01  0.4439E+01  0.4439E+01  0.4438E+01
  0.4437E+01  0.4437E+01  0.4436E+01  0.4435E+01  0.4434E+01  0.4433E+01
  0.4432E+01  0.4430E+01  0.4429E+01  0.4428E+01  0.4426E+01  0.4425E+01
  0.4423E+01  0.4422E+01  0.4420E+01  0.4418E+01  0.4416E+01  0.4414E+01
  0.4412E+01  0.4409E+01  0.4407E+01  0.4404E+01  0.4401E+01  0.4399E+01
  0.4396E+01  0.4392E+01  0.4389E+01  0.4386E+01  0.4382E+01  0.4378E+01
  0.4374E+01  0.4370E+01  0.4366E+01  0.4362E+01  0.4358E+01  0.4354E+01
  0.4349E+01  0.4345E+01  0.4340E+01  0.4336E+01  0.4331E+01  0.4327E+01
  0.4323E+01  0.4319E+01  0.4315E+01  0.4312E+01  0.4309E+01  0.4306E+01
  0.4305E+01  0.4304E+01  0.4306E+01  0.4313E+01  0.4329E+01  0.4361E+01
  0.4415E+01  0.4491E+01  0.4576E+01  0.4652E+01  0.4708E+01  0.4744E+01
  0.4769E+01  0.4783E+01  0.4782E+01  0.4755E+01  0.4716E+01  0.4710E+01
  0.2491E+01  0.4440E+01  0.4439E+01  0.4439E+01  0.4438E+01  0.4437E+01
  0.4437E+01  0.4436E+01  0.4435E+01  0.4434E+01  0.4433E+01  0.4432E+01
  0.4430E+01  0.4429E+01  0.4428E+01  0.4426E+01  0.4425E+01  0.4423E+01
  0.4422E+01  0.4420E+01  0.4418E+01  0.4416E+01  0.4414E+01  0.4412E+01
  0.4409E+01  0.4407E+01  0.4404E+01  0.4401E+01  0.4398E+01  0.4395E+01
  0.4392E+01  0.4389E+01  0.4385E+01  0.4382E+01  0.4378E+01  0.4374E+01
  0.4370E+01  0.4366E+01  0.4362E+01  0.4357E+01  0.4353E+01  0.4348E+01
  0.4344E+01  0.4339E+01  0.4335E+01  0.4330E+01  0.4326E+01  0.4322E+01
  0.4318E+01  0.4314E+01  0.4310E+01  0.4307E+01  0.4305E+01  0.4303E+01
  0.4303E+01  0.4305E+01  0.4313E+01  0.4332E+01  0.4368E+01  0.4427E+01
  0.4505E+01  0.4588E+01  0.4659E+01  0.4711E+01  0.4746E+01  0.4772E+01
  0.4788E+01  0.4787E+01  0.4761E+01  0.4785E+01  0.4827E+01  0.4075E+01
  0.4440E+01  0.4439E+01  0.4439E+01  0.4438E+01  0.4437E+01  0.4437E+01
  0.4436E+01  0.4435E+01  0.4434E+01  0.4433E+01  0.4432E+01  0.4430E+01
  0.4429E+01  0.4428E+01  0.4426E+01  0.4425E+01  0.4423E+01  0.4422E+01
  0.4420E+01  0.4418E+01  0.4416E+01  0.4414E+01  0.4412E+01  0.4409E+01
  0.4407E+01  0.4404E+01  0.4401E+01  0.4398E+01  0.4395E+01  0.4392E+01
  0.4389E+01  0.4385E+01  0.4381E+01  0.4378E+01  0.4374E+01  0.4370E+01
  0.4365E+01  0.4361E+01  0.4357E+01  0.4352E+01  0.4348E+01  0.4343E+01
  0.4339E+01  0.4334E+01  0.4329E+01  0.4325E+01  0.4321E+01  0.4316E+01
  0.4313E+01  0.4309E+01  0.4306E+01  0.4303E+01  0.4301E+01  0.4301E+01
  0.4304E+01  0.4313E+01  0.4334E+01  0.4373E+01  0.4434E+01  0.4512E+01
  0.4593E+01  0.4661E+01  0.4710E+01  0.4746E+01  0.4772E+01  0.4788E+01
  0.4788E+01  0.4761E+01  0.4788E+01  0.4836E+01  0.4228E+01  0.4440E+01
  0.4439E+01  0.4439E+01  0.4438E+01  0.4437E+01  0.4437E+01  0.4436E+01
  0.4435E+01  0.4434E+01  0.4433E+01  0.4432E+01  0.4430E+01  0.4429E+01
  0.4428E+01  0.4426E+01  0.4425E+01  0.4423E+01  0.4422E+01  0.4420E+01
  0.4418E+01  0.4416E+01  0.4414E+01  0.4412E+01  0.4409E+01  0.4407E+01
  0.4404E+01  0.4401E+01  0.4398E+01  0.4395E+01  0.4392E+01  0.4389E+01
  0.4385E+01  0.4381E+01  0.4378E+01  0.4374E+01  0.4370E+01  0.4365E+01
  0.4361E+01  0.4357E+01  0.4352E+01  0.4348E+01  0.4343E+01  0.4338E+01
  0.4334E+01  0.4329E+01  0.4324E+01  0.4320E+01  0.4316E+01  0.4312E+01
  0.4308E+01  0.4305E+01  0.4302E+01  0.4300E+01  0.4300E+01  0.4303E+01
  0.4312E+01  0.4334E+01  0.4374E+01  0.4436E+01  0.4514E+01  0.4594E+01
  0.4660E+01  0.4708E+01  0.4743E+01  0.4770E+01  0.4786E+01  0.4785E+01
  0.4759E+01  0.4786E+01  0.4834E+01  0.4252E+01  0.4440E+01  0.4439E+01
  0.4439E+01  0.4438E+01  0.4437E+01  0.4437E+01  0.4436E+01  0.4435E+01
  0.4434E+01  0.4433E+01  0.4432E+01  0.4430E+01  0.4429E+01  0.4428E+01
  0.4426E+01  0.4425E+01  0.4423E+01  0.4422E+01  0.4420E+01  0.4418E+01
  0.4416E+01  0.4414E+01  0.4412E+01  0.4409E+01  0.4407E+01  0.4404E+01
  0.4401E+01  0.4398E+01  0.4395E+01  0.4392E+01  0.4389E+01  0.4385E+01
  0.4382E+01  0.4378E+01  0.4374E+01  0.4370E+01  0.4365E+01  0.4361E+01
  0.4357E+01  0.4352E+01  0.4348E+01  0.4343E+01  0.4338E+01  0.4334E+01
  0.4329E+01  0.4324E+01  0.4320E+01  0.4316E+01  0.4312E+01  0.4308E+01
  0.4304E+01  0.4302E+01  0.4300E+01  0.4299E+01  0.4302E+01  0.4312E+01
  0.4333E+01  0.4373E+01  0.4435E+01  0.4514E+01  0.4593E+01  0.4659E+01
  0.4707E+01  0.4741E+01  0.4767E+01  0.4783E+01  0.4783E+01  0.4756E+01
  0.4784E+01  0.4833E+01  0.4258E+01  0.4440E+01  0.4439E+01  0.4439E+01
  0.4438E+01  0.4437E+01  0.4437E+01  0.4436E+01  0.4435E+01  0.4434E+01
  0.4433E+01  0.4432E+01  0.4430E+01  0.4429E+01  0.4428E+01  0.4426E+01
  0.4425E+01  0.4423E+01  0.4422E+01  0.4420E+01  0.4418E+01  0.4416E+01
  0.4414E+01  0.4412E+01  0.4409E+01  0.4407E+01  0.4404E+01  0.4401E+01
  0.4398E+01  0.4395E+01  0.4392E+01  0.4389E+01  0.4385E+01  0.4382E+01
  0.4378E+01  0.4374E+01  0.4370E+01  0.4365E+01  0.4361E+01  0.4357E+01
  0.4352E+01  0.4348E+01  0.4343E+01  0.4338E+01  0.4334E+01  0.4329E+01
  0.4324E+01  0.4320E+01  0.4316E+01  0.4312E+01  0.4308E+01  0.4304E+01
  0.4302E+01  0.4300E+01  0.4299E+01  0.4302E+01  0.4311E+01  0.4332E+01
  0.4372E+01  0.4434E+01  0.4513E+01  0.4592E+01  0.4658E+01  0.4706E+01
  0.4740E+01  0.4766E+01  0.4782E+01  0.4781E+01  0.4755E+01  0.4782E+01
  0.4831E+01  0.4252E+01  0.4440E+01  0.4439E+01  0.4439E+01  0.4438E+01
  0.4437E+01  0.4437E+01  0.4436E+01  0.4435E+01  0.4434E+01  0.4433E+01
  0.4432E+01  0.4430E+01  0.4429E+01  0.4428E+01  0.4426E+01  0.4425E+01
  0.4423E+01  0.4422E+01  0.4420E+01  0.4418E+01  0.4416E+01  0.4414E+01
  0.4412E+01  0.4409E+01  0.4407E+01  0.4404E+01  0.4401E+01  0.4398E+01
  0.4395E+01  0.4392E+01  0.4389E+01  0.4385E+01  0.4382E+01  0.4378E+01
  0.4374E+01  0.4370E+01  0.4366E+01  0.4361E+01  0.4357E+01  0.4352E+01
  0.4348E+01  0.4343E+01  0.4338E+01  0.4334E+01  0.4329E+01  0.4324E+01
  0.4320E+01  0.4316E+01  0.4312E+01  0.4308E+01  0.4304E+01  0.4302E+01
  0.4300E+01  0.4299E+01  0.4302E+01  0.4311E+01  0.4332E+01  0.4372E+01
  0.4433E+01  0.4512E+01  0.4592E+01  0.4658E+01  0.4706E+01  0.4740E+01
  0.4766E+01  0.4781E+01  0.4780E+01  0.4754E+01  0.4782E+01  0.4831E+01
  0.4246E+01  0.4440E+01  0.4439E+01  0.4439E+01  0.4438E+01  0.4437E+01
  0.4437E+01  0.4436E+01  0.4435E+01  0.4434E+01  0.4433E+01  0.4432E+01
  0.4430E+01  0.4429E+01  0.4428E+01  0.4426E+01  0.4425E+01  0.4423E+01
  0.4422E+01  0.4420E+01  0.4418E+01  0.4416E+01  0.4414E+01  0.4412E+01
  0.4409E+01  0.4407E+01  0.4404E+01  0.4401E+01  0.4398E+01  0.4395E+01
  0.4392E+01  0.4389E+01  0.4385E+01  0.4382E+01  0.4378E+01  0.4374E+01
  0.4370E+01  0.4366E+01  0.4361E+01  0.4357E+01  0.4352E+01  0.4348E+01
  0.4343E+01  0.4338E+01  0.4334E+01  0.4329E+01  0.4324E+01  0.4320E+01
  0.4316E+01  0.4312E+01  0.4308E+01  0.4305E+01  0.4302E+01  0.4300E+01
  0.4299E+01  0.4302E+01  0.4311E+01  0.4332E+01  0.4371E+01  0.4433E+01
  0.4511E+01  0.4591E+01  0.4658E+01  0.4705E+01  0.4740E+01  0.4765E+01
  0.4781E+01  0.4780E+01  0.4753E+01  0.4781E+01  0.4830E+01  0.4245E+01
  0.4440E+01  0.4439E+01  0.4439E+01  0.4438E+01  0.4437E+01  0.4437E+01
  0.4436E+01  0.4435E+01  0.4434E+01  0.4433E+01  0.4432E+01  0.4430E+01
  0.4429E+01  0.4428E+01  0.4426E+01  0.4425E+01  0.4423E+01  0.4422E+01
  0.4420E+01  0.4418E+01  0.4416E+01  0.4414E+01  0.4412E+01  0.4409E+01
  0.4407E+01  0.4404E+01  0.4401E+01  0.4398E+01  0.4395E+01  0.4392E+01
  0.4389E+01  0.4385E+01  0.4382E+01  0.4378E+01  0.4374E+01  0.4370E+01
  0.4366E+01  0.4361E+01  0.4357E+01  0.4352E+01  0.4348E+01  0.4343E+01
  0.4338E+01  0.4334E+01  0.4329E+01  0.4325E+01  0.4320E+01  0.4316E+01
  0.4312E+01  0.4308E+01  0.4305E+01  0.4302E+01  0.4300E+01  0.4299E+01
  0.4302E+01  0.4311E+01  0.4332E+01  0.4371E+01  0.4433E+01  0.4511E+01
  0.4591E+01  0.4657E+01  0.4705E+01  0.4739E+01  0.4765E+01  0.4781E+01
  0.4779E+01  0.4753E+01  0.4781E+01  0.4830E+01  0.4246E+01  0.4440E+01
  0.4439E+01  0.4439E+01  0.4438E+01  0.4437E+01  0.4437E+01  0.4436E+01
  0.4435E+01  0.4434E+01  0.4433E+01  0.4432E+01  0.4430E+01  0.4429E+01
  0.4428E+01  0.4426E+01  0.4425E+01  0.4423E+01  0.4422E+01  0.4420E+01
  0.4418E+01  0.4416E+01  0.4414E+01  0.4412E+01  0.4409E+01  0.4407E+01
  0.4404E+01  0.4401E+01  0.4398E+01  0.4395E+01  0.4392E+01  0.4389E+01
  0.4385E+01  0.4382E+01  0.4378E+01  0.4374E+01  0.4370E+01  0.4366E+01
  0.4361E+01  0.4357E+01  0.4352E+01  0.4348E+01  0.4343E+01  0.4338E+01
  0.4334E+01  0.4329E+01  0.4325E+01  0.4320E+01  0.4316E+01  0.4312E+01
  0.4308E+01  0.4305E+01  0.4302E+01  0.4300E+01  0.4299E+01  0.4302E+01
  0.4311E+01  0.4332E+01  0.4371E+01  0.4433E+01  0.4511E+01  0.4591E+01
  0.4657E+01  0.4705E+01  0.4739E+01  0.4765E+01  0.4780E+01  0.4779E+01
  0.4753E+01  0.4781E+01  0.4830E+01  0.4247E+01  0.4440E+01  0.4439E+01
  0.4439E+01  0.4438E+01  0.4437E+01  0.4437E+01  0.4436E+01  0.4435E+01
  0.4434E+01  0.4433E+01  0.4432E+01  0.4430E+01  0.4429E+01  0.4428E+01
  0.4426E+01  0.4425E+01  0.4423E+01  0.4422E+01  0.4420E+01  0.4418E+01
  0.4416E+01  0.4414E+01  0.4412E+01  0.4409E+01  0.4407E+01  0.4404E+01
  0.4401E+01  0.4398E+01  0.4395E+01  0.4392E+01  0.4389E+01  0.4385E+01
  0.4382E+01  0.4378E+01  0.4374E+01  0.4370E+01  0.4366E+01  0.4361E+01
  0.4357E+01  0.4352E+01  0.4348E+01  0.4343E+01  0.4338E+01  0.4334E+01
  0.4329E+01  0.4325E+01  0.4320E+01  0.4316E+01  0.4312E+01  0.4308E+01
  0.4305E+01  0.4302E+01  0.4300E+01  0.4299E+01  0.4302E+01  0.4311E+01
  0.4332E+01  0.4371E+01  0.4433E+01  0.4511E+01  0.4591E+01  0.4657E+01
  0.4705E+01  0.4739E+01  0.4765E+01  0.4780E+01  0.4779E+01  0.4753E+01
  0.4780E+01  0.4830E+01  0.4247E+01  0.4440E+01  0.4439E+01  0.4439E+01
  0.4438E+01  0.4437E+01  0.4437E+01  0.4436E+01  0.4435E+01  0.4434E+01
  0.4433E+01  0.4432E+01  0.4430E+01  0.4429E+01  0.4428E+01  0.4426E+01
  0.4425E+01  0.4423E+01  0.4422E+01  0.4420E+01  0.4418E+01  0.4416E+01
  0.4414E+01  0.4412E+01  0.4409E+01  0.4407E+01  0.4404E+01  0.4401E+01
  0.4398E+01  0.4395E+01  0.4392E+01  0.4389E+01  0.4385E+01  0.4382E+01
  0.4378E+01  0.4374E+01  0.4370E+01  0.4366E+01  0.4361E+01  0.4357E+01
  0.4352E+01  0.4348E+01  0.4343E+01  0.4338E+01  0.4334E+01  0.4329E+01
  0.4325E+01  0.4320E+01  0.4316E+01  0.4312E+01  0.4308E+01  0.4305E+01
  0.4302E+01  0.4300E+01  0.4299E+01  0.4302E+01  0.4311E+01  0.4332E+01
  0.4371E+01  0.4433E+01  0.4511E+01  0.4591E+01  0.4657E+01  0.4705E+01
  0.4739E+01  0.4765E+01  0.4781E+01  0.4779E+01  0.4753E+01  0.4781E+01
  0.4830E+01  0.4247E+01  0.4440E+01  0.4439E+01  0.4439E+01  0.4438E+01
  0.4437E+01  0.4437E+01  0.4436E+01  0.4435E+01  0.4434E+01  0.4433E+01
  0.4432E+01  0.4430E+01  0.4429E+01  0.4428E+01  0.4426E+01  0.4425E+01
  0.4423E+01  0.4422E+01  0.4420E+01  0.4418E+01  0.4416E+01  0.4414E+01
  0.4412E+01  0.4409E+01  0.4407E+01  0.4404E+01  0.4401E+01  0.4398E+01
  0.4395E+01  0.4392E+01  0.4389E+01  0.4385E+01  0.4382E+01  0.4378E+01
  0.4374E+01  0.4370E+01  0.4366E+01  0.4361E+01  0.4357E+01  0.4352E+01
  0.4348E+01  0.4343E+01  0.4338E+01  0.4334E+01  0.4329E+01  0.4325E+01
  0.4320E+01  0.4316E+01  0.4312E+01  0.4308E+01  0.4305E+01  0.4302E+01
  0.4300E+01  0.4299E+01  0.4302E+01  0.4311E+01  0.4332E+01  0.4371E+01
  0.4433E+01  0.4511E+01  0.4591E+01  0.4657E+01  0.4705E+01  0.4739E+01
  0.4765E+01  0.4781E+01  0.4779E+01  0.4753E+01  0.4781E+01  0.4830E+01
  0.4247E+01  0.4440E+01  0.4439E+01  0.4439E+01  0.4438E+01  0.4437E+01
  0.4437E+01  0.4436E+01  0.4435E+01  0.4434E+01  0.4433E+01  0.4432E+01
  0.4430E+01  0.4429E+01  0.4428E+01  0.4426E+01  0.4425E+01  0.4423E+01
  0.4422E+01  0.4420E+01  0.4418E+01  0.4416E+01  0.4414E+01  0.4412E+01
  0.4409E+01  0.4407E+01  0.4404E+01  0.4401E+01  0.4398E+01  0.4395E+01
  0.4392E+01  0.4389E+01  0.4385E+01  0.4382E+01  0.4378E+01  0.4374E+01
  0.4370E+01  0.4366E+01  0.4361E+01  0.4357E+01  0.4352E+01  0.4348E+01
  0.4343E+01  0.4338E+01  0.4334E+01  0.4329E+01  0.4325E+01  0.4320E+01
  0.4316E+01  0.4312E+01  0.4308E+01  0.4305E+01  0.4302E+01  0.4300E+01
  0.4299E+01  0.4302E+01  0.4311E+01  0.4332E+01  0.4371E+01  0.4433E+01
  0.4511E+01  0.4591E+01  0.4657E+01  0.4705E+01  0.4739E+01  0.4765E+01
  0.4781E+01  0.4779E+01  0.4753E+01  0.4781E+01  0.4830E+01  0.4247E+01
  0.4440E+01  0.4439E+01  0.4439E+01  0.4438E+01  0.4437E+01  0.4437E+01
  0.4436E+01  0.4435E+01  0.4434E+01  0.4433E+01  0.4432E+01  0.4430E+01
  0.4429E+01  0.4428E+01  0.4426E+01  0.4425E+01  0.4423E+01  0.4422E+01
  0.4420E+01  0.4418E+01  0.4416E+01  0.4414E+01  0.4412E+01  0.4409E+01
  0.4407E+01  0.4404E+01  0.4401E+01  0.4398E+01  0.4395E+01  0.4392E+01
  0.4389E+01  0.4385E+01  0.4382E+01  0.4378E+01  0.4374E+01  0.4370E+01
  0.4366E+01  0.4361E+01  0.4357E+01  0.4352E+01  0.4348E+01  0.4343E+01
  0.4338E+01  0.4334E+01  0.4329E+01  0.4325E+01  0.4320E+01  0.4316E+01
  0.4312E+01  0.4308E+01  0.4305E+01  0.4302E+01  0.4300E+01  0.4299E+01
  0.4302E+01  0.4311E+01  0.4332E+01  0.4371E+01  0.4433E+01  0.4511E+01
  0.4591E+01  0.4657E+01  0.4705E+01  0.4739E+01  0.4765E+01  0.4781E+01
  0.4779E+01  0.4753E+01  0.4781E+01  0.4830E+01  0.4247E+01  0.4440E+01
  0.4439E+01  0.4439E+01  0.4438E+01  0.4437E+01  0.4437E+01  0.4436E+01
  0.4435E+01  0.4434E+01  0.4433E+01  0.4432E+01  0.4430E+01  0.4429E+01
  0.4428E+01  0.4426E+01  0.4425E+01  0.4423E+01  0.4422E+01  0.4420E+01
  0.4418E+01  0.4416E+01  0.4414E+01  0.4412E+01  0.4409E+01  0.4407E+01
  0.4404E+01  0.4401E+01  0.4398E+01  0.4395E+01  0.4392E+01  0.4389E+01
  0.4385E+01  0.4382E+01  0.4378E+01  0.4374E+01  0.4370E+01  0.4366E+01
  0.4361E+01  0.4357E+01  0.4352E+01  0.4348E+01  0.4343E+01  0.4338E+01
  0.4334E+01  0.4329E+01  0.4325E+01  0.4320E+01  0.4316E+01  0.4312E+01
  0.4308E+01  0.4305E+01  0.4302E+01  0.4300E+01  0.4299E+01  0.4302E+01
  0.4311E+01  0.4332E+01  0.4371E+01  0.4433E+01  0.4511E+01  0.4591E+01
  0.4657E+01  0.4705E+01  0.4739E+01  0.4765E+01  0.4781E+01  0.4779E+01
  0.4753E+01  0.4781E+01  0.4830E+01  0.4247E+01  0.4440E+01  0.4439E+01
  0.4439E+01  0.4438E+01  0.4437E+01  0.4437E+01  0.4436E+01  0.4435E+01
  0.4434E+01  0.4433E+01  0.4432E+01  0.4430E+01  0.4429E+01  0.4428E+01
  0.4426E+01  0.4425E+01  0.4423E+01  0.4422E+01  0.4420E+01  0.4418E+01
  0.4416E+01  0.4414E+01  0.4412E+01  0.4409E+01  0.4407E+01  0.4404E+01
  0.4401E+01  0.4398E+01  0.4395E+01  0.4392E+01  0.4389E+01  0.4385E+01
  0.4382E+01  0.4378E+01  0.4374E+01  0.4370E+01  0.4366E+01  0.4361E+01
  0.4357E+01  0.4352E+01  0.4348E+01  0.4343E+01  0.4338E+01  0.4334E+01
  0.4329E+01  0.4325E+01  0.4320E+01  0.4316E+01  0.4312E+01  0.4308E+01
  0.4305E+01  0.4302E+01  0.4300E+01  0.4299E+01  0.4302E+01  0.4311E+01
  0.4332E+01  0.4371E+01  0.4433E+01  0.4511E+01  0.4591E+01  0.4657E+01
  0.4705E+01  0.4739E+01  0.4765E+01  0.4781E+01  0.4779E+01  0.4753E+01
  0.4781E+01  0.4830E+01  0.4247E+01  0.4440E+01  0.4439E+01  0.4439E+01
  0.4438E+01  0.4437E+01  0.4437E+01  0.4436E+01  0.4435E+01  0.4434E+01
  0.4433E+01  0.4432E+01  0.4430E+01  0.4429E+01  0.4428E+01  0.4426E+01
  0.4425E+01  0.4423E+01  0.4422E+01  0.4420E+01  0.4418E+01  0.4416E+01
  0.4414E+01  0.4412E+01  0.4409E+01  0.4407E+01  0.4404E+01  0.4401E+01
  0.4398E+01  0.4395E+01  0.4392E+01  0.4389E+01  0.4385E+01  0.4382E+01
  0.4378E+01  0.4374E+01  0.4370E+01  0.4366E+01  0.4361E+01  0.4357E+01
  0.4352E+01  0.4348E+01  0.4343E+01  0.4338E+01  0.4334E+01  0.4329E+01
  0.4325E+01  0.4320E+01  0.4316E+01  0.4312E+01  0.4308E+01  0.4305E+01
  0.4302E+01  0.4300E+01  0.4299E+01  0.4302E+01  0.4311E+01  0.4332E+01
  0.4371E+01  0.4433E+01  0.4511E+01  0.4591E+01  0.4657E+01  0.4705E+01
  0.4739E+01  0.4765E+01  0.4781E+01  0.4779E+01  0.4753E+01  0.4781E+01
  0.4830E+01  0.4247E+01  0.4440E+01  0.4439E+01  0.4439E+01  0.4438E+01
  0.4437E+01  0.4437E+01  0.4436E+01  0.4435E+01  0.4434E+01  0.4433E+01
  0.4432E+01  0.4430E+01  0.4429E+01  0.4428E+01  0.4426E+01  0.4425E+01
  0.4423E+01  0.4422E+01  0.4420E+01  0.4418E+01  0.4416E+01  0.4414E+01
  0.4412E+01  0.4409E+01  0.4407E+01  0.4404E+01  0.4401E+01  0.4398E+01
  0.4395E+01  0.4392E+01  0.4389E+01  0.4385E+01  0.4382E+01  0.4378E+01
  0.4374E+01  0.4370E+01  0.4366E+01  0.4361E+01  0.4357E+01  0.4352E+01
  0.4348E+01  0.4343E+01  0.4338E+01  0.4334E+01  0.4329E+01  0.4325E+01
  0.4320E+01  0.4316E+01  0.4312E+01  0.4308E+01  0.4305E+01  0.4302E+01
  0.4300E+01  0.4299E+01  0.4302E+01  0.4311E+01  0.4332E+01  0.4371E+01
  0.4433E+01  0.4511E+01  0.4591E+01  0.4657E+01  0.4705E+01  0.4739E+01
  0.4765E+01  0.4781E+01  0.4779E+01  0.4753E+01  0.4781E+01  0.4830E+01
  0.4247E+01  0.4440E+01  0.4439E+01  0.4439E+01  0.4438E+01  0.4437E+01
  0.4437E+01  0.4436E+01  0.4435E+01  0.4434E+01  0.4433E+01  0.4432E+01
  0.4430E+01  0.4429E+01  0.4428E+01  0.4426E+01  0.4425E+01  0.4423E+01
  0.4422E+01  0.4420E+01  0.4418E+01  0.4416E+01  0.4414E+01  0.4412E+01
  0.4409E+01  0.4407E+01  0.4404E+01  0.4401E+01  0.4398E+01  0.4395E+01
  0.4392E+01  0.4389E+01  0.4385E+01  0.4382E+01  0.4378E+01  0.4374E+01
  0.4370E+01  0.4366E+01  0.4361E+01  0.4357E+01  0.4352E+01  0.4348E+01
  0.4343E+01  0.4338E+01  0.4334E+01  0.4329E+01  0.4325E+01  0.4320E+01
  0.4316E+01  0.4312E+01  0.4308E+01  0.4305E+01  0.4302E+01  0.4300E+01
  0.4299E+01  0.4302E+01  0.4311E+01  0.4332E+01  0.4371E+01  0.4433E+01
  0.4511E+01  0.4591E+01  0.4657E+01  0.4705E+01  0.4739E+01  0.4765E+01
  0.4781E+01  0.4779E+01  0.4753E+01  0.4781E+01  0.4830E+01  0.4247E+01
  0.4440E+01  0.4439E+01  0.4439E+01  0.4438E+01  0.4437E+01  0.4437E+01
  0.4436E+01  0.4435E+01  0.4434E+01  0.4433E+01  0.4432E+01  0.4430E+01
  0.4429E+01  0.4428E+01  0.4426E+01  0.4425E+01  0.4423E+01  0.4422E+01
  0.4420E+01  0.4418E+01  0.4416E+01  0.4414E+01  0.4412E+01  0.4409E+01
  0.4407E+01  0.4404E+01  0.4401E+01  0.4398E+01  0.4395E+01  0.4392E+01
  0.4389E+01  0.4385E+01  0.4382E+01  0.4378E+01  0.4374E+01  0.4370E+01
  0.4366E+01  0.4361E+01  0.4357E+01  0.4352E+01  0.4348E+01  0.4343E+01
  0.4338E+01  0.4334E+01  0.4329E+01  0.4325E+01  0.4320E+01  0.4316E+01
  0.4312E+01  0.4308E+01  0.4305E+01  0.4302E+01  0.4300E+01  0.4299E+01
  0.4302E+01  0.4311E+01  0.4332E+01  0.4371E+01  0.4433E+01  0.4511E+01
  0.4591E+01  0.4657E+01  0.4705E+01  0.4739E+01  0.4765E+01  0.4781E+01
  0.4779E+01  0.4753E+01  0.4781E+01  0.4830E+01  0.4247E+01  0.4440E+01
  0.4439E+01  0.4439E+01  0.4438E+01  0.4437E+01  0.4437E+01  0.4436E+01
  0.4435E+01  0.4434E+01  0.4433E+01  0.4432E+01  0.4430E+01  0.4429E+01
  0.4428E+01  0.4426E+01  0.4425E+01  0.4423E+01  0.4422E+01  0.4420E+01
  0.4418E+01  0.4416E+01  0.4414E+01  0.4412E+01  0.4409E+01  0.4407E+01
  0.4404E+01  0.4401E+01  0.4398E+01  0.4395E+01  0.4392E+01  0.4389E+01
  0.4385E+01  0.4382E+01  0.4378E+01  0.4374E+01  0.4370E+01  0.4366E+01
  0.4361E+01  0.4357E+01  0.4352E+01  0.4348E+01  0.4343E+01  0.4338E+01
  0.4334E+01  0.4329E+01  0.4325E+01  0.4320E+01  0.4316E+01  0.4312E+01
  0.4308E+01  0.4305E+01  0.4302E+01  0.4300E+01  0.4299E+01  0.4302E+01
  0.4311E+01  0.4332E+01  0.4371E+01  0.4433E+01  0.4511E+01  0.4591E+01
  0.4657E+01  0.4705E+01  0.4739E+01  0.4765E+01  0.4781E+01  0.4779E+01
  0.4753E+01  0.4781E+01  0.4830E+01  0.4247E+01  0.4440E+01  0.4439E+01
  0.4439E+01  0.4438E+01  0.4437E+01  0.4437E+01  0.4436E+01  0.4435E+01
  0.4434E+01  0.4433E+01  0.4432E+01  0.4430E+01  0.4429E+01  0.4428E+01
  0.4426E+01  0.4425E+01  0.4423E+01  0.4422E+01  0.4420E+01  0.4418E+01
  0.4416E+01  0.4414E+01  0.4412E+01  0.4409E+01  0.4407E+01  0.4404E+01
  0.4401E+01  0.4398E+01  0.4395E+01  0.4392E+01  0.4389E+01  0.4385E+01
  0.4382E+01  0.4378E+01  0.4374E+01  0.4370E+01  0.4366E+01  0.4361E+01
  0.4357E+01  0.4352E+01  0.4348E+01  0.4343E+01  0.4338E+01  0.4334E+01
  0.4329E+01  0.4325E+01  0.4320E+01  0.4316E+01  0.4312E+01  0.4308E+01
  0.4305E+01  0.4302E+01  0.4300E+01  0.4299E+01  0.4302E+01  0.4311E+01
  0.4332E+01  0.4371E+01  0.4433E+01  0.4511E+01  0.4591E+01  0.4657E+01
  0.4705E+01  0.4739E+01  0.4765E+01  0.4781E+01  0.4779E+01  0.4753E+01
  0.4781E+01  0.4830E+01  0.4247E+01  0.4440E+01  0.4439E+01  0.4439E+01
  0.4438E+01  0.4437E+01  0.4437E+01  0.4436E+01  0.4435E+01  0.4434E+01
  0.4433E+01  0.4432E+01  0.4430E+01  0.4429E+01  0.4428E+01  0.4426E+01
  0.4425E+01  0.4423E+01  0.4422E+01  0.4420E+01  0.4418E+01  0.4416E+01
  0.4414E+01  0.4412E+01  0.4409E+01  0.4407E+01  0.4404E+01  0.4401E+01
  0.4398E+01  0.4395E+01  0.4392E+01  0.4389E+01  0.4385E+01  0.4382E+01
  0.4378E+01  0.4374E+01  0.4370E+01  0.4366E+01  0.4361E+01  0.4357E+01
  0.4352E+01  0.4348E+01  0.4343E+01  0.4338E+01  0.4334E+01  0.4329E+01
  0.4325E+01  0.4320E+01  0.4316E+01  0.4312E+01  0.4308E+01  0.4305E+01
  0.4302E+01  0.4300E+01  0.4299E+01  0.4302E+01  0.4311E+01  0.4332E+01
  0.4371E+01  0.4433E+01  0.4511E+01  0.4591E+01  0.4657E+01  0.4705E+01
  0.4739E+01  0.4765E+01  0.4781E+01  0.4779E+01  0.4753E+01  0.4781E+01
  0.4830E+01  0.4247E+01  0.4440E+01  0.4439E+01  0.4439E+01  0.4438E+01
  0.4437E+01  0.4437E+01  0.4436E+01  0.4435E+01  0.4434E+01  0.4433E+01
  0.4432E+01  0.4430E+01  0.4429E+01  0.4428E+01  0.4426E+01  0.4425E+01
  0.4423E+01  0.4422E+01  0.4420E+01  0.4418E+01  0.4416E+01  0.4414E+01
  0.4412E+01  0.4409E+01  0.4407E+01  0.4404E+01  0.4401E+01  0.4398E+01
  0.4395E+01  0.4392E+01  0.4389E+01  0.4385E+01  0.4382E+01  0.4378E+01
  0.4374E+01  0.4370E+01  0.4366E+01  0.4361E+01  0.4357E+01  0.4352E+01
  0.4348E+01  0.4343E+01  0.4338E+01  0.4334E+01  0.4329E+01  0.4325E+01
  0.4320E+01  0.4316E+01  0.4312E+01  0.4308E+01  0.4305E+01  0.4302E+01
  0.4300E+01  0.4299E+01  0.4302E+01  0.4311E+01  0.4332E+01  0.4371E+01
  0.4433E+01  0.4511E+01  0.4591E+01  0.4657E+01  0.4705E+01  0.4739E+01
  0.4765E+01  0.4781E+01  0.4779E+01  0.4753E+01  0.4781E+01  0.4830E+01
  0.4247E+01  0.4440E+01  0.4439E+01  0.4439E+01  0.4438E+01  0.4437E+01
  0.4437E+01  0.4436E+01  0.4435E+01  0.4434E+01  0.4433E+01  0.4432E+01
  0.4430E+01  0.4429E+01  0.4428E+01  0.4426E+01  0.4425E+01  0.4423E+01
  0.4422E+01  0.4420E+01  0.4418E+01  0.4416E+01  0.4414E+01  0.4412E+01
  0.4409E+01  0.4407E+01  0.4404E+01  0.4401E+01  0.4398E+01  0.4395E+01
  0.4392E+01  0.4389E+01  0.4385E+01  0.4382E+01  0.4378E+01  0.4374E+01
  0.4370E+01  0.4366E+01  0.4361E+01  0.4357E+01  0.4352E+01  0.4348E+01
  0.4343E+01  0.4338E+01  0.4334E+01  0.4329E+01  0.4325E+01  0.4320E+01
  0.4316E+01  0.4312E+01  0.4308E+01  0.4305E+01  0.4302E+01  0.4300E+01
  0.4299E+01  0.4302E+01  0.4311E+01  0.4332E+01  0.4371E+01  0.4433E+01
  0.4511E+01  0.4591E+01  0.4657E+01  0.4705E+01  0.4739E+01  0.4765E+01
  0.4781E+01  0.4779E+01  0.4753E+01  0.4781E+01  0.4830E+01  0.4247E+01
  0.4440E+01  0.4439E+01  0.4439E+01  0.4438E+01  0.4437E+01  0.4437E+01
  0.4436E+01  0.4435E+01  0.4434E+01  0.4433E+01  0.4432E+01  0.4430E+01
  0.4429E+01  0.4428E+01  0.4426E+01  0.4425E+01  0.4423E+01  0.4422E+01
  0.4420E+01  0.4418E+01  0.4416E+01  0.4414E+01  0.4412E+01  0.4409E+01
  0.4407E+01  0.4404E+01  0.4401E+01  0.4398E+01  0.4395E+01  0.4392E+01
  0.4389E+01  0.4385E+01  0.4382E+01  0.4378E+01  0.4374E+01  0.4370E+01
  0.4366E+01  0.4361E+01  0.4357E+01  0.4352E+01  0.4348E+01  0.4343E+01
  0.4338E+01  0.4334E+01  0.4329E+01  0.4325E+01  0.4320E+01  0.4316E+01
  0.4312E+01  0.4308E+01  0.4305E+01  0.4302E+01  0.4300E+01  0.4299E+01
  0.4302E+01  0.4311E+01  0.4332E+01  0.4371E+01  0.4433E+01  0.4511E+01
  0.4591E+01  0.4657E+01  0.4705E+01  0.4739E+01  0.4765E+01  0.4781E+01
  0.4779E+01  0.4753E+01  0.4781E+01  0.4830E+01  0.4247E+01  0.4440E+01
  0.4439E+01  0.4439E+01  0.4438E+01  0.4437E+01  0.4437E+01  0.4436E+01
  0.4435E+01  0.4434E+01  0.4433E+01  0.4432E+01  0.4430E+01  0.4429E+01
  0.4428E+01  0.4426E+01  0.4425E+01  0.4423E+01  0.4422E+01  0.4420E+01
  0.4418E+01  0.4416E+01  0.4414E+01  0.4412E+01  0.4409E+01  0.4407E+01
  0.4404E+01  0.4401E+01  0.4398E+01  0.4395E+01  0.4392E+01  0.4389E+01
  0.4385E+01  0.4382E+01  0.4378E+01  0.4374E+01  0.4370E+01  0.4366E+01
  0.4361E+01  0.4357E+01  0.4352E+01  0.4348E+01  0.4343E+01  0.4338E+01
  0.4334E+01  0.4329E+01  0.4325E+01  0.4320E+01  0.4316E+01  0.4312E+01
  0.4308E+01  0.4305E+01  0.4302E+01  0.4300E+01  0.4299E+01  0.4302E+01
  0.4311E+01  0.4332E+01  0.4371E+01  0.4433E+01  0.4511E+01  0.4591E+01
  0.4657E+01  0.4705E+01  0.4739E+01  0.4765E+01  0.4781E+01  0.4779E+01
  0.4753E+01  0.4781E+01  0.4830E+01  0.4247E+01  0.4440E+01  0.4439E+01
  0.4439E+01  0.4438E+01  0.4437E+01  0.4437E+01  0.4436E+01  0.4435E+01
  0.4434E+01  0.4433E+01  0.4432E+01  0.4430E+01  0.4429E+01  0.4428E+01
  0.4426E+01  0.4425E+01  0.4423E+01  0.4422E+01  0.4420E+01  0.4418E+01
  0.4416E+01  0.4414E+01  0.4412E+01  0.4409E+01  0.4407E+01  0.4404E+01
  0.4401E+01  0.4398E+01  0.4395E+01  0.4392E+01  0.4389E+01  0.4385E+01
  0.4382E+01  0.4378E+01  0.4374E+01  0.4370E+01  0.4366E+01  0.4361E+01
  0.4357E+01  0.4352E+01  0.4348E+01  0.4343E+01  0.4338E+01  0.4334E+01
  0.4329E+01  0.4325E+01  0.4320E+01  0.4316E+01  0.4312E+01  0.4308E+01
  0.4305E+01  0.4302E+01  0.4300E+01  0.4299E+01  0.4302E+01  0.4311E+01
  0.4332E+01  0.4371E+01  0.4433E+01  0.4511E+01  0.4591E+01  0.4657E+01
  0.4705E+01  0.4739E+01  0.4765E+01  0.4781E+01  0.4779E+01  0.4753E+01
  0.4781E+01  0.4830E+01  0.4247E+01  0.4440E+01  0.4439E+01  0.4439E+01
  0.4438E+01  0.4437E+01  0.4437E+01  0.4436E+01  0.4435E+01  0.4434E+01
  0.4433E+01  0.4432E+01  0.4430E+01  0.4429E+01  0.4428E+01  0.4426E+01
  0.4425E+01  0.4423E+01  0.4422E+01  0.4420E+01  0.4418E+01  0.4416E+01
  0.4414E+01  0.4412E+01  0.4409E+01  0.4407E+01  0.4404E+01  0.4401E+01
  0.4398E+01  0.4395E+01  0.4392E+01  0.4389E+01  0.4385E+01  0.4382E+01
  0.4378E+01  0.4374E+01  0.4370E+01  0.4366E+01  0.4361E+01  0.4357E+01
  0.4352E+01  0.4348E+01  0.4343E+01  0.4338E+01  0.4334E+01  0.4329E+01
  0.4325E+01  0.4320E+01  0.4316E+01  0.4312E+01  0.4308E+01  0.4305E+01
  0.4302E+01  0.4300E+01  0.4299E+01  0.4302E+01  0.4311E+01  0.4332E+01
  0.4371E+01  0.4433E+01  0.4511E+01  0.4591E+01  0.4657E+01  0.4705E+01
  0.4739E+01  0.4765E+01  0.4781E+01  0.4779E+01  0.4753E+01  0.4781E+01
  0.4830E+01  0.4247E+01  0.4440E+01  0.4439E+01  0.4439E+01  0.4438E+01
  0.4437E+01  0.4437E+01  0.4436E+01  0.4435E+01  0.4434E+01  0.4433E+01
  0.4432E+01  0.4430E+01  0.4429E+01  0.4428E+01  0.4426E+01  0.4425E+01
  0.4423E+01  0.4422E+01  0.4420E+01  0.4418E+01  0.4416E+01  0.4414E+01
  0.4412E+01  0.4409E+01  0.4407E+01  0.4404E+01  0.4401E+01  0.4398E+01
  0.4395E+01  0.4392E+01  0.4389E+01  0.4385E+01  0.4382E+01  0.4378E+01
  0.4374E+01  0.4370E+01  0.4366E+01  0.4361E+01  0.4357E+01  0.4352E+01
  0.4348E+01  0.4343E+01  0.4338E+01  0.4334E+01  0.4329E+01  0.4325E+01
  0.4320E+01  0.4316E+01  0.4312E+01  0.4308E+01  0.4305E+01  0.4302E+01
  0.4300E+01  0.4299E+01  0.4302E+01  0.4311E+01  0.4332E+01  0.4371E+01
  0.4433E+01  0.4511E+01  0.4591E+01  0.4657E+01  0.4705E+01  0.4739E+01
  0.4765E+01  0.4781E+01  0.4779E+01  0.4753E+01  0.4781E+01  0.4830E+01
  0.4247E+01  0.4440E+01  0.4439E+01  0.4439E+01  0.4438E+01  0.4437E+01
  0.4437E+01  0.4436E+01  0.4435E+01  0.4434E+01  0.4433E+01  0.4432E+01
  0.4430E+01  0.4429E+01  0.4428E+01  0.4426E+01  0.4425E+01  0.4423E+01
  0.4422E+01  0.4420E+01  0.4418E+01  0.4416E+01  0.4414E+01  0.4412E+01
  0.4409E+01  0.4407E+01  0.4404E+01  0.4401E+01  0.4398E+01  0.4395E+01
  0.4392E+01  0.4389E+01  0.4385E+01  0.4382E+01  0.4378E+01  0.4374E+01
  0.4370E+01  0.4366E+01  0.4361E+01  0.4357E+01  0.4352E+01  0.4348E+01
  0.4343E+01  0.4338E+01  0.4334E+01  0.4329E+01  0.4325E+01  0.4320E+01
  0.4316E+01  0.4312E+01  0.4308E+01  0.4305E+01  0.4302E+01  0.4300E+01
  0.4299E+01  0.4302E+01  0.4311E+01  0.4332E+01  0.4371E+01  0.4433E+01
  0.4511E+01  0.4591E+01  0.4657E+01  0.4705E+01  0.4739E+01  0.4765E+01
  0.4781E+01  0.4779E+01  0.4753E+01  0.4781E+01  0.4830E+01  0.4247E+01
  0.4440E+01  0.4439E+01  0.4439E+01  0.4438E+01  0.4437E+01  0.4437E+01
  0.4436E+01  0.4435E+01  0.4434E+01  0.4433E+01  0.4432E+01  0.4430E+01
  0.4429E+01  0.4428E+01  0.4426E+01  0.4425E+01  0.4423E+01  0.4422E+01
  0.4420E+01  0.4418E+01  0.4416E+01  0.4414E+01  0.4412E+01  0.4409E+01
  0.4407E+01  0.4404E+01  0.4401E+01  0.4398E+01  0.4395E+01  0.4392E+01
  0.4389E+01  0.4385E+01  0.4382E+01  0.4378E+01  0.4374E+01  0.4370E+01
  0.4366E+01  0.4361E+01  0.4357E+01  0.4352E+01  0.4348E+01  0.4343E+01
  0.4338E+01  0.4334E+01  0.4329E+01  0.4325E+01  0.4320E+01  0.4316E+01
  0.4312E+01  0.4308E+01  0.4305E+01  0.4302E+01  0.4300E+01  0.4299E+01
  0.4302E+01  0.4311E+01  0.4332E+01  0.4371E+01  0.4433E+01  0.4511E+01
  0.4591E+01  0.4657E+01  0.4705E+01  0.4739E+01  0.4765E+01  0.4781E+01
  0.4779E+01  0.4753E+01  0.4781E+01  0.4830E+01  0.4247E+01  0.4440E+01
  0.4439E+01  0.4439E+01  0.4438E+01  0.4437E+01  0.4437E+01  0.4436E+01
  0.4435E+01  0.4434E+01  0.4433E+01  0.4432E+01  0.4430E+01  0.4429E+01
  0.4428E+01  0.4426E+01  0.4425E+01  0.4423E+01  0.4422E+01  0.4420E+01
  0.4418E+01  0.4416E+01  0.4414E+01  0.4412E+01  0.4409E+01  0.4407E+01
  0.4404E+01  0.4401E+01  0.4398E+01  0.4395E+01  0.4392E+01  0.4389E+01
  0.4385E+01  0.4382E+01  0.4378E+01  0.4374E+01  0.4370E+01  0.4366E+01
  0.4361E+01  0.4357E+01  0.4352E+01  0.4348E+01  0.4343E+01  0.4338E+01
  0.4334E+01  0.4329E+01  0.4325E+01  0.4320E+01  0.4316E+01  0.4312E+01
  0.4308E+01  0.4305E+01  0.4302E+01  0.4300E+01  0.4299E+01  0.4302E+01
  0.4311E+01  0.4332E+01  0.4371E+01  0.4433E+01  0.4511E+01  0.4591E+01
  0.4657E+01  0.4705E+01  0.4739E+01  0.4765E+01  0.4781E+01  0.4779E+01
  0.4753E+01  0.4781E+01  0.4830E+01  0.4247E+01  0.4440E+01  0.4439E+01
  0.4439E+01  0.4438E+01  0.4437E+01  0.4437E+01  0.4436E+01  0.4435E+01
  0.4434E+01  0.4433E+01  0.4432E+01  0.4430E+01  0.4429E+01  0.4428E+01
  0.4426E+01  0.4425E+01  0.4423E+01  0.4422E+01  0.4420E+01  0.4418E+01
  0.4416E+01  0.4414E+01  0.4412E+01  0.4409E+01  0.4407E+01  0.4404E+01
  0.4401E+01  0.4398E+01  0.4395E+01  0.4392E+01  0.4389E+01  0.4385E+01
  0.4382E+01  0.4378E+01  0.4374E+01  0.4370E+01  0.4366E+01  0.4361E+01
  0.4357E+01  0.4352E+01  0.4348E+01  0.4343E+01  0.4338E+01  0.4334E+01
  0.4329E+01  0.4325E+01  0.4320E+01  0.4316E+01  0.4312E+01  0.4308E+01
  0.4305E+01  0.4302E+01  0.4300E+01  0.4299E+01  0.4302E+01  0.4311E+01
  0.4332E+01  0.4371E+01  0.4433E+01  0.4511E+01  0.4591E+01  0.4657E+01
  0.4705E+01  0.4739E+01  0.4765E+01  0.4781E+01  0.4779E+01  0.4753E+01
  0.4781E+01  0.4830E+01  0.4247E+01  0.4440E+01  0.4439E+01  0.4439E+01
  0.4438E+01  0.4437E+01  0.4437E+01  0.4436E+01  0.4435E+01  0.4434E+01
  0.4433E+01  0.4432E+01  0.4430E+01  0.4429E+01  0.4428E+01  0.4426E+01
  0.4425E+01  0.4423E+01  0.4422E+01  0.4420E+01  0.4418E+01  0.4416E+01
  0.4414E+01  0.4412E+01  0.4409E+01  0.4407E+01  0.4404E+01  0.4401E+01
  0.4398E+01  0.4395E+01  0.4392E+01  0.4389E+01  0.4385E+01  0.4382E+01
  0.4378E+01  0.4374E+01  0.4370E+01  0.4366E+01  0.4361E+01  0.4357E+01
  0.4352E+01  0.4348E+01  0.4343E+01  0.4338E+01  0.4334E+01  0.4329E+01
  0.4325E+01  0.4320E+01  0.4316E+01  0.4312E+01  0.4308E+01  0.4305E+01
  0.4302E+01  0.4300E+01  0.4299E+01  0.4302E+01  0.4311E+01  0.4332E+01
  0.4371E+01  0.4433E+01  0.4511E+01  0.4591E+01  0.4657E+01  0.4705E+01
  0.4739E+01  0.4765E+01  0.4781E+01  0.4779E+01  0.4753E+01  0.4781E+01
  0.4830E+01  0.4247E+01  0.4440E+01  0.4439E+01  0.4439E+01  0.4438E+01
  0.4437E+01  0.4437E+01  0.4436E+01  0.4435E+01  0.4434E+01  0.4433E+01
  0.4432E+01  0.4430E+01  0.4429E+01  0.4428E+01  0.4426E+01  0.4425E+01
  0.4423E+01  0.4422E+01  0.4420E+01  0.4418E+01  0.4416E+01  0.4414E+01
  0.4412E+01  0.4409E+01  0.4407E+01  0.4404E+01  0.4401E+01  0.4398E+01
  0.4395E+01  0.4392E+01  0.4389E+01  0.4385E+01  0.4382E+01  0.4378E+01
  0.4374E+01  0.4370E+01  0.4366E+01  0.4361E+01  0.4357E+01  0.4352E+01
  0.4348E+01  0.4343E+01  0.4338E+01  0.4334E+01  0.4329E+01  0.4325E+01
  0.4320E+01  0.4316E+01  0.4312E+01  0.4308E+01  0.4305E+01  0.4302E+01
  0.4300E+01  0.4299E+01  0.4302E+01  0.4311E+01  0.4332E+01  0.4371E+01
  0.4433E+01  0.4511E+01  0.4591E+01  0.4657E+01  0.4705E+01  0.4739E+01
  0.4765E+01  0.4781E+01  0.4779E+01  0.4753E+01  0.4781E+01  0.4830E+01
  0.4247E+01  0.4440E+01  0.4439E+01  0.4439E+01  0.4438E+01  0.4437E+01
  0.4437E+01  0.4436E+01  0.4435E+01  0.4434E+01  0.4433E+01  0.4432E+01
  0.4430E+01  0.4429E+01  0.4428E+01  0.4426E+01  0.4425E+01  0.4423E+01
  0.4422E+01  0.4420E+01  0.4418E+01  0.4416E+01  0.4414E+01  0.4412E+01
  0.4409E+01  0.4407E+01  0.4404E+01  0.4401E+01  0.4398E+01  0.4395E+01
  0.4392E+01  0.4389E+01  0.4385E+01  0.4382E+01  0.4378E+01  0.4374E+01
  0.4370E+01  0.4366E+01  0.4361E+01  0.4357E+01  0.4352E+01  0.4348E+01
  0.4343E+01  0.4338E+01  0.4334E+01  0.4329E+01  0.4325E+01  0.4320E+01
  0.4316E+01  0.4312E+01  0.4308E+01  0.4305E+01  0.4302E+01  0.4300E+01
  0.4299E+01  0.4302E+01  0.4311E+01  0.4332E+01  0.4371E+01  0.4433E+01
  0.4511E+01  0.4591E+01  0.4657E+01  0.4705E+01  0.4739E+01  0.4765E+01
  0.4781E+01  0.4779E+01  0.4753E+01  0.4781E+01  0.4830E+01  0.4247E+01
  0.4440E+01  0.4439E+01  0.4439E+01  0.4438E+01  0.4437E+01  0.4437E+01
  0.4436E+01  0.4435E+01  0.4434E+01  0.4433E+01  0.4432E+01  0.4430E+01
  0.4429E+01  0.4428E+01  0.4426E+01  0.4425E+01  0.4423E+01  0.4422E+01
  0.4420E+01  0.4418E+01  0.4416E+01  0.4414E+01  0.4412E+01  0.4409E+01
  0.4407E+01  0.4404E+01  0.4401E+01  0.4398E+01  0.4395E+01  0.4392E+01
  0.4389E+01  0.4385E+01  0.4382E+01  0.4378E+01  0.4374E+01  0.4370E+01
  0.4366E+01  0.4361E+01  0.4357E+01  0.4352E+01  0.4348E+01  0.4343E+01
  0.4338E+01  0.4334E+01  0.4329E+01  0.4325E+01  0.4320E+01  0.4316E+01
  0.4312E+01  0.4308E+01  0.4305E+01  0.4302E+01  0.4300E+01  0.4299E+01
  0.4302E+01  0.4311E+01  0.4332E+01  0.4371E+01  0.4433E+01  0.4511E+01
  0.4591E+01  0.4657E+01  0.4705E+01  0.4739E+01  0.4765E+01  0.4781E+01
  0.4779E+01  0.4753E+01  0.4781E+01  0.4830E+01  0.4247E+01  0.4440E+01
  0.4439E+01  0.4439E+01  0.4438E+01  0.4437E+01  0.4437E+01  0.4436E+01
  0.4435E+01  0.4434E+01  0.4433E+01  0.4432E+01  0.4430E+01  0.4429E+01
  0.4428E+01  0.4426E+01  0.4425E+01  0.4423E+01  0.4422E+01  0.4420E+01
  0.4418E+01  0.4416E+01  0.4414E+01  0.4412E+01  0.4409E+01  0.4407E+01
  0.4404E+01  0.4401E+01  0.4398E+01  0.4395E+01  0.4392E+01  0.4389E+01
  0.4385E+01  0.4382E+01  0.4378E+01  0.4374E+01  0.4370E+01  0.4366E+01
  0.4361E+01  0.4357E+01  0.4352E+01  0.4348E+01  0.4343E+01  0.4338E+01
  0.4334E+01  0.4329E+01  0.4325E+01  0.4320E+01  0.4316E+01  0.4312E+01
  0.4308E+01  0.4305E+01  0.4302E+01  0.4300E+01  0.4299E+01  0.4302E+01
  0.4311E+01  0.4332E+01  0.4371E+01  0.4433E+01  0.4511E+01  0.4591E+01
  0.4657E+01  0.4705E+01  0.4739E+01  0.4765E+01  0.4781E+01  0.4779E+01
  0.4753E+01  0.4781E+01  0.4830E+01  0.4247E+01  0.4440E+01  0.4439E+01
  0.4439E+01  0.4438E+01  0.4437E+01  0.4437E+01  0.4436E+01  0.4435E+01
  0.4434E+01  0.4433E+01  0.4432E+01  0.4430E+01  0.4429E+01  0.4428E+01
  0.4426E+01  0.4425E+01  0.4423E+01  0.4422E+01  0.4420E+01  0.4418E+01
  0.4416E+01  0.4414E+01  0.4412E+01  0.4409E+01  0.4407E+01  0.4404E+01
  0.4401E+01  0.4398E+01  0.4395E+01  0.4392E+01  0.4389E+01  0.4385E+01
  0.4382E+01  0.4378E+01  0.4374E+01  0.4370E+01  0.4366E+01  0.4361E+01
  0.4357E+01  0.4352E+01  0.4348E+01  0.4343E+01  0.4338E+01  0.4334E+01
  0.4329E+01  0.4325E+01  0.4320E+01  0.4316E+01  0.4312E+01  0.4308E+01
  0.4305E+01  0.4302E+01  0.4300E+01  0.4299E+01  0.4302E+01  0.4311E+01
  0.4332E+01  0.4371E+01  0.4433E+01  0.4511E+01  0.4591E+01  0.4657E+01
  0.4705E+01  0.4739E+01  0.4765E+01  0.4781E+01  0.4779E+01  0.4753E+01
  0.4781E+01  0.4830E+01  0.4247E+01  0.4440E+01  0.4439E+01  0.4439E+01
  0.4438E+01  0.4437E+01  0.4437E+01  0.4436E+01  0.4435E+01  0.4434E+01
  0.4433E+01  0.4432E+01  0.4430E+01  0.4429E+01  0.4428E+01  0.4426E+01
  0.4425E+01  0.4423E+01  0.4422E+01  0.4420E+01  0.4418E+01  0.4416E+01
  0.4414E+01  0.4412E+01  0.4409E+01  0.4407E+01  0.4404E+01  0.4401E+01
  0.4398E+01  0.4395E+01  0.4392E+01  0.4389E+01  0.4385E+01  0.4382E+01
  0.4378E+01  0.4374E+01  0.4370E+01  0.4366E+01  0.4361E+01  0.4357E+01
  0.4352E+01  0.4348E+01  0.4343E+01  0.4338E+01  0.4334E+01  0.4329E+01
  0.4325E+01  0.4320E+01  0.4316E+01  0.4312E+01  0.4308E+01  0.4305E+01
  0.4302E+01  0.4300E+01  0.4299E+01  0.4302E+01  0.4311E+01  0.4332E+01
  0.4371E+01  0.4433E+01  0.4511E+01  0.4591E+01  0.4657E+01  0.4705E+01
  0.4739E+01  0.4765E+01  0.4781E+01  0.4779E+01  0.4753E+01  0.4781E+01
  0.4830E+01  0.4247E+01  0.4440E+01  0.4439E+01  0.4439E+01  0.4438E+01
  0.4437E+01  0.4437E+01  0.4436E+01  0.4435E+01  0.4434E+01  0.4433E+01
  0.4432E+01  0.4430E+01  0.4429E+01  0.4428E+01  0.4426E+01  0.4425E+01
  0.4423E+01  0.4422E+01  0.4420E+01  0.4418E+01  0.4416E+01  0.4414E+01
  0.4412E+01  0.4409E+01  0.4407E+01  0.4404E+01  0.4401E+01  0.4398E+01
  0.4395E+01  0.4392E+01  0.4389E+01  0.4385E+01  0.4382E+01  0.4378E+01
  0.4374E+01  0.4370E+01  0.4366E+01  0.4361E+01  0.4357E+01  0.4352E+01
  0.4348E+01  0.4343E+01  0.4338E+01  0.4334E+01  0.4329E+01  0.4325E+01
  0.4320E+01  0.4316E+01  0.4312E+01  0.4308E+01  0.4305E+01  0.4302E+01
  0.4300E+01  0.4299E+01  0.4302E+01  0.4311E+01  0.4332E+01  0.4371E+01
  0.4433E+01  0.4511E+01  0.4591E+01  0.4657E+01  0.4705E+01  0.4739E+01
  0.4765E+01  0.4781E+01  0.4779E+01  0.4753E+01  0.4781E+01  0.4830E+01
  0.4247E+01  0.4440E+01  0.4439E+01  0.4439E+01  0.4438E+01  0.4437E+01
  0.4437E+01  0.4436E+01  0.4435E+01  0.4434E+01  0.4433E+01  0.4432E+01
  0.4430E+01  0.4429E+01  0.4428E+01  0.4426E+01  0.4425E+01  0.4423E+01
  0.4422E+01  0.4420E+01  0.4418E+01  0.4416E+01  0.4414E+01  0.4412E+01
  0.4409E+01  0.4407E+01  0.4404E+01  0.4401E+01  0.4398E+01  0.4395E+01
  0.4392E+01  0.4389E+01  0.4385E+01  0.4382E+01  0.4378E+01  0.4374E+01
  0.4370E+01  0.4366E+01  0.4361E+01  0.4357E+01  0.4352E+01  0.4348E+01
  0.4343E+01  0.4338E+01  0.4334E+01  0.4329E+01  0.4325E+01  0.4320E+01
  0.4316E+01  0.4312E+01  0.4308E+01  0.4305E+01  0.4302E+01  0.4300E+01
  0.4299E+01  0.4302E+01  0.4311E+01  0.4332E+01  0.4371E+01  0.4433E+01
  0.4511E+01  0.4591E+01  0.4657E+01  0.4705E+01  0.4739E+01  0.4765E+01
  0.4781E+01  0.4779E+01  0.4753E+01  0.4781E+01  0.4830E+01  0.4247E+01
  0.4440E+01  0.4439E+01  0.4439E+01  0.4438E+01  0.4437E+01  0.4437E+01
  0.4436E+01  0.4435E+01  0.4434E+01  0.4433E+01  0.4432E+01  0.4430E+01
  0.4429E+01  0.4428E+01  0.4426E+01  0.4425E+01  0.4423E+01  0.4422E+01
  0.4420E+01  0.4418E+01  0.4416E+01  0.4414E+01  0.4412E+01  0.4409E+01
  0.4407E+01  0.4404E+01  0.4401E+01  0.4398E+01  0.4395E+01  0.4392E+01
  0.4389E+01  0.4385E+01  0.4382E+01  0.4378E+01  0.4374E+01  0.4370E+01
  0.4366E+01  0.4361E+01  0.4357E+01  0.4352E+01  0.4348E+01  0.4343E+01
  0.4338E+01  0.4334E+01  0.4329E+01  0.4325E+01  0.4320E+01  0.4316E+01
  0.4312E+01  0.4308E+01  0.4305E+01  0.4302E+01  0.4300E+01  0.4299E+01
  0.4302E+01  0.4311E+01  0.4332E+01  0.4371E+01  0.4433E+01  0.4511E+01
  0.4591E+01  0.4657E+01  0.4705E+01  0.4739E+01  0.4765E+01  0.4781E+01
  0.4779E+01  0.4753E+01  0.4781E+01  0.4830E+01  0.4247E+01  0.4440E+01
  0.4439E+01  0.4439E+01  0.4438E+01  0.4437E+01  0.4437E+01  0.4436E+01
  0.4435E+01  0.4434E+01  0.4433E+01  0.4432E+01  0.4430E+01  0.4429E+01
  0.4428E+01  0.4426E+01  0.4425E+01  0.4423E+01  0.4422E+01  0.4420E+01
  0.4418E+01  0.4416E+01  0.4414E+01  0.4412E+01  0.4409E+01  0.4407E+01
  0.4404E+01  0.4401E+01  0.4398E+01  0.4395E+01  0.4392E+01  0.4389E+01
  0.4385E+01  0.4382E+01  0.4378E+01  0.4374E+01  0.4370E+01  0.4366E+01
  0.4361E+01  0.4357E+01  0.4352E+01  0.4348E+01  0.4343E+01  0.4338E+01
  0.4334E+01  0.4329E+01  0.4325E+01  0.4320E+01  0.4316E+01  0.4312E+01
  0.4308E+01  0.4305E+01  0.4302E+01  0.4300E+01  0.4299E+01  0.4302E+01
  0.4311E+01  0.4332E+01  0.4371E+01  0.4433E+01  0.4511E+01  0.4591E+01
  0.4657E+01  0.4705E+01  0.4739E+01  0.4765E+01  0.4781E+01  0.4779E+01
  0.4753E+01  0.4781E+01  0.4830E+01  0.4247E+01  0.4440E+01  0.4439E+01
  0.4439E+01  0.4438E+01  0.4437E+01  0.4437E+01  0.4436E+01  0.4435E+01
  0.4434E+01  0.4433E+01  0.4432E+01  0.4430E+01  0.4429E+01  0.4428E+01
  0.4426E+01  0.4425E+01  0.4423E+01  0.4422E+01  0.4420E+01  0.4418E+01
  0.4416E+01  0.4414E+01  0.4412E+01  0.4409E+01  0.4407E+01  0.4404E+01
  0.4401E+01  0.4398E+01  0.4395E+01  0.4392E+01  0.4389E+01  0.4385E+01
  0.4382E+01  0.4378E+01  0.4374E+01  0.4370E+01  0.4366E+01  0.4361E+01
  0.4357E+01  0.4352E+01  0.4348E+01  0.4343E+01  0.4338E+01  0.4334E+01
  0.4329E+01  0.4325E+01  0.4320E+01  0.4316E+01  0.4312E+01  0.4308E+01
  0.4305E+01  0.4302E+01  0.4300E+01  0.4299E+01  0.4302E+01  0.4311E+01
  0.4332E+01  0.4371E+01  0.4433E+01  0.4511E+01  0.4591E+01  0.4657E+01
  0.4705E+01  0.4739E+01  0.4765E+01  0.4781E+01  0.4779E+01  0.4753E+01
  0.4781E+01  0.4830E+01  0.4247E+01  0.4440E+01  0.4439E+01  0.4439E+01
  0.4438E+01  0.4437E+01  0.4437E+01  0.4436E+01  0.4435E+01  0.4434E+01
  0.4433E+01  0.4432E+01  0.4430E+01  0.4429E+01  0.4428E+01  0.4426E+01
  0.4425E+01  0.4423E+01  0.4422E+01  0.4420E+01  0.4418E+01  0.4416E+01
  0.4414E+01  0.4412E+01  0.4409E+01  0.4407E+01  0.4404E+01  0.4401E+01
  0.4398E+01  0.4395E+01  0.4392E+01  0.4389E+01  0.4385E+01  0.4382E+01
  0.4378E+01  0.4374E+01  0.4370E+01  0.4366E+01  0.4361E+01  0.4357E+01
  0.4352E+01  0.4348E+01  0.4343E+01  0.4338E+01  0.4334E+01  0.4329E+01
  0.4325E+01  0.4320E+01  0.4316E+01  0.4312E+01  0.4308E+01  0.4305E+01
  0.4302E+01  0.4300E+01  0.4299E+01  0.4302E+01  0.4311E+01  0.4332E+01
  0.4371E+01  0.4433E+01  0.4511E+01  0.4591E+01  0.4657E+01  0.4705E+01
  0.4739E+01  0.4765E+01  0.4781E+01  0.4779E+01  0.4753E+01  0.4781E+01
  0.4830E+01  0.4247E+01  0.4440E+01  0.4439E+01  0.4439E+01  0.4438E+01
  0.4437E+01  0.4437E+01  0.4436E+01  0.4435E+01  0.4434E+01  0.4433E+01
  0.4432E+01  0.4430E+01  0.4429E+01  0.4428E+01  0.4426E+01  0.4425E+01
  0.4423E+01  0.4422E+01  0.4420E+01  0.4418E+01  0.4416E+01  0.4414E+01
  0.4412E+01  0.4409E+01  0.4407E+01  0.4404E+01  0.4401E+01  0.4398E+01
  0.4395E+01  0.4392E+01  0.4389E+01  0.4385E+01  0.4382E+01  0.4378E+01
  0.4374E+01  0.4370E+01  0.4366E+01  0.4361E+01  0.4357E+01  0.4352E+01
  0.4348E+01  0.4343E+01  0.4338E+01  0.4334E+01  0.4329E+01  0.4325E+01
  0.4320E+01  0.4316E+01  0.4312E+01  0.4308E+01  0.4305E+01  0.4302E+01
  0.4300E+01  0.4299E+01  0.4302E+01  0.4311E+01  0.4332E+01  0.4371E+01
  0.4433E+01  0.4511E+01  0.4591E+01  0.4657E+01  0.4705E+01  0.4739E+01
  0.4765E+01  0.4781E+01  0.4779E+01  0.4753E+01  0.4781E+01  0.4830E+01
  0.4247E+01  0.4440E+01  0.4439E+01  0.4439E+01  0.4438E+01  0.4437E+01
  0.4437E+01  0.4436E+01  0.4435E+01  0.4434E+01  0.4433E+01  0.4432E+01
  0.4430E+01  0.4429E+01  0.4428E+01  0.4426E+01  0.4425E+01  0.4423E+01
  0.4422E+01  0.4420E+01  0.4418E+01  0.4416E+01  0.4414E+01  0.4412E+01
  0.4409E+01  0.4407E+01  0.4404E+01  0.4401E+01  0.4398E+01  0.4395E+01
  0.4392E+01  0.4389E+01  0.4385E+01  0.4382E+01  0.4378E+01  0.4374E+01
  0.4370E+01  0.4366E+01  0.4361E+01  0.4357E+01  0.4352E+01  0.4348E+01
  0.4343E+01  0.4338E+01  0.4334E+01  0.4329E+01  0.4325E+01  0.4320E+01
  0.4316E+01  0.4312E+01  0.4308E+01  0.4305E+01  0.4302E+01  0.4300E+01
  0.4299E+01  0.4302E+01  0.4311E+01  0.4332E+01  0.4371E+01  0.4433E+01
  0.4511E+01  0.4591E+01  0.4657E+01  0.4705E+01  0.4739E+01  0.4765E+01
  0.4781E+01  0.4779E+01  0.4753E+01  0.4781E+01  0.4830E+01  0.4247E+01
  0.4440E+01  0.4439E+01  0.4439E+01  0.4438E+01  0.4437E+01  0.4437E+01
  0.4436E+01  0.4435E+01  0.4434E+01  0.4433E+01  0.4432E+01  0.4430E+01
  0.4429E+01  0.4428E+01  0.4426E+01  0.4425E+01  0.4423E+01  0.4422E+01
  0.4420E+01  0.4418E+01  0.4416E+01  0.4414E+01  0.4412E+01  0.4409E+01
  0.4407E+01  0.4404E+01  0.4401E+01  0.4398E+01  0.4395E+01  0.4392E+01
  0.4389E+01  0.4385E+01  0.4382E+01  0.4378E+01  0.4374E+01  0.4370E+01
  0.4366E+01  0.4361E+01  0.4357E+01  0.4352E+01  0.4348E+01  0.4343E+01
  0.4338E+01  0.4334E+01  0.4329E+01  0.4325E+01  0.4320E+01  0.4316E+01
  0.4312E+01  0.4308E+01  0.4305E+01  0.4302E+01  0.4300E+01  0.4299E+01
  0.4302E+01  0.4311E+01  0.4332E+01  0.4371E+01  0.4433E+01  0.4511E+01
  0.4591E+01  0.4657E+01  0.4705E+01  0.4739E+01  0.4765E+01  0.4781E+01
  0.4779E+01  0.4753E+01  0.4781E+01  0.4830E+01  0.4247E+01  0.4440E+01
  0.4439E+01  0.4439E+01  0.4438E+01  0.4437E+01  0.4437E+01  0.4436E+01
  0.4435E+01  0.4434E+01  0.4433E+01  0.4432E+01  0.4430E+01  0.4429E+01
  0.4428E+01  0.4426E+01  0.4425E+01  0.4423E+01  0.4422E+01  0.4420E+01
  0.4418E+01  0.4416E+01  0.4414E+01  0.4412E+01  0.4409E+01  0.4407E+01
  0.4404E+01  0.4401E+01  0.4398E+01  0.4395E+01  0.4392E+01  0.4389E+01
  0.4385E+01  0.4382E+01  0.4378E+01  0.4374E+01  0.4370E+01  0.4366E+01
  0.4361E+01  0.4357E+01  0.4352E+01  0.4348E+01  0.4343E+01  0.4338E+01
  0.4334E+01  0.4329E+01  0.4325E+01  0.4320E+01  0.4316E+01  0.4312E+01
  0.4308E+01  0.4305E+01  0.4302E+01  0.4300E+01  0.4299E+01  0.4302E+01
  0.4311E+01  0.4332E+01  0.4371E+01  0.4433E+01  0.4511E+01  0.4591E+01
  0.4657E+01  0.4705E+01  0.4739E+01  0.4765E+01  0.4781E+01  0.4779E+01
  0.4753E+01  0.4781E+01  0.4830E+01  0.4247E+01  0.4440E+01  0.4439E+01
  0.4439E+01  0.4438E+01  0.4437E+01  0.4437E+01  0.4436E+01  0.4435E+01
  0.4434E+01  0.4433E+01  0.4432E+01  0.4430E+01  0.4429E+01  0.4428E+01
  0.4426E+01  0.4425E+01  0.4423E+01  0.4422E+01  0.4420E+01  0.4418E+01
  0.4416E+01  0.4414E+01  0.4412E+01  0.4409E+01  0.4407E+01  0.4404E+01
  0.4401E+01  0.4398E+01  0.4395E+01  0.4392E+01  0.4389E+01  0.4385E+01
  0.4382E+01  0.4378E+01  0.4374E+01  0.4370E+01  0.4366E+01  0.4361E+01
  0.4357E+01  0.4352E+01  0.4348E+01  0.4343E+01  0.4338E+01  0.4334E+01
  0.4329E+01  0.4325E+01  0.4320E+01  0.4316E+01  0.4312E+01  0.4308E+01
  0.4305E+01  0.4302E+01  0.4300E+01  0.4299E+01  0.4302E+01  0.4311E+01
  0.4332E+01  0.4371E+01  0.4433E+01  0.4511E+01  0.4591E+01  0.4657E+01
  0.4705E+01  0.4739E+01  0.4765E+01  0.4781E+01  0.4779E+01  0.4753E+01
  0.4781E+01  0.4830E+01  0.4247E+01  0.4440E+01  0.4439E+01  0.4439E+01
  0.4438E+01  0.4437E+01  0.4437E+01  0.4436E+01  0.4435E+01  0.4434E+01
  0.4433E+01  0.4432E+01  0.4430E+01  0.4429E+01  0.4428E+01  0.4426E+01
  0.4425E+01  0.4423E+01  0.4422E+01  0.4420E+01  0.4418E+01  0.4416E+01
  0.4414E+01  0.4412E+01  0.4409E+01  0.4407E+01  0.4404E+01  0.4401E+01
  0.4398E+01  0.4395E+01  0.4392E+01  0.4389E+01  0.4385E+01  0.4382E+01
  0.4378E+01  0.4374E+01  0.4370E+01  0.4366E+01  0.4361E+01  0.4357E+01
  0.4352E+01  0.4348E+01  0.4343E+01  0.4338E+01  0.4334E+01  0.4329E+01
  0.4325E+01  0.4320E+01  0.4316E+01  0.4312E+01  0.4308E+01  0.4305E+01
  0.4302E+01  0.4300E+01  0.4299E+01  0.4302E+01  0.4311E+01  0.4332E+01
  0.4371E+01  0.4433E+01  0.4511E+01  0.4591E+01  0.4657E+01  0.4705E+01
  0.4739E+01  0.4765E+01  0.4781E+01  0.4779E+01  0.4753E+01  0.4781E+01
  0.4830E+01  0.4247E+01  0.4440E+01  0.4439E+01  0.4439E+01  0.4438E+01
  0.4437E+01  0.4437E+01  0.4436E+01  0.4435E+01  0.4434E+01  0.4433E+01
  0.4432E+01  0.4430E+01  0.4429E+01  0.4428E+01  0.4426E+01  0.4425E+01
  0.4423E+01  0.4422E+01  0.4420E+01  0.4418E+01  0.4416E+01  0.4414E+01
  0.4412E+01  0.4409E+01  0.4407E+01  0.4404E+01  0.4401E+01  0.4398E+01
  0.4395E+01  0.4392E+01  0.4389E+01  0.4385E+01  0.4382E+01  0.4378E+01
  0.4374E+01  0.4370E+01  0.4366E+01  0.4361E+01  0.4357E+01  0.4352E+01
  0.4348E+01  0.4343E+01  0.4338E+01  0.4334E+01  0.4329E+01  0.4325E+01
  0.4320E+01  0.4316E+01  0.4312E+01  0.4308E+01  0.4305E+01  0.4302E+01
  0.4300E+01  0.4299E+01  0.4302E+01  0.4311E+01  0.4332E+01  0.4371E+01
  0.4433E+01  0.4511E+01  0.4591E+01  0.4657E+01  0.4705E+01  0.4739E+01
  0.4765E+01  0.4781E+01  0.4779E+01  0.4753E+01  0.4781E+01  0.4830E+01
  0.4247E+01  0.4440E+01  0.4439E+01  0.4439E+01  0.4438E+01  0.4437E+01
  0.4437E+01  0.4436E+01  0.4435E+01  0.4434E+01  0.4433E+01  0.4432E+01
  0.4430E+01  0.4429E+01  0.4428E+01  0.4426E+01  0.4425E+01  0.4423E+01
  0.4422E+01  0.4420E+01  0.4418E+01  0.4416E+01  0.4414E+01  0.4412E+01
  0.4409E+01  0.4407E+01  0.4404E+01  0.4401E+01  0.4398E+01  0.4395E+01
  0.4392E+01  0.4389E+01  0.4385E+01  0.4382E+01  0.4378E+01  0.4374E+01
  0.4370E+01  0.4366E+01  0.4361E+01  0.4357E+01  0.4352E+01  0.4348E+01
  0.4343E+01  0.4338E+01  0.4334E+01  0.4329E+01  0.4325E+01  0.4320E+01
  0.4316E+01  0.4312E+01  0.4308E+01  0.4305E+01  0.4302E+01  0.4300E+01
  0.4299E+01  0.4302E+01  0.4311E+01  0.4332E+01  0.4371E+01  0.4433E+01
  0.4511E+01  0.4591E+01  0.4657E+01  0.4705E+01  0.4739E+01  0.4765E+01
  0.4781E+01  0.4779E+01  0.4753E+01  0.4781E+01  0.4830E+01  0.4247E+01
  0.4440E+01  0.4439E+01  0.4439E+01  0.4438E+01  0.4437E+01  0.4437E+01
  0.4436E+01  0.4435E+01  0.4434E+01  0.4433E+01  0.4432E+01  0.4430E+01
  0.4429E+01  0.4428E+01  0.4426E+01  0.4425E+01  0.4423E+01  0.4422E+01
  0.4420E+01  0.4418E+01  0.4416E+01  0.4414E+01  0.4412E+01  0.4409E+01
  0.4407E+01  0.4404E+01  0.4401E+01  0.4398E+01  0.4395E+01  0.4392E+01
  0.4389E+01  0.4385E+01  0.4382E+01  0.4378E+01  0.4374E+01  0.4370E+01
  0.4366E+01  0.4361E+01  0.4357E+01  0.4352E+01  0.4348E+01  0.4343E+01
  0.4338E+01  0.4334E+01  0.4329E+01  0.4325E+01  0.4320E+01  0.4316E+01
  0.4312E+01  0.4308E+01  0.4305E+01  0.4302E+01  0.4300E+01  0.4299E+01
  0.4302E+01  0.4311E+01  0.4332E+01  0.4371E+01  0.4433E+01  0.4511E+01
  0.4591E+01  0.4657E+01  0.4705E+01  0.4739E+01  0.4765E+01  0.4781E+01
  0.4779E+01  0.4753E+01  0.4781E+01  0.4830E+01  0.4247E+01  0.4440E+01
  0.4439E+01  0.4439E+01  0.4438E+01  0.4437E+01  0.4437E+01  0.4436E+01
  0.4435E+01  0.4434E+01  0.4433E+01  0.4432E+01  0.4430E+01  0.4429E+01
  0.4428E+01  0.4426E+01  0.4425E+01  0.4423E+01  0.4422E+01  0.4420E+01
  0.4418E+01  0.4416E+01  0.4414E+01  0.4412E+01  0.4409E+01  0.4407E+01
  0.4404E+01  0.4401E+01  0.4398E+01  0.4395E+01  0.4392E+01  0.4389E+01
  0.4385E+01  0.4382E+01  0.4378E+01  0.4374E+01  0.4370E+01  0.4366E+01
  0.4361E+01  0.4357E+01  0.4352E+01  0.4348E+01  0.4343E+01  0.4338E+01
  0.4334E+01  0.4329E+01  0.4325E+01  0.4320E+01  0.4316E+01  0.4312E+01
  0.4308E+01  0.4305E+01  0.4302E+01  0.4300E+01  0.4299E+01  0.4302E+01
  0.4311E+01  0.4332E+01  0.4371E+01  0.4433E+01  0.4511E+01  0.4591E+01
  0.4657E+01  0.4705E+01  0.4739E+01  0.4765E+01  0.4781E+01  0.4779E+01
  0.4753E+01  0.4781E+01  0.4830E+01  0.4247E+01  0.4440E+01  0.4439E+01
  0.4439E+01  0.4438E+01  0.4437E+01  0.4437E+01  0.4436E+01  0.4435E+01
  0.4434E+01  0.4433E+01  0.4432E+01  0.4430E+01  0.4429E+01  0.4428E+01
  0.4426E+01  0.4425E+01  0.4423E+01  0.4422E+01  0.4420E+01  0.4418E+01
  0.4416E+01  0.4414E+01  0.4412E+01  0.4409E+01  0.4407E+01  0.4404E+01
  0.4401E+01  0.4398E+01  0.4395E+01  0.4392E+01  0.4389E+01  0.4385E+01
  0.4382E+01  0.4378E+01  0.4374E+01  0.4370E+01  0.4366E+01  0.4361E+01
  0.4357E+01  0.4352E+01  0.4348E+01  0.4343E+01  0.4338E+01  0.4334E+01
  0.4329E+01  0.4325E+01  0.4320E+01  0.4316E+01  0.4312E+01  0.4308E+01
  0.4305E+01  0.4302E+01  0.4300E+01  0.4299E+01  0.4302E+01  0.4311E+01
  0.4332E+01  0.4371E+01  0.4433E+01  0.4511E+01  0.4591E+01  0.4657E+01
  0.4705E+01  0.4739E+01  0.4765E+01  0.4781E+01  0.4779E+01  0.4753E+01
  0.4781E+01  0.4830E+01  0.4247E+01  0.4440E+01  0.4439E+01  0.4439E+01
  0.4438E+01  0.4437E+01  0.4437E+01  0.4436E+01  0.4435E+01  0.4434E+01
  0.4433E+01  0.4432E+01  0.4430E+01  0.4429E+01  0.4428E+01  0.4426E+01
  0.4425E+01  0.4423E+01  0.4422E+01  0.4420E+01  0.4418E+01  0.4416E+01
  0.4414E+01  0.4412E+01  0.4409E+01  0.4407E+01  0.4404E+01  0.4401E+01
  0.4398E+01  0.4395E+01  0.4392E+01  0.4389E+01  0.4385E+01  0.4382E+01
  0.4378E+01  0.4374E+01  0.4370E+01  0.4366E+01  0.4361E+01  0.4357E+01
  0.4352E+01  0.4348E+01  0.4343E+01  0.4338E+01  0.4334E+01  0.4329E+01
  0.4325E+01  0.4320E+01  0.4316E+01  0.4312E+01  0.4308E+01  0.4305E+01
  0.4302E+01  0.4300E+01  0.4299E+01  0.4302E+01  0.4311E+01  0.4332E+01
  0.4371E+01  0.4433E+01  0.4511E+01  0.4591E+01  0.4657E+01  0.4705E+01
  0.4739E+01  0.4765E+01  0.4781E+01  0.4779E+01  0.4753E+01  0.4781E+01
  0.4830E+01  0.4247E+01  0.4440E+01  0.4439E+01  0.4439E+01  0.4438E+01
  0.4437E+01  0.4437E+01  0.4436E+01  0.4435E+01  0.4434E+01  0.4433E+01
  0.4432E+01  0.4430E+01  0.4429E+01  0.4428E+01  0.4426E+01  0.4425E+01
  0.4423E+01  0.4422E+01  0.4420E+01  0.4418E+01  0.4416E+01  0.4414E+01
  0.4412E+01  0.4409E+01  0.4407E+01  0.4404E+01  0.4401E+01  0.4398E+01
  0.4395E+01  0.4392E+01  0.4389E+01  0.4385E+01  0.4382E+01  0.4378E+01
  0.4374E+01  0.4370E+01  0.4366E+01  0.4361E+01  0.4357E+01  0.4352E+01
  0.4348E+01  0.4343E+01  0.4338E+01  0.4334E+01  0.4329E+01  0.4325E+01
  0.4320E+01  0.4316E+01  0.4312E+01  0.4308E+01  0.4305E+01  0.4302E+01
  0.4300E+01  0.4299E+01  0.4302E+01  0.4311E+01  0.4332E+01  0.4371E+01
  0.4433E+01  0.4511E+01  0.4591E+01  0.4657E+01  0.4705E+01  0.4739E+01
  0.4765E+01  0.4781E+01  0.4779E+01  0.4753E+01  0.4781E+01  0.4830E+01
  0.4247E+01  0.4440E+01  0.4439E+01  0.4439E+01  0.4438E+01  0.4437E+01
  0.4437E+01  0.4436E+01  0.4435E+01  0.4434E+01  0.4433E+01  0.4432E+01
  0.4430E+01  0.4429E+01  0.4428E+01  0.4426E+01  0.4425E+01  0.4423E+01
  0.4422E+01  0.4420E+01  0.4418E+01  0.4416E+01  0.4414E+01  0.4412E+01
  0.4409E+01  0.4407E+01  0.4404E+01  0.4401E+01  0.4398E+01  0.4395E+01
  0.4392E+01  0.4389E+01  0.4385E+01  0.4382E+01  0.4378E+01  0.4374E+01
  0.4370E+01  0.4366E+01  0.4361E+01  0.4357E+01  0.4352E+01  0.4348E+01
  0.4343E+01  0.4338E+01  0.4334E+01  0.4329E+01  0.4325E+01  0.4320E+01
  0.4316E+01  0.4312E+01  0.4308E+01  0.4305E+01  0.4302E+01  0.4300E+01
  0.4299E+01  0.4302E+01  0.4311E+01  0.4332E+01  0.4371E+01  0.4433E+01
  0.4511E+01  0.4591E+01  0.4657E+01  0.4705E+01  0.4739E+01  0.4765E+01
  0.4781E+01  0.4779E+01  0.4753E+01  0.4781E+01  0.4830E+01  0.4247E+01
  0.4440E+01  0.4439E+01  0.4439E+01  0.4438E+01  0.4437E+01  0.4437E+01
  0.4436E+01  0.4435E+01  0.4434E+01  0.4433E+01  0.4432E+01  0.4430E+01
  0.4429E+01  0.4428E+01  0.4426E+01  0.4425E+01  0.4423E+01  0.4422E+01
  0.4420E+01  0.4418E+01  0.4416E+01  0.4414E+01  0.4412E+01  0.4409E+01
  0.4407E+01  0.4404E+01  0.4401E+01  0.4398E+01  0.4395E+01  0.4392E+01
  0.4389E+01  0.4385E+01  0.4382E+01  0.4378E+01  0.4374E+01  0.4370E+01
  0.4366E+01  0.4361E+01  0.4357E+01  0.4352E+01  0.4348E+01  0.4343E+01
  0.4338E+01  0.4334E+01  0.4329E+01  0.4325E+01  0.4320E+01  0.4316E+01
  0.4312E+01  0.4308E+01  0.4305E+01  0.4302E+01  0.4300E+01  0.4299E+01
  0.4302E+01  0.4311E+01  0.4332E+01  0.4371E+01  0.4433E+01  0.4511E+01
  0.4591E+01  0.4657E+01  0.4705E+01  0.4739E+01  0.4765E+01  0.4781E+01
  0.4779E+01  0.4753E+01  0.4781E+01  0.4830E+01  0.4247E+01  0.4440E+01
  0.4439E+01  0.4439E+01  0.4438E+01  0.4437E+01  0.4437E+01  0.4436E+01
  0.4435E+01  0.4434E+01  0.4433E+01  0.4432E+01  0.4430E+01  0.4429E+01
  0.4428E+01  0.4426E+01  0.4425E+01  0.4423E+01  0.4422E+01  0.4420E+01
  0.4418E+01  0.4416E+01  0.4414E+01  0.4412E+01  0.4409E+01  0.4407E+01
  0.4404E+01  0.4401E+01  0.4398E+01  0.4395E+01  0.4392E+01  0.4389E+01
  0.4385E+01  0.4382E+01  0.4378E+01  0.4374E+01  0.4370E+01  0.4366E+01
  0.4361E+01  0.4357E+01  0.4352E+01  0.4348E+01  0.4343E+01  0.4338E+01
  0.4334E+01  0.4329E+01  0.4325E+01  0.4320E+01  0.4316E+01  0.4312E+01
  0.4308E+01  0.4305E+01  0.4302E+01  0.4300E+01  0.4299E+01  0.4302E+01
  0.4311E+01  0.4332E+01  0.4371E+01  0.4433E+01  0.4511E+01  0.4591E+01
  0.4657E+01  0.4705E+01  0.4739E+01  0.4765E+01  0.4781E+01  0.4779E+01
  0.4753E+01  0.4781E+01  0.4830E+01  0.4247E+01  0.4440E+01  0.4439E+01
  0.4439E+01  0.4438E+01  0.4437E+01  0.4437E+01  0.4436E+01  0.4435E+01
  0.4434E+01  0.4433E+01  0.4432E+01  0.4430E+01  0.4429E+01  0.4428E+01
  0.4426E+01  0.4425E+01  0.4423E+01  0.4422E+01  0.4420E+01  0.4418E+01
  0.4416E+01  0.4414E+01  0.4412E+01  0.4409E+01  0.4407E+01  0.4404E+01
  0.4401E+01  0.4398E+01  0.4395E+01  0.4392E+01  0.4389E+01  0.4385E+01
  0.4382E+01  0.4378E+01  0.4374E+01  0.4370E+01  0.4366E+01  0.4361E+01
  0.4357E+01  0.4352E+01  0.4348E+01  0.4343E+01  0.4338E+01  0.4334E+01
  0.4329E+01  0.4325E+01  0.4320E+01  0.4316E+01  0.4312E+01  0.4308E+01
  0.4305E+01  0.4302E+01  0.4300E+01  0.4299E+01  0.4302E+01  0.4311E+01
  0.4332E+01  0.4371E+01  0.4433E+01  0.4511E+01  0.4591E+01  0.4657E+01
  0.4705E+01  0.4739E+01  0.4765E+01  0.4781E+01  0.4779E+01  0.4753E+01
  0.4781E+01  0.4830E+01  0.4247E+01  0.4440E+01  0.4439E+01  0.4439E+01
  0.4438E+01  0.4437E+01  0.4437E+01  0.4436E+01  0.4435E+01  0.4434E+01
  0.4433E+01  0.4432E+01  0.4430E+01  0.4429E+01  0.4428E+01  0.4426E+01
  0.4425E+01  0.4423E+01  0.4422E+01  0.4420E+01  0.4418E+01  0.4416E+01
  0.4414E+01  0.4412E+01  0.4409E+01  0.4407E+01  0.4404E+01  0.4401E+01
  0.4398E+01  0.4395E+01  0.4392E+01  0.4389E+01  0.4385E+01  0.4382E+01
  0.4378E+01  0.4374E+01  0.4370E+01  0.4366E+01  0.4361E+01  0.4357E+01
  0.4352E+01  0.4348E+01  0.4343E+01  0.4338E+01  0.4334E+01  0.4329E+01
  0.4325E+01  0.4320E+01  0.4316E+01  0.4312E+01  0.4308E+01  0.4305E+01
  0.4302E+01  0.4300E+01  0.4299E+01  0.4302E+01  0.4311E+01  0.4332E+01
  0.4371E+01  0.4433E+01  0.4511E+01  0.4591E+01  0.4657E+01  0.4705E+01
  0.4739E+01  0.4765E+01  0.4781E+01  0.4779E+01  0.4753E+01  0.4781E+01
  0.4830E+01  0.4247E+01  0.4440E+01  0.4439E+01  0.4439E+01  0.4438E+01
  0.4437E+01  0.4437E+01  0.4436E+01  0.4435E+01  0.4434E+01  0.4433E+01
  0.4432E+01  0.4430E+01  0.4429E+01  0.4428E+01  0.4426E+01  0.4425E+01
  0.4423E+01  0.4422E+01  0.4420E+01  0.4418E+01  0.4416E+01  0.4414E+01
  0.4412E+01  0.4409E+01  0.4407E+01  0.4404E+01  0.4401E+01  0.4398E+01
  0.4395E+01  0.4392E+01  0.4389E+01  0.4385E+01  0.4382E+01  0.4378E+01
  0.4374E+01  0.4370E+01  0.4366E+01  0.4361E+01  0.4357E+01  0.4352E+01
  0.4348E+01  0.4343E+01  0.4338E+01  0.4334E+01  0.4329E+01  0.4325E+01
  0.4320E+01  0.4316E+01  0.4312E+01  0.4308E+01  0.4305E+01  0.4302E+01
  0.4300E+01  0.4299E+01  0.4302E+01  0.4311E+01  0.4332E+01  0.4371E+01
  0.4433E+01  0.4511E+01  0.4591E+01  0.4657E+01  0.4705E+01  0.4739E+01
  0.4765E+01  0.4781E+01  0.4779E+01  0.4753E+01  0.4781E+01  0.4830E+01
  0.4247E+01  0.4440E+01  0.4439E+01  0.4439E+01  0.4438E+01  0.4437E+01
  0.4437E+01  0.4436E+01  0.4435E+01  0.4434E+01  0.4433E+01  0.4432E+01
  0.4430E+01  0.4429E+01  0.4428E+01  0.4426E+01  0.4425E+01  0.4423E+01
  0.4422E+01  0.4420E+01  0.4418E+01  0.4416E+01  0.4414E+01  0.4412E+01
  0.4409E+01  0.4407E+01  0.4404E+01  0.4401E+01  0.4398E+01  0.4395E+01
  0.4392E+01  0.4389E+01  0.4385E+01  0.4382E+01  0.4378E+01  0.4374E+01
  0.4370E+01  0.4366E+01  0.4361E+01  0.4357E+01  0.4352E+01  0.4348E+01
  0.4343E+01  0.4338E+01  0.4334E+01  0.4329E+01  0.4325E+01  0.4320E+01
  0.4316E+01  0.4312E+01  0.4308E+01  0.4305E+01  0.4302E+01  0.4300E+01
  0.4299E+01  0.4302E+01  0.4311E+01  0.4332E+01  0.4371E+01  0.4433E+01
  0.4511E+01  0.4591E+01  0.4657E+01  0.4705E+01  0.4739E+01  0.4765E+01
  0.4781E+01  0.4779E+01  0.4753E+01  0.4781E+01  0.4830E+01  0.4247E+01
  0.4440E+01  0.4439E+01  0.4439E+01  0.4438E+01  0.4437E+01  0.4437E+01
  0.4436E+01  0.4435E+01  0.4434E+01  0.4433E+01  0.4432E+01  0.4430E+01
  0.4429E+01  0.4428E+01  0.4426E+01  0.4425E+01  0.4423E+01  0.4422E+01
  0.4420E+01  0.4418E+01  0.4416E+01  0.4414E+01  0.4412E+01  0.4409E+01
  0.4407E+01  0.4404E+01  0.4401E+01  0.4398E+01  0.4395E+01  0.4392E+01
  0.4389E+01  0.4385E+01  0.4382E+01  0.4378E+01  0.4374E+01  0.4370E+01
  0.4366E+01  0.4361E+01  0.4357E+01  0.4352E+01  0.4348E+01  0.4343E+01
  0.4338E+01  0.4334E+01  0.4329E+01  0.4325E+01  0.4320E+01  0.4316E+01
  0.4312E+01  0.4308E+01  0.4305E+01  0.4302E+01  0.4300E+01  0.4299E+01
  0.4302E+01  0.4311E+01  0.4332E+01  0.4371E+01  0.4433E+01  0.4511E+01
  0.4591E+01  0.4657E+01  0.4705E+01  0.4739E+01  0.4765E+01  0.4781E+01
  0.4779E+01  0.4753E+01  0.4781E+01  0.4830E+01  0.4247E+01  0.4440E+01
  0.4439E+01  0.4439E+01  0.4438E+01  0.4437E+01  0.4437E+01  0.4436E+01
  0.4435E+01  0.4434E+01  0.4433E+01  0.4432E+01  0.4430E+01  0.4429E+01
  0.4428E+01  0.4426E+01  0.4425E+01  0.4423E+01  0.4422E+01  0.4420E+01
  0.4418E+01  0.4416E+01  0.4414E+01  0.4412E+01  0.4409E+01  0.4407E+01
  0.4404E+01  0.4401E+01  0.4398E+01  0.4395E+01  0.4392E+01  0.4389E+01
  0.4385E+01  0.4382E+01  0.4378E+01  0.4374E+01  0.4370E+01  0.4366E+01
  0.4361E+01  0.4357E+01  0.4352E+01  0.4348E+01  0.4343E+01  0.4338E+01
  0.4334E+01  0.4329E+01  0.4325E+01  0.4320E+01  0.4316E+01  0.4312E+01
  0.4308E+01  0.4305E+01  0.4302E+01  0.4300E+01  0.4299E+01  0.4302E+01
  0.4311E+01  0.4332E+01  0.4371E+01  0.4433E+01  0.4511E+01  0.4591E+01
  0.4657E+01  0.4705E+01  0.4739E+01  0.4765E+01  0.4781E+01  0.4779E+01
  0.4753E+01  0.4781E+01  0.4830E+01  0.4247E+01  0.4440E+01  0.4439E+01
  0.4439E+01  0.4438E+01  0.4437E+01  0.4437E+01  0.4436E+01  0.4435E+01
  0.4434E+01  0.4433E+01  0.4432E+01  0.4430E+01  0.4429E+01  0.4428E+01
  0.4426E+01  0.4425E+01  0.4423E+01  0.4422E+01  0.4420E+01  0.4418E+01
  0.4416E+01  0.4414E+01  0.4412E+01  0.4409E+01  0.4407E+01  0.4404E+01
  0.4401E+01  0.4398E+01  0.4395E+01  0.4392E+01  0.4389E+01  0.4385E+01
  0.4382E+01  0.4378E+01  0.4374E+01  0.4370E+01  0.4366E+01  0.4361E+01
  0.4357E+01  0.4352E+01  0.4348E+01  0.4343E+01  0.4338E+01  0.4334E+01
  0.4329E+01  0.4325E+01  0.4320E+01  0.4316E+01  0.4312E+01  0.4308E+01
  0.4305E+01  0.4302E+01  0.4300E+01  0.4299E+01  0.4302E+01  0.4311E+01
  0.4332E+01  0.4371E+01  0.4433E+01  0.4511E+01  0.4591E+01  0.4657E+01
  0.4705E+01  0.4739E+01  0.4765E+01  0.4781E+01  0.4779E+01  0.4753E+01
  0.4781E+01  0.4830E+01  0.4247E+01  0.4440E+01  0.4439E+01  0.4439E+01
  0.4438E+01  0.4437E+01  0.4437E+01  0.4436E+01  0.4435E+01  0.4434E+01
  0.4433E+01  0.4432E+01  0.4430E+01  0.4429E+01  0.4428E+01  0.4426E+01
  0.4425E+01  0.4423E+01  0.4422E+01  0.4420E+01  0.4418E+01  0.4416E+01
  0.4414E+01  0.4412E+01  0.4409E+01  0.4407E+01  0.4404E+01  0.4401E+01
  0.4398E+01  0.4395E+01  0.4392E+01  0.4389E+01  0.4385E+01  0.4382E+01
  0.4378E+01  0.4374E+01  0.4370E+01  0.4366E+01  0.4361E+01  0.4357E+01
  0.4352E+01  0.4348E+01  0.4343E+01  0.4338E+01  0.4334E+01  0.4329E+01
  0.4325E+01  0.4320E+01  0.4316E+01  0.4312E+01  0.4308E+01  0.4305E+01
  0.4302E+01  0.4300E+01  0.4299E+01  0.4302E+01  0.4311E+01  0.4332E+01
  0.4371E+01  0.4433E+01  0.4511E+01  0.4591E+01  0.4657E+01  0.4705E+01
  0.4739E+01  0.4765E+01  0.4781E+01  0.4779E+01  0.4753E+01  0.4781E+01
  0.4830E+01  0.4247E+01  0.4440E+01  0.4439E+01  0.4439E+01  0.4438E+01
  0.4437E+01  0.4437E+01  0.4436E+01  0.4435E+01  0.4434E+01  0.4433E+01
  0.4432E+01  0.4430E+01  0.4429E+01  0.4428E+01  0.4426E+01  0.4425E+01
  0.4423E+01  0.4422E+01  0.4420E+01  0.4418E+01  0.4416E+01  0.4414E+01
  0.4412E+01  0.4409E+01  0.4407E+01  0.4404E+01  0.4401E+01  0.4398E+01
  0.4395E+01  0.4392E+01  0.4389E+01  0.4385E+01  0.4382E+01  0.4378E+01
  0.4374E+01  0.4370E+01  0.4366E+01  0.4361E+01  0.4357E+01  0.4352E+01
  0.4348E+01  0.4343E+01  0.4338E+01  0.4334E+01  0.4329E+01  0.4325E+01
  0.4320E+01  0.4316E+01  0.4312E+01  0.4308E+01  0.4305E+01  0.4302E+01
  0.4300E+01  0.4299E+01  0.4302E+01  0.4311E+01  0.4332E+01  0.4371E+01
  0.4433E+01  0.4511E+01  0.4591E+01  0.4657E+01  0.4705E+01  0.4739E+01
  0.4765E+01  0.4781E+01  0.4779E+01  0.4753E+01  0.4781E+01  0.4830E+01
  0.4247E+01  0.4440E+01  0.4439E+01  0.4439E+01  0.4438E+01  0.4437E+01
  0.4437E+01  0.4436E+01  0.4435E+01  0.4434E+01  0.4433E+01  0.4432E+01
  0.4430E+01  0.4429E+01  0.4428E+01  0.4426E+01  0.4425E+01  0.4423E+01
  0.4422E+01  0.4420E+01  0.4418E+01  0.4416E+01  0.4414E+01  0.4412E+01
  0.4409E+01  0.4407E+01  0.4404E+01  0.4401E+01  0.4398E+01  0.4395E+01
  0.4392E+01  0.4389E+01  0.4385E+01  0.4382E+01  0.4378E+01  0.4374E+01
  0.4370E+01  0.4366E+01  0.4361E+01  0.4357E+01  0.4352E+01  0.4348E+01
  0.4343E+01  0.4338E+01  0.4334E+01  0.4329E+01  0.4325E+01  0.4320E+01
  0.4316E+01  0.4312E+01  0.4308E+01  0.4305E+01  0.4302E+01  0.4300E+01
  0.4299E+01  0.4302E+01  0.4311E+01  0.4332E+01  0.4371E+01  0.4433E+01
  0.4511E+01  0.4591E+01  0.4657E+01  0.4705E+01  0.4739E+01  0.4765E+01
  0.4781E+01  0.4779E+01  0.4753E+01  0.4781E+01  0.4830E+01  0.4247E+01
  0.4440E+01  0.4439E+01  0.4439E+01  0.4438E+01  0.4437E+01  0.4437E+01
  0.4436E+01  0.4435E+01  0.4434E+01  0.4433E+01  0.4432E+01  0.4430E+01
  0.4429E+01  0.4428E+01  0.4426E+01  0.4425E+01  0.4423E+01  0.4422E+01
  0.4420E+01  0.4418E+01  0.4416E+01  0.4414E+01  0.4412E+01  0.4409E+01
  0.4407E+01  0.4404E+01  0.4401E+01  0.4398E+01  0.4395E+01  0.4392E+01
  0.4389E+01  0.4385E+01  0.4382E+01  0.4378E+01  0.4374E+01  0.4370E+01
  0.4366E+01  0.4361E+01  0.4357E+01  0.4352E+01  0.4348E+01  0.4343E+01
  0.4338E+01  0.4334E+01  0.4329E+01  0.4325E+01  0.4320E+01  0.4316E+01
  0.4312E+01  0.4308E+01  0.4305E+01  0.4302E+01  0.4300E+01  0.4299E+01
  0.4302E+01  0.4311E+01  0.4332E+01  0.4371E+01  0.4433E+01  0.4511E+01
  0.4591E+01  0.4657E+01  0.4705E+01  0.4739E+01  0.4765E+01  0.4781E+01
  0.4779E+01  0.4753E+01  0.4781E+01  0.4830E+01  0.4247E+01  0.4440E+01
  0.4439E+01  0.4439E+01  0.4438E+01  0.4437E+01  0.4437E+01  0.4436E+01
  0.4435E+01  0.4434E+01  0.4433E+01  0.4432E+01  0.4430E+01  0.4429E+01
  0.4428E+01  0.4426E+01  0.4425E+01  0.4423E+01  0.4422E+01  0.4420E+01
  0.4418E+01  0.4416E+01  0.4414E+01  0.4412E+01  0.4409E+01  0.4407E+01
  0.4404E+01  0.4401E+01  0.4398E+01  0.4395E+01  0.4392E+01  0.4389E+01
  0.4385E+01  0.4382E+01  0.4378E+01  0.4374E+01  0.4370E+01  0.4366E+01
  0.4361E+01  0.4357E+01  0.4352E+01  0.4348E+01  0.4343E+01  0.4338E+01
  0.4334E+01  0.4329E+01  0.4325E+01  0.4320E+01  0.4316E+01  0.4312E+01
  0.4308E+01  0.4305E+01  0.4302E+01  0.4300E+01  0.4299E+01  0.4302E+01
  0.4311E+01  0.4332E+01  0.4371E+01  0.4433E+01  0.4511E+01  0.4591E+01
  0.4657E+01  0.4705E+01  0.4739E+01  0.4765E+01  0.4781E+01  0.4779E+01
  0.4753E+01  0.4781E+01  0.4830E+01  0.4247E+01  0.4440E+01  0.4439E+01
  0.4439E+01  0.4438E+01  0.4437E+01  0.4437E+01  0.4436E+01  0.4435E+01
  0.4434E+01  0.4433E+01  0.4432E+01  0.4430E+01  0.4429E+01  0.4428E+01
  0.4426E+01  0.4425E+01  0.4423E+01  0.4422E+01  0.4420E+01  0.4418E+01
  0.4416E+01  0.4414E+01  0.4412E+01  0.4409E+01  0.4407E+01  0.4404E+01
  0.4401E+01  0.4398E+01  0.4395E+01  0.4392E+01  0.4389E+01  0.4385E+01
  0.4382E+01  0.4378E+01  0.4374E+01  0.4370E+01  0.4366E+01  0.4361E+01
  0.4357E+01  0.4352E+01  0.4348E+01  0.4343E+01  0.4338E+01  0.4334E+01
  0.4329E+01  0.4325E+01  0.4320E+01  0.4316E+01  0.4312E+01  0.4308E+01
  0.4305E+01  0.4302E+01  0.4300E+01  0.4299E+01  0.4302E+01  0.4311E+01
  0.4332E+01  0.4371E+01  0.4433E+01  0.4511E+01  0.4591E+01  0.4657E+01
  0.4705E+01  0.4739E+01  0.4765E+01  0.4781E+01  0.4779E+01  0.4753E+01
  0.4781E+01  0.4830E+01  0.4247E+01  0.4440E+01  0.4439E+01  0.4439E+01
  0.4438E+01  0.4437E+01  0.4437E+01  0.4436E+01  0.4435E+01  0.4434E+01
  0.4433E+01  0.4432E+01  0.4430E+01  0.4429E+01  0.4428E+01  0.4426E+01
  0.4425E+01  0.4423E+01  0.4422E+01  0.4420E+01  0.4418E+01  0.4416E+01
  0.4414E+01  0.4412E+01  0.4409E+01  0.4407E+01  0.4404E+01  0.4401E+01
  0.4398E+01  0.4395E+01  0.4392E+01  0.4389E+01  0.4385E+01  0.4382E+01
  0.4378E+01  0.4374E+01  0.4370E+01  0.4366E+01  0.4361E+01  0.4357E+01
  0.4352E+01  0.4348E+01  0.4343E+01  0.4338E+01  0.4334E+01  0.4329E+01
  0.4325E+01  0.4320E+01  0.4316E+01  0.4312E+01  0.4308E+01  0.4305E+01
  0.4302E+01  0.4300E+01  0.4299E+01  0.4302E+01  0.4311E+01  0.4332E+01
  0.4371E+01  0.4433E+01  0.4511E+01  0.4591E+01  0.4657E+01  0.4705E+01
  0.4739E+01  0.4765E+01  0.4781E+01  0.4779E+01  0.4753E+01  0.4781E+01
  0.4830E+01  0.4247E+01  0.4440E+01  0.4439E+01  0.4439E+01  0.4438E+01
  0.4437E+01  0.4437E+01  0.4436E+01  0.4435E+01  0.4434E+01  0.4433E+01
  0.4432E+01  0.4430E+01  0.4429E+01  0.4428E+01  0.4426E+01  0.4425E+01
  0.4423E+01  0.4422E+01  0.4420E+01  0.4418E+01  0.4416E+01  0.4414E+01
  0.4412E+01  0.4409E+01  0.4407E+01  0.4404E+01  0.4401E+01  0.4398E+01
  0.4395E+01  0.4392E+01  0.4389E+01  0.4385E+01  0.4382E+01  0.4378E+01
  0.4374E+01  0.4370E+01  0.4366E+01  0.4361E+01  0.4357E+01  0.4352E+01
  0.4348E+01  0.4343E+01  0.4338E+01  0.4334E+01  0.4329E+01  0.4325E+01
  0.4320E+01  0.4316E+01  0.4312E+01  0.4308E+01  0.4305E+01  0.4302E+01
  0.4300E+01  0.4299E+01  0.4302E+01  0.4311E+01  0.4332E+01  0.4371E+01
  0.4433E+01  0.4511E+01  0.4591E+01  0.4657E+01  0.4705E+01  0.4739E+01
  0.4765E+01  0.4781E+01  0.4779E+01  0.4753E+01  0.4781E+01  0.4830E+01
  0.4247E+01  0.4440E+01  0.4439E+01  0.4439E+01  0.4438E+01  0.4437E+01
  0.4437E+01  0.4436E+01  0.4435E+01  0.4434E+01  0.4433E+01  0.4432E+01
  0.4430E+01  0.4429E+01  0.4428E+01  0.4426E+01  0.4425E+01  0.4423E+01
  0.4422E+01  0.4420E+01  0.4418E+01  0.4416E+01  0.4414E+01  0.4412E+01
  0.4409E+01  0.4407E+01  0.4404E+01  0.4401E+01  0.4398E+01  0.4395E+01
  0.4392E+01  0.4389E+01  0.4385E+01  0.4382E+01  0.4378E+01  0.4374E+01
  0.4370E+01  0.4366E+01  0.4361E+01  0.4357E+01  0.4352E+01  0.4348E+01
  0.4343E+01  0.4338E+01  0.4334E+01  0.4329E+01  0.4325E+01  0.4320E+01
  0.4316E+01  0.4312E+01  0.4308E+01  0.4305E+01  0.4302E+01  0.4300E+01
  0.4299E+01  0.4302E+01  0.4311E+01  0.4332E+01  0.4371E+01  0.4433E+01
  0.4511E+01  0.4591E+01  0.4657E+01  0.4705E+01  0.4739E+01  0.4765E+01
  0.4781E+01  0.4779E+01  0.4753E+01  0.4781E+01  0.4830E+01  0.4247E+01
  0.4440E+01  0.4439E+01  0.4439E+01  0.4438E+01  0.4437E+01  0.4437E+01
  0.4436E+01  0.4435E+01  0.4434E+01  0.4433E+01  0.4432E+01  0.4430E+01
  0.4429E+01  0.4428E+01  0.4426E+01  0.4425E+01  0.4423E+01  0.4422E+01
  0.4420E+01  0.4418E+01  0.4416E+01  0.4414E+01  0.4412E+01  0.4409E+01
  0.4407E+01  0.4404E+01  0.4401E+01  0.4398E+01  0.4395E+01  0.4392E+01
  0.4389E+01  0.4385E+01  0.4382E+01  0.4378E+01  0.4374E+01  0.4370E+01
  0.4366E+01  0.4361E+01  0.4357E+01  0.4352E+01  0.4348E+01  0.4343E+01
  0.4338E+01  0.4334E+01  0.4329E+01  0.4325E+01  0.4320E+01  0.4316E+01
  0.4312E+01  0.4308E+01  0.4305E+01  0.4302E+01  0.4300E+01  0.4299E+01
  0.4302E+01  0.4311E+01  0.4332E+01  0.4371E+01  0.4433E+01  0.4511E+01
  0.4591E+01  0.4657E+01  0.4705E+01  0.4739E+01  0.4765E+01  0.4781E+01
  0.4779E+01  0.4753E+01  0.4781E+01  0.4830E+01  0.4247E+01  0.4440E+01
  0.4439E+01  0.4439E+01  0.4438E+01  0.4437E+01  0.4437E+01  0.4436E+01
  0.4435E+01  0.4434E+01  0.4433E+01  0.4432E+01  0.4430E+01  0.4429E+01
  0.4428E+01  0.4426E+01  0.4425E+01  0.4423E+01  0.4422E+01  0.4420E+01
  0.4418E+01  0.4416E+01  0.4414E+01  0.4412E+01  0.4409E+01  0.4407E+01
  0.4404E+01  0.4401E+01  0.4398E+01  0.4395E+01  0.4392E+01  0.4389E+01
  0.4385E+01  0.4382E+01  0.4378E+01  0.4374E+01  0.4370E+01  0.4366E+01
  0.4361E+01  0.4357E+01  0.4352E+01  0.4348E+01  0.4343E+01  0.4338E+01
  0.4334E+01  0.4329E+01  0.4325E+01  0.4320E+01  0.4316E+01  0.4312E+01
  0.4308E+01  0.4305E+01  0.4302E+01  0.4300E+01  0.4299E+01  0.4302E+01
  0.4311E+01  0.4332E+01  0.4371E+01  0.4433E+01  0.4511E+01  0.4591E+01
  0.4657E+01  0.4705E+01  0.4739E+01  0.4765E+01  0.4781E+01  0.4779E+01
  0.4753E+01  0.4781E+01  0.4830E+01  0.4247E+01  0.4440E+01  0.4439E+01
  0.4439E+01  0.4438E+01  0.4437E+01  0.4437E+01  0.4436E+01  0.4435E+01
  0.4434E+01  0.4433E+01  0.4432E+01  0.4430E+01  0.4429E+01  0.4428E+01
  0.4426E+01  0.4425E+01  0.4423E+01  0.4422E+01  0.4420E+01  0.4418E+01
  0.4416E+01  0.4414E+01  0.4412E+01  0.4409E+01  0.4407E+01  0.4404E+01
  0.4401E+01  0.4398E+01  0.4395E+01  0.4392E+01  0.4389E+01  0.4385E+01
  0.4382E+01  0.4378E+01  0.4374E+01  0.4370E+01  0.4366E+01  0.4361E+01
  0.4357E+01  0.4352E+01  0.4348E+01  0.4343E+01  0.4338E+01  0.4334E+01
  0.4329E+01  0.4325E+01  0.4320E+01  0.4316E+01  0.4312E+01  0.4308E+01
  0.4305E+01  0.4302E+01  0.4300E+01  0.4299E+01  0.4302E+01  0.4311E+01
  0.4332E+01  0.4371E+01  0.4433E+01  0.4511E+01  0.4591E+01  0.4657E+01
  0.4705E+01  0.4739E+01  0.4765E+01  0.4781E+01  0.4779E+01  0.4753E+01
  0.4781E+01  0.4830E+01  0.4247E+01  0.4440E+01  0.4439E+01  0.4439E+01
  0.4438E+01  0.4437E+01  0.4437E+01  0.4436E+01  0.4435E+01  0.4434E+01
  0.4433E+01  0.4432E+01  0.4430E+01  0.4429E+01  0.4428E+01  0.4426E+01
  0.4425E+01  0.4423E+01  0.4422E+01  0.4420E+01  0.4418E+01  0.4416E+01
  0.4414E+01  0.4412E+01  0.4409E+01  0.4407E+01  0.4404E+01  0.4401E+01
  0.4398E+01  0.4395E+01  0.4392E+01  0.4389E+01  0.4385E+01  0.4382E+01
  0.4378E+01  0.4374E+01  0.4370E+01  0.4366E+01  0.4361E+01  0.4357E+01
  0.4352E+01  0.4348E+01  0.4343E+01  0.4338E+01  0.4334E+01  0.4329E+01
  0.4325E+01  0.4320E+01  0.4316E+01  0.4312E+01  0.4308E+01  0.4305E+01
  0.4302E+01  0.4300E+01  0.4299E+01  0.4302E+01  0.4311E+01  0.4332E+01
  0.4371E+01  0.4433E+01  0.4511E+01  0.4591E+01  0.4657E+01  0.4705E+01
  0.4739E+01  0.4765E+01  0.4781E+01  0.4779E+01  0.4753E+01  0.4781E+01
  0.4830E+01  0.4247E+01  0.4440E+01  0.4439E+01  0.4439E+01  0.4438E+01
  0.4437E+01  0.4437E+01  0.4436E+01  0.4435E+01  0.4434E+01  0.4433E+01
  0.4432E+01  0.4430E+01  0.4429E+01  0.4428E+01  0.4426E+01  0.4425E+01
  0.4423E+01  0.4422E+01  0.4420E+01  0.4418E+01  0.4416E+01  0.4414E+01
  0.4412E+01  0.4409E+01  0.4407E+01  0.4404E+01  0.4401E+01  0.4398E+01
  0.4395E+01  0.4392E+01  0.4389E+01  0.4385E+01  0.4382E+01  0.4378E+01
  0.4374E+01  0.4370E+01  0.4366E+01  0.4361E+01  0.4357E+01  0.4352E+01
  0.4348E+01  0.4343E+01  0.4338E+01  0.4334E+01  0.4329E+01  0.4325E+01
  0.4320E+01  0.4316E+01  0.4312E+01  0.4308E+01  0.4305E+01  0.4302E+01
  0.4300E+01  0.4299E+01  0.4302E+01  0.4311E+01  0.4332E+01  0.4371E+01
  0.4433E+01  0.4511E+01  0.4591E+01  0.4657E+01  0.4705E+01  0.4739E+01
  0.4765E+01  0.4781E+01  0.4779E+01  0.4753E+01  0.4781E+01  0.4830E+01
  0.4247E+01  0.4440E+01  0.4439E+01  0.4439E+01  0.4438E+01  0.4437E+01
  0.4437E+01  0.4436E+01  0.4435E+01  0.4434E+01  0.4433E+01  0.4432E+01
  0.4430E+01  0.4429E+01  0.4428E+01  0.4426E+01  0.4425E+01  0.4423E+01
  0.4422E+01  0.4420E+01  0.4418E+01  0.4416E+01  0.4414E+01  0.4412E+01
  0.4409E+01  0.4407E+01  0.4404E+01  0.4401E+01  0.4398E+01  0.4395E+01
  0.4392E+01  0.4389E+01  0.4385E+01  0.4382E+01  0.4378E+01  0.4374E+01
  0.4370E+01  0.4366E+01  0.4361E+01  0.4357E+01  0.4352E+01  0.4348E+01
  0.4343E+01  0.4338E+01  0.4334E+01  0.4329E+01  0.4324E+01  0.4320E+01
  0.4316E+01  0.4312E+01  0.4308E+01  0.4305E+01  0.4302E+01  0.4300E+01
  0.4299E+01  0.4302E+01  0.4311E+01  0.4332E+01  0.4371E+01  0.4433E+01
  0.4511E+01  0.4591E+01  0.4658E+01  0.4705E+01  0.4740E+01  0.4765E+01
  0.4781E+01  0.4780E+01  0.4753E+01  0.4781E+01  0.4830E+01  0.4247E+01
  0.4440E+01  0.4439E+01  0.4439E+01  0.4438E+01  0.4437E+01  0.4437E+01
  0.4436E+01  0.4435E+01  0.4434E+01  0.4433E+01  0.4432E+01  0.4430E+01
  0.4429E+01  0.4428E+01  0.4426E+01  0.4425E+01  0.4423E+01  0.4422E+01
  0.4420E+01  0.4418E+01  0.4416E+01  0.4414E+01  0.4412E+01  0.4409E+01
  0.4407E+01  0.4404E+01  0.4401E+01  0.4398E+01  0.4395E+01  0.4392E+01
  0.4389E+01  0.4385E+01  0.4382E+01  0.4378E+01  0.4374E+01  0.4370E+01
  0.4366E+01  0.4361E+01  0.4357E+01  0.4352E+01  0.4348E+01  0.4343E+01
  0.4338E+01  0.4334E+01  0.4329E+01  0.4324E+01  0.4320E+01  0.4316E+01
  0.4312E+01  0.4308E+01  0.4304E+01  0.4302E+01  0.4300E+01  0.4299E+01
  0.4302E+01  0.4311E+01  0.4332E+01  0.4372E+01  0.4433E+01  0.4512E+01
  0.4592E+01  0.4658E+01  0.4706E+01  0.4740E+01  0.4765E+01  0.4781E+01
  0.4780E+01  0.4753E+01  0.4781E+01  0.4831E+01  0.4247E+01  0.4440E+01
  0.4439E+01  0.4439E+01  0.4438E+01  0.4437E+01  0.4437E+01  0.4436E+01
  0.4435E+01  0.4434E+01  0.4433E+01  0.4432E+01  0.4430E+01  0.4429E+01
  0.4428E+01  0.4426E+01  0.4425E+01  0.4423E+01  0.4422E+01  0.4420E+01
  0.4418E+01  0.4416E+01  0.4414E+01  0.4412E+01  0.4409E+01  0.4407E+01
  0.4404E+01  0.4401E+01  0.4398E+01  0.4395E+01  0.4392E+01  0.4389E+01
  0.4385E+01  0.4382E+01  0.4378E+01  0.4374E+01  0.4370E+01  0.4365E+01
  0.4361E+01  0.4357E+01  0.4352E+01  0.4348E+01  0.4343E+01  0.4338E+01
  0.4334E+01  0.4329E+01  0.4324E+01  0.4320E+01  0.4316E+01  0.4312E+01
  0.4308E+01  0.4304E+01  0.4302E+01  0.4300E+01  0.4299E+01  0.4302E+01
  0.4311E+01  0.4332E+01  0.4372E+01  0.4434E+01  0.4513E+01  0.4593E+01
  0.4659E+01  0.4706E+01  0.4740E+01  0.4766E+01  0.4781E+01  0.4780E+01
  0.4753E+01  0.4781E+01  0.4831E+01  0.4249E+01  0.4440E+01  0.4439E+01
  0.4439E+01  0.4438E+01  0.4437E+01  0.4437E+01  0.4436E+01  0.4435E+01
  0.4434E+01  0.4433E+01  0.4432E+01  0.4430E+01  0.4429E+01  0.4428E+01
  0.4426E+01  0.4425E+01  0.4423E+01  0.4422E+01  0.4420E+01  0.4418E+01
  0.4416E+01  0.4414E+01  0.4412E+01  0.4409E+01  0.4407E+01  0.4404E+01
  0.4401E+01  0.4398E+01  0.4395E+01  0.4392E+01  0.4389E+01  0.4385E+01
  0.4382E+01  0.4378E+01  0.4374E+01  0.4370E+01  0.4365E+01  0.4361E+01
  0.4357E+01  0.4352E+01  0.4348E+01  0.4343E+01  0.4338E+01  0.4334E+01
  0.4329E+01  0.4324E+01  0.4320E+01  0.4316E+01  0.4312E+01  0.4308E+01
  0.4304E+01  0.4302E+01  0.4300E+01  0.4299E+01  0.4302E+01  0.4312E+01
  0.4333E+01  0.4373E+01  0.4435E+01  0.4514E+01  0.4594E+01  0.4659E+01
  0.4707E+01  0.4741E+01  0.4766E+01  0.4782E+01  0.4781E+01  0.4754E+01
  0.4782E+01  0.4832E+01  0.4252E+01  0.4440E+01  0.4439E+01  0.4439E+01
  0.4438E+01  0.4437E+01  0.4437E+01  0.4436E+01  0.4435E+01  0.4434E+01
  0.4433E+01  0.4432E+01  0.4430E+01  0.4429E+01  0.4428E+01  0.4426E+01
  0.4425E+01  0.4423E+01  0.4422E+01  0.4420E+01  0.4418E+01  0.4416E+01
  0.4414E+01  0.4412E+01  0.4409E+01  0.4407E+01  0.4404E+01  0.4401E+01
  0.4398E+01  0.4395E+01  0.4392E+01  0.4389E+01  0.4385E+01  0.4381E+01
  0.4378E+01  0.4374E+01  0.4370E+01  0.4365E+01  0.4361E+01  0.4357E+01
  0.4352E+01  0.4348E+01  0.4343E+01  0.4338E+01  0.4334E+01  0.4329E+01
  0.4324E+01  0.4320E+01  0.4316E+01  0.4312E+01  0.4308E+01  0.4305E+01
  0.4302E+01  0.4300E+01  0.4300E+01  0.4303E+01  0.4312E+01  0.4334E+01
  0.4374E+01  0.4436E+01  0.4514E+01  0.4594E+01  0.4660E+01  0.4707E+01
  0.4742E+01  0.4767E+01  0.4783E+01  0.4782E+01  0.4755E+01  0.4784E+01
  0.4834E+01  0.4257E+01  0.4440E+01  0.4439E+01  0.4439E+01  0.4438E+01
  0.4437E+01  0.4437E+01  0.4436E+01  0.4435E+01  0.4434E+01  0.4433E+01
  0.4432E+01  0.4430E+01  0.4429E+01  0.4428E+01  0.4426E+01  0.4425E+01
  0.4423E+01  0.4422E+01  0.4420E+01  0.4418E+01  0.4416E+01  0.4414E+01
  0.4412E+01  0.4409E+01  0.4407E+01  0.4404E+01  0.4401E+01  0.4398E+01
  0.4395E+01  0.4392E+01  0.4389E+01  0.4385E+01  0.4381E+01  0.4378E+01
  0.4374E+01  0.4370E+01  0.4365E+01  0.4361E+01  0.4357E+01  0.4352E+01
  0.4348E+01  0.4343E+01  0.4339E+01  0.4334E+01  0.4329E+01  0.4325E+01
  0.4321E+01  0.4316E+01  0.4313E+01  0.4309E+01  0.4306E+01  0.4303E+01
  0.4301E+01  0.4301E+01  0.4304E+01  0.4313E+01  0.4334E+01  0.4372E+01
  0.4433E+01  0.4511E+01  0.4592E+01  0.4659E+01  0.4707E+01  0.4742E+01
  0.4769E+01  0.4784E+01  0.4783E+01  0.4757E+01  0.4785E+01  0.4835E+01
  0.4263E+01  0.4440E+01  0.4439E+01  0.4439E+01  0.4438E+01  0.4437E+01
  0.4437E+01  0.4436E+01  0.4435E+01  0.4434E+01  0.4433E+01  0.4432E+01
  0.4430E+01  0.4429E+01  0.4428E+01  0.4426E+01  0.4425E+01  0.4423E+01
  0.4422E+01  0.4420E+01  0.4418E+01  0.4416E+01  0.4414E+01  0.4412E+01
  0.4409E+01  0.4407E+01  0.4404E+01  0.4401E+01  0.4398E+01  0.4395E+01
  0.4392E+01  0.4389E+01  0.4385E+01  0.4382E+01  0.4378E+01  0.4374E+01
  0.4370E+01  0.4366E+01  0.4362E+01  0.4357E+01  0.4353E+01  0.4348E+01
  0.4344E+01  0.4339E+01  0.4335E+01  0.4330E+01  0.4326E+01  0.4322E+01
  0.4318E+01  0.4314E+01  0.4310E+01  0.4307E+01  0.4305E+01  0.4303E+01
  0.4303E+01  0.4305E+01  0.4313E+01  0.4332E+01  0.4368E+01  0.4426E+01
  0.4503E+01  0.4585E+01  0.4654E+01  0.4705E+01  0.4742E+01  0.4769E+01
  0.4785E+01  0.4784E+01  0.4758E+01  0.4786E+01  0.4836E+01  0.4275E+01
  0.4440E+01  0.4439E+01  0.4439E+01  0.4438E+01  0.4437E+01  0.4437E+01
  0.4436E+01  0.4435E+01  0.4434E+01  0.4433E+01  0.4432E+01  0.4430E+01
  0.4429E+01  0.4428E+01  0.4426E+01  0.4425E+01  0.4423E+01  0.4422E+01
  0.4420E+01  0.4418E+01  0.4416E+01  0.4414E+01  0.4412E+01  0.4409E+01
  0.4407E+01  0.4404E+01  0.4401E+01  0.4399E+01  0.4396E+01  0.4392E+01
  0.4389E+01  0.4386E+01  0.4382E+01  0.4378E+01  0.4374E+01  0.4370E+01
  0.4366E+01  0.4362E+01  0.4358E+01  0.4354E+01  0.4349E+01  0.4345E+01
  0.4340E+01  0.4336E+01  0.4331E+01  0.4327E+01  0.4323E+01  0.4319E+01
  0.4315E+01  0.4312E+01  0.4309E+01  0.4306E+01  0.4305E+01  0.4304E+01
  0.4306E+01  0.4313E+01  0.4329E+01  0.4360E+01  0.4414E+01  0.4489E+01
  0.4571E+01  0.4645E+01  0.4700E+01  0.4739E+01  0.4768E+01  0.4784E+01
  0.4784E+01  0.4757E+01  0.4785E+01  0.4834E+01  0.4286E+01  0.4440E+01
  0.4439E+01  0.4439E+01  0.4438E+01  0.4437E+01  0.4437E+01  0.4436E+01
  0.4435E+01  0.4434E+01  0.4433E+01  0.4432E+01  0.4430E+01  0.4429E+01
  0.4428E+01  0.4427E+01  0.4425E+01  0.4423E+01  0.4422E+01  0.4420E+01
  0.4418E+01  0.4416E+01  0.4414E+01  0.4412E+01  0.4410E+01  0.4407E+01
  0.4404E+01  0.4402E+01  0.4399E+01  0.4396E+01  0.4393E+01  0.4390E+01
  0.4386E+01  0.4383E+01  0.4379E+01  0.4375E+01  0.4371E+01  0.4367E+01
  0.4363E+01  0.4359E+01  0.4354E+01  0.4350E+01  0.4346E+01  0.4341E+01
  0.4337E+01  0.4332E+01  0.4328E+01  0.4324E+01  0.4320E+01  0.4317E+01
  0.4313E+01  0.4310E+01  0.4308E+01  0.4306E+01  0.4305E+01  0.4306E+01
  0.4311E+01  0.4322E+01  0.4347E+01  0.4392E+01  0.4461E+01  0.4544E+01
  0.4624E+01  0.4688E+01  0.4734E+01  0.4766E+01  0.4784E+01  0.4785E+01
  0.4758E+01  0.4784E+01  0.4833E+01  0.4298E+01  0.4440E+01  0.4439E+01
  0.4439E+01  0.4438E+01  0.4437E+01  0.4437E+01  0.4436E+01  0.4435E+01
  0.4434E+01  0.4433E+01  0.4432E+01  0.4431E+01  0.4429E+01  0.4428E+01
  0.4427E+01  0.4425E+01  0.4424E+01  0.4422E+01  0.4420E+01  0.4418E+01
  0.4416E+01  0.4414E+01  0.4412E+01  0.4410E+01  0.4407E+01  0.4405E+01
  0.4402E+01  0.4399E+01  0.4396E+01  0.4393E+01  0.4390E+01  0.4387E+01
  0.4383E+01  0.4379E+01  0.4376E+01  0.4372E+01  0.4368E+01  0.4363E+01
  0.4359E+01  0.4355E+01  0.4351E+01  0.4346E+01  0.4342E+01  0.4337E+01
  0.4333E+01  0.4329E+01  0.4325E+01  0.4321E+01  0.4318E+01  0.4314E+01
  0.4311E+01  0.4309E+01  0.4307E+01  0.4306E+01  0.4306E+01  0.4308E+01
  0.4314E+01  0.4328E+01  0.4357E+01  0.4409E+01  0.4486E+01  0.4575E+01
  0.4658E+01  0.4722E+01  0.4766E+01  0.4791E+01  0.4793E+01  0.4767E+01
  0.4792E+01  0.4842E+01  0.4370E+01  0.4440E+01  0.4439E+01  0.4439E+01
  0.4438E+01  0.4437E+01  0.4437E+01  0.4436E+01  0.4435E+01  0.4434E+01
  0.4433E+01  0.4432E+01  0.4431E+01  0.4429E+01  0.4428E+01  0.4427E+01
  0.4425E+01  0.4424E+01  0.4422E+01  0.4420E+01  0.4418E+01  0.4416E+01
  0.4414E+01  0.4412E+01  0.4410E+01  0.4407E+01  0.4405E+01  0.4402E+01
  0.4399E+01  0.4396E+01  0.4393E+01  0.4390E+01  0.4386E+01  0.4383E+01
  0.4379E+01  0.4375E+01  0.4371E+01  0.4367E+01  0.4363E+01  0.4359E+01
  0.4354E+01  0.4350E+01  0.4345E+01  0.4341E+01  0.4336E+01  0.4332E+01
  0.4328E+01  0.4323E+01  0.4319E+01  0.4316E+01  0.4312E+01  0.4309E+01
  0.4306E+01  0.4304E+01  0.4303E+01  0.4302E+01  0.4303E+01  0.4305E+01
  0.4310E+01  0.4322E+01  0.4349E+01  0.4401E+01  0.4483E+01  0.4582E+01
  0.4678E+01  0.4752E+01  0.4798E+01  0.4812E+01  0.4792E+01  0.4826E+01
  0.4916E+01  0.5085E+01  0.4440E+01  0.4439E+01  0.4439E+01  0.4438E+01
  0.4437E+01  0.4436E+01  0.4436E+01  0.4435E+01  0.4434E+01  0.4432E+01
  0.4431E+01  0.4430E+01  0.4429E+01  0.4427E+01  0.4426E+01  0.4424E+01
  0.4423E+01  0.4421E+01  0.4419E+01  0.4417E+01  0.4415E+01  0.4413E+01
  0.4410E+01  0.4408E+01  0.4405E+01  0.4403E+01  0.4400E+01  0.4397E+01
  0.4393E+01  0.4390E+01  0.4386E+01  0.4383E+01  0.4379E+01  0.4375E+01
  0.4370E+01  0.4366E+01  0.4361E+01  0.4357E+01  0.4352E+01  0.4347E+01
  0.4342E+01  0.4337E+01  0.4331E+01  0.4326E+01  0.4321E+01  0.4316E+01
  0.4310E+01  0.4305E+01  0.4300E+01  0.4295E+01  0.4291E+01  0.4286E+01
  0.4283E+01  0.4279E+01  0.4276E+01  0.4274E+01  0.4273E+01  0.4272E+01
  0.4274E+01  0.4280E+01  0.4298E+01  0.4342E+01  0.4425E+01  0.4544E+01
  0.4670E+01  0.4768E+01  0.4814E+01  0.4799E+01  0.4778E+01  0.4778E+01
  0.4009E+01
